2970   1
2966   1
3038   1
3021   1
3152   1
2953   1
2938   1
2946   1
2983   1
2978   1
2985   1
2995   1
2971   1
3149   1
2974   2
2979   2
2973   2
3147   2
3126   2
2982   2
2969   2
2976   2
3032   2
2988   2
2945   2
2975   2
1062   3
1057   3
2933   3
2998   3
3020   3
3030   3
3158   3
2930   3
3154   3
2926   3
3120   3
2990   3
3146   4
3321   4
1055   4
2948   4
3036   4
3028   4
3320   4
3033   4
3159   4
2954   4
3322   4
3130   4
1058   5
3042   5
2964   5
2996   5
2984   5
3122   5
3324   5
2959   5
3000   5
3013   5
3449   5
3022   5
1050   6
3027   6
2963   6
3114   6
3002   6
3134   6
2947   6
3007   6
2499   6
1059   6
1049   6
2925   6
2929   7
2987   7
3133   7
2997   7
3004   7
2968   7
2992   7
2928   7
2944   7
2492   7
3323   7
2972   7
3024   8
2981   8
3006   8
3096   8
3127   8
3116   8
3138   8
1064   8
3325   8
2999   8
3450   8
1046   8
2927   8
2934   8
