3000 5769.3125 5966.711426
2996 5752.768066 5952.22168
3013 5796.037598 5995.69043
2982 5649.259766 5943.305176
3022 5833.368652 6017.610352
2983 5647.987305 5967.454102
2975 5664.53125 5891.291504
3032 5903.788086 6069.995605
2979 5572.477051 5974.513184
2998 5723.921387 5997.17627
2987 5642.04834 6000.148438
2969 5691.681152 5858.96875
3021 5938.998047 6039.530273
3030 5831.247559 6089.314941
2974 5524.541016 5966.339844
3020 5794.34082 6065.908691
2992 5635.685059 6030.61377
2966 5706.528809 5849.309082
3038 6012.387207 6093.030273
2995 5847.367676 5973.398926
2971 5497.391113 5964.481934
2953 5592.839355 5809.555664
2970 5727.314941 5835.190918
3152 6068.383301 6133.897949
3321 6073.897949 6040.273438
2973 5483.39209 5969.312012
2946 5563.144043 5798.78125
2959 5603.444824 5783.548828
2978 5781.19043 5798.409668
3149 6111.65332 6165.477539
3158 6043.354492 6178.109863
3320 6087.048828 6017.610352
3323 6011.962891 5997.17627
2976 5466.847656 5985.65918
2938 5502.057617 5776.118164
2963 5663.258789 5748.99707
2985 5838.883301 5759.770996
2997 5865.608887 5895.749512
3147 6120.561523 6188.883789
3154 6031.052246 6236.067871
3322 6092.987793 5990.48877
1062 5415.09375 6059.592773
2933 5546.175781 5750.111328
2945 5451.151855 5805.840332
2968 5687.863281 5781.691406
2988 5853.306641 5749.739746
3028 5964.875 5906.523926
3126 6141.348145 6390.250977
3146 5964.875 6327.463379
3042 6092.987793 5966.711426
1057 5396.428223 6067.023438
2930 5568.65918 5730.42041
2948 5444.788574 5795.809082
2954 5424.001953 5836.677246
3002 5820.218262 5694.01123
2990 5883.001953 5729.306152
3033 5979.29834 5910.239258
3120 6170.194824 6400.282227
3130 6112.925781 6380.219727
3159 5821.066406 6275.078125
3133 6080.26123 6369.074219
3036 6086.624512 5886.461426
1058 5394.731445 6060.335938
1055 5401.942871 6082.255859
2926 5588.172852 5692.15332
2947 5406.185059 5732.27832
2499 5340.007812 5769.059082
2964 5364.187988 5913.583008
3004 5826.581055 5679.521484
3027 5978.025879 5854.138672
2984 5921.605469 5702.927734
3114 6170.194824 6354.956055
3122 6177.830566 6403.254395
3134 6096.805664 6412.171387
3324 5526.237793 6173.279785
3007 6078.564453 5775.003906
3449 5371.82373 6037.30127
1059 5417.214844 6107.519531
1049 5389.216309 6096.374023
2925 5580.961426 5656.115234
2929 5626.776367 5692.15332
2928 5552.963379 5686.952148
2944 5416.366211 5726.705078
2492 5321.342285 5779.090332
1050 5302.252441 5999.03418
2972 5324.73584 5888.319336
3024 6005.175293 5850.42334
2981 5953.845703 5681.378906
3006 6002.206055 5783.548828
3096 6255.037598 6264.303711
3127 6163.407227 6428.518555
3116 6249.522949 6427.775391
3138 6091.291016 6462.69873
1064 5508.42041 6166.963867
3325 5596.23291 6101.946777
2999 6058.202148 5749.739746
3450 5433.758789 6118.293945
1046 5387.943848 6100.832031
2927 5569.507324 5618.219727
2934 5663.258789 5679.521484
2942 5417.214844 5719.646484
2488 5306.918945 5793.580078
1036 5252.195312 6061.079102
2457 5190.684082 5937.36084
2980 5354.006836 5821.444336
3019 5987.782715 5832.21875
2965 5905.90918 5580.695312
2986 6008.569336 5704.413574
3011 6006.448242 5796.180664
3089 6263.521973 6215.262207
3141 6148.983887 6571.927246
3111 6290.247559 6441.893066
3123 6237.220703 6460.841309
3155 5917.363281 6392.480469
3150 6076.019043 6589.38916
1045 5468.120117 6237.182129
3451 5475.332031 6145.415527
2993 6035.294434 5727.819824
1033 5365.460449 6179.224121
1027 5239.46875 6086.714355
2931 5552.963379 5579.581055
2937 5687.863281 5661.687988
2955 5422.729492 5669.490234
2485 5292.495605 5809.927246
2453 5180.079102 5916.926758
2470 5147.838867 5997.17627
3015 6000.084961 5810.67041
2943 5757.43457 5636.052734
2989 6073.897949 5517.907715
3010 6106.138184 5727.448242
3104 6188.436035 6148.016113
3081 6342.001465 6140.585449
3101 6321.214844 6378.362305
3115 6323.335938 6453.039062
3131 6223.22168 6515.083984
3307 5589.021484 6260.216797
3160 5902.939941 6429.26123
3156 6081.109863 6667.78125
3157 6000.084961 6548.521484
3312 5611.080566 6298.484375
1025 5424.001953 6312.973633
1018 5301.404297 6174.022949
1001 5333.220215 6291.796875
1022 5231.408691 6108.634277
1052 5125.779297 6056.992188
2939 5637.806152 5545.028809
2932 5548.721191 5570.664062
2961 5432.910645 5627.879395
2477 5278.072266 5840.763672
2469 5257.285645 5882.375
2446 5169.049316 5896.864258
2468 5106.689941 5989.746094
2949 5699.741211 5516.421387
3001 6132.439453 5495.987305
3005 6086.200195 5599.271973
3017 6095.957031 5761.628906
3016 6132.439453 5732.649902
3090 6252.916504 6055.505859
3077 6372.544922 6170.679199
3084 6344.122559 6269.876465
3129 6406.057617 6482.018066
3142 6338.60791 6560.410156
3135 6216.434082 6555.208984
3166 5962.32959 6456.01123
3162 5882.15332 6419.973145
3163 6087.048828 6733.169922
3161 5987.782715 6542.577148
3311 5701.862305 6340.466797
1024 5420.184082 6325.977051
1015 5374.369141 6293.282715
988 5284.859863 6291.425293
1006 5227.166504 6168.450195
998 5324.73584 6291.425293
1013 5227.166504 6152.103027
3313 5119.416504 6129.811035
1061 5087.600098 6047.33252
2935 5518.601562 5543.542969
2936 5527.93457 5527.567383
2940 5497.81543 5503.789551
2456 5197.47168 5877.544922
2445 5165.655762 5899.093262
2458 5122.385742 5942.19043
2951 5703.983398 5514.192383
3026 6237.220703 5456.605957
3023 6196.496094 5563.233887
3034 6103.593262 5832.21875
3029 6193.102051 5745.281738
3031 6194.375 5595.928223
3093 6234.250977 6037.30127
3073 6438.297852 6129.068359
3078 6388.240723 6186.283203
3086 6366.181641 6278.793457
3082 6354.303711 6222.692871
466 6568.531738 6539.604492
3102 6545.200195 6338.980469
3137 6216.434082 6570.069824
3169 5974.631836 6461.583984
3171 5953.845703 6472.358398
3177 5796.88623 6382.077637
3172 5845.246582 6480.160645
3168 6090.442383 6765.864258
3170 6052.263184 6737.256836
3176 5893.183105 6497.62207
3165 5954.693848 6596.819824
3310 5625.927734 6396.566895
1014 5403.639648 6377.247559
973 5227.166504 6291.425293
974 5227.166504 6279.907715
1002 5324.73584 6316.317383
1038 5115.598145 6155.817871
1048 5059.602051 6143.186035
2941 5497.81543 5479.640137
2950 5436.728516 5477.411133
2465 5228.439453 5832.21875
2435 5138.081543 5842.993164
2451 5149.111328 5911.354004
2960 5753.616211 5487.070801
3037 6266.066895 5447.317383
3025 6194.375 5577.723145
3041 6150.256836 5863.426758
3039 6110.380371 5873.82959
3035 6211.767578 5755.68457
3106 6184.618164 5995.69043
3071 6469.265625 6106.776855
3094 6510.838867 6305.171875
3099 6423.875 6329.320801
451 6636.830078 6563.382324
3175 6428.116699 6699.732422
3100 6537.140137 6331.178711
429 6769.185059 6561.15332
3144 6291.52002 6599.048828
3139 6216.434082 6614.652832
3174 5966.571777 6479.789062
3308 5758.282715 6448.952148
3181 6098.502441 6845.742188
3178 5999.660645 6735.027344
3173 5927.968262 6609.45166
1005 5398.973633 6404.740723
966 5227.166504 6347.525879
997 5130.445801 6292.168457
992 5333.220215 6352.355469
2952 5456.242188 5439.887207
2957 5417.214844 5511.220215
2956 5452.424316 5449.918457
2425 5056.632812 5704.413574
2442 5176.685059 5817.729004
2967 5755.737305 5401.619629
3194 6371.696289 5434.313965
3125 6179.103027 5828.131836
3132 6409.45166 6038.787109
3113 6139.227051 5946.277344
3040 6239.341797 5712.21582
3105 6294.489258 5801.010742
3109 6155.771484 5969.683594
3074 6529.080078 6158.047363
3070 6472.235352 6101.946777
3112 6409.45166 6386.907227
425 6750.519531 6608.708496
3164 6405.209473 6740.229004
3179 6452.721191 6714.222168
3092 6577.016113 6298.484375
416 6841.30127 6635.458496
3145 6220.67627 6656.26416
3309 5739.617188 6497.62207
3336 6046.748535 6827.166016
3341 6121.410156 7063.084961
4693 5958.087402 6720.909668
3180 5875.365723 6613.538574
996 5394.307129 6428.518555
1023 5471.51416 6433.719727
960 5216.561523 6396.566895
1007 5126.62793 6321.147461
990 5331.099121 6363.129883
2958 5429.516602 5423.168457
2426 5042.209473 5679.521484
2419 4969.244629 5730.42041
2459 5226.318359 5756.427246
2977 5820.218262 5402.734375
2991 5570.355957 5433.571289
3197 6392.058594 5546.515137
3192 6517.625977 5416.109375
3121 6195.647461 5817.35791
3117 6470.114258 5968.197266
3317 6271.582031 5704.041992
3095 6350.061523 5820.70166
3068 6529.080078 6018.725098
452 6677.979004 6711.25
421 6764.942871 6614.28125
3167 6397.149414 6754.34668
3151 6279.217773 6687.84375
468 6607.55957 6775.895508
3083 6624.527832 6235.324707
405 6870.147949 6662.580078
3148 6226.190918 6691.559082
1060 5706.952637 6574.899902
3334 5851.185547 6756.20459
3337 5934.755859 6986.922363
3342 6134.136719 7190.146973
3340 6099.775391 7063.084961
3185 5908.45459 6552.236816
3182 5859.669922 6612.423828
991 5389.216309 6456.01123
987 5341.280273 6404.740723
1042 5531.752441 6470.129395
956 5204.259277 6425.546387
1011 5127.476562 6334.150879
979 5318.796875 6396.938477
981 5323.039062 6398.053223
1012 5256.861816 6357.928223
2962 5395.57959 5413.508789
2429 4998.09082 5603.72998
2428 5103.296387 5652.399902
2415 4934.883301 5740.45166
2424 4994.272949 5794.323242
2460 5273.830078 5685.837402
2994 5566.11377 5440.629883
3193 6599.499512 5407.564453
3195 6524.413574 5578.466309
3190 6515.504883 5240.377441
3118 6218.555176 5813.642578
3108 6420.480957 5924.729004
3314 6322.063477 5691.038574
3318 6269.460938 5669.861816
3088 6389.513184 5839.649414
3067 6526.534668 5998.662598
3069 6556.229492 6029.127441
2924 6906.630371 6772.92334
461 6665.676758 6723.881836
413 6843.422363 6657.75
464 6591.015137 6807.103516
3330 6611.801758 6767.350098
3080 6663.555664 6171.793945
401 6890.93457 6691.930664
2812 6239.341797 6767.350098
3186 5796.88623 6601.277832
1051 5692.105469 6609.823242
3335 5878.759766 6716.451172
3333 5788.401855 6733.169922
3338 5880.880859 6963.516113
3339 6078.98877 7058.998535
3343 6143.469238 7294.545898
3184 5846.519531 6612.052246
986 5382.853027 6467.157227
952 5172.442871 6489.820312
1029 5057.480957 6321.519043
1016 5128.749023 6346.411133
975 5306.494629 6401.396973
2498 5340.855957 5408.307129
2427 4913.672363 5641.625977
2430 4988.758301 5593.69873
2431 5134.263672 5636.052734
2404 4903.915527 5793.95166
2490 5350.612793 5549.858887
2444 5209.349609 5656.858398
3003 5544.054688 5482.983887
3014 5491.876465 5406.449707
3198 6784.880859 5409.421875
3196 6567.683594 5657.973145
3189 6383.998535 5260.811523
3191 6678.827637 5213.255859
3097 6352.182617 5879.402344
3315 6330.123535 5688.80957
3319 6232.129883 5650.170898
3085 6401.81543 5845.965332
3075 6696.644531 6118.293945
3072 6609.680664 5947.020508
417 6781.487305 6885.124023
3329 6543.927246 6895.898438
3098 6806.091797 6275.078125
397 6928.689453 6726.854004
3066 6302.125488 6784.44043
2775 6269.885254 6917.818359
3187 5818.097168 6605.736328
3188 5834.217285 6535.889648
984 5415.09375 6626.913574
3332 5684.04541 6669.638672
3331 5681.924316 6687.84375
3344 6135.40918 7325.382812
972 5356.12793 6513.969238
1019 5495.27002 6523.257324
950 5144.020508 6547.406738
957 5244.983887 6529.57373
1031 5051.541992 6327.091797
1026 5135.960449 6395.824219
969 5283.586914 6458.983398
2486 5282.73877 5403.477539
2423 4851.737305 5686.952148
2432 4982.819336 5586.640137
2437 5029.058594 5586.640137
2433 5141.475586 5624.907227
2393 4868.281738 5860.45459
2413 4945.912598 5811.041992
2416 4816.527344 5759.399414
3327 5403.215332 5459.578125
2476 5300.131348 5494.873047
3008 5528.782715 5484.841797
3009 5535.145996 5495.616211
3018 5471.089844 5424.282715
3201 6873.117676 5412.022461
3199 6567.683594 5674.320312
3316 6336.486816 5692.15332
3079 6502.354492 5894.635254
3103 6467.993164 5756.798828
459 6862.087891 6237.553711
3076 6679.675781 5980.829102
410 6833.241211 6837.94043
3107 6775.124023 6309.629883
396 6932.083496 6724.253418
2794 6349.637207 6920.047363
2768 6278.369141 6958.686523
978 5400.246094 6618.739746
3345 6102.744629 7321.295898
3348 6106.138184 7449.472656
971 5350.188965 6523.257324
949 5110.083496 6617.996582
967 5328.129883 6555.208984
1035 5043.057617 6337.865723
1030 5127.900391 6399.539551
2482 5284.859863 5424.282715
2491 5281.466309 5367.811035
2480 5095.23584 5386.387207
2422 4837.313965 5697.726074
2434 4970.941406 5581.438477
2440 5052.390625 5569.921387
2438 5158.868164 5600.014648
2390 4880.583496 5866.770508
2394 4855.130859 5854.138672
2403 4966.274902 5863.055664
2406 4779.196777 5799.895996
2421 4820.769531 5734.135742
3326 5439.697754 5386.015625
3328 5308.615723 5418.338379
2467 5253.89209 5480.754883
3012 5528.782715 5499.331055
3205 6854.452148 5247.808105
3202 6906.630371 5413.137207
3200 6574.046387 5678.035156
3091 6595.257324 5773.88916
454 6866.330078 6229.380371
456 6862.087891 6260.216797
3087 6813.727539 6075.568359
391 6953.293945 6928.592773
412 7015.65332 6652.92041
382 7046.621094 6841.655762
2810 6366.605957 6979.120117
2806 6395.02832 6921.162109
2802 6341.152832 6892.183105
2762 6284.732422 6999.554199
964 5318.372559 6568.955078
993 5430.365234 6561.15332
3346 6056.929688 7297.146484
3349 6103.168945 7457.645996
948 4986.637207 6527.344238
953 5266.618652 6673.725586
951 5052.390625 6727.597168
1039 5038.81543 6357.928223
1043 5068.086426 6379.477051
2472 5274.678711 5460.692383
4863 5279.345215 5291.647949
4862 5175.412598 5367.811035
2483 5052.390625 5372.269043
2452 5079.540039 5532.396973
2495 5106.689941 5315.054199
2436 4960.335938 5576.237305
2441 5020.574219 5560.633301
2449 5194.078125 5547.629883
2389 4869.554199 5881.260254
2399 4936.155762 5875.6875
2392 4852.161133 5870.857422
2395 4991.303711 5926.958008
2414 4762.652344 5815.5
2464 5229.287598 5496.730469
3206 6864.633301 5225.888184
3203 6912.14502 5413.137207
3110 6705.552734 5828.503418
435 6917.660156 6182.196289
420 6969.414062 6366.473633
387 7006.745117 6966.488281
398 6882.874512 6997.325195
419 7063.165527 6705.305176
384 7220.124512 6479.045898
381 7054.256836 6848.714355
3056 6405.209473 6993.609863
3045 6382.726074 7033.363281
2818 6431.935059 6936.022949
2813 6361.939453 6850.572266
2776 6364.484863 7035.963867
2749 6299.155762 7089.091797
963 5300.131348 6595.333496
1010 5486.361328 6564.868652
3351 6027.234375 7351.389648
3347 6024.689453 7280.056641
3361 6106.986816 7651.58252
3367 5792.219727 7437.211914
947 4781.317383 6392.108887
1065 5835.06543 6662.580078
954 5259.831055 6683.013672
959 5158.868164 6773.294922
977 4942.094727 6949.026367
1041 5043.057617 6368.702637
4861 5185.169434 5293.877441
4864 5328.978027 5293.505859
2478 5051.117676 5398.275879
2489 5056.632812 5344.404785
2497 5062.147461 5309.109863
1657 5063.844238 5266.755859
4860 5153.353516 5294.620117
1763 4788.953613 5500.074219
2439 4954.821289 5544.286133
2447 5038.391602 5543.542969
2384 4883.977539 5948.87793
2409 4740.593262 5925.100098
2405 5068.510742 5897.979004
2420 4707.080078 5862.3125
3207 6883.298828 5193.564941
3204 7018.19873 5443.973633
3119 6750.943848 5785.777832
3124 6787.850586 5869.742676
408 7040.682129 6302.942383
440 6898.570312 6427.775391
392 6930.38623 7042.651367
373 7090.31543 6885.124023
418 6779.366211 7098.751465
424 7089.466797 6715.336426
364 7464.472168 6721.652344
388 7184.915039 6444.122559
3044 6399.270508 7039.679199
3058 6453.145508 6895.898438
3053 6523.141113 6972.061035
3065 6318.245605 6834.59668
3063 6390.786133 6794.47168
2760 6382.726074 7120.300293
2743 6299.155762 7125.129883
1017 5506.723633 6542.948242
3353 5988.630859 7331.327148
3354 5999.660645 7396.344238
3350 6004.327148 7269.282227
3352 5997.115234 7283.400391
3362 6108.259277 7705.08252
3363 6025.537598 7651.58252
3372 5766.76709 7501.486328
3378 5837.61084 7320.181152
833 4277.351074 6255.387207
1066 6245.70459 6631.371582
955 5254.316406 6690.072754
965 5138.930176 6815.277344
961 5164.807129 6769.951172
982 4931.489258 6969.460449
1003 5033.300781 6981.349609
995 4885.674316 6918.933105
4865 5326.856934 5336.974121
2466 5042.633301 5461.807129
2484 5024.816406 5394.561035
2493 5062.147461 5322.484863
2500 5055.359863 5301.679199
1653 5021.422852 5267.870605
4898 5136.384766 5259.325195
1642 5050.269531 5249.665527
1764 4792.771484 5497.102051
1759 4783.862793 5492.643555
2443 4945.064453 5528.681641
2454 5049.845215 5524.223633
2383 4896.279785 6003.492188
2400 4714.291992 5979.343262
2410 4707.080078 5925.100098
2407 5076.994629 5889.0625
2418 4700.716797 5871.600586
3209 6924.871582 5173.50293
3208 7106.435547 5463.664551
3128 6788.274902 5744.166992
3140 6910.872559 5947.39209
383 7013.532227 7121.414551
369 7163.704102 6958.686523
2781 6561.320312 7312.379395
428 6733.975098 7069.772461
433 7130.615723 6679.29834
426 7100.496094 6719.794922
372 7621.007324 6574.156738
360 7535.315918 6792.242676
406 7313.875977 6302.942383
3043 6390.786133 7058.255371
3046 6458.236328 7058.998535
3057 6498.112305 6912.245605
3059 6460.357422 6881.408691
3054 6564.289551 6958.686523
3052 6551.987305 6994.724121
3064 6343.273926 6778.124512
3061 6485.810059 6827.166016
2758 6380.180664 7136.647461
2739 6294.913574 7170.456055
3356 5972.935059 7323.524902
3355 5995.842773 7321.295898
3358 5946.633789 7368.851074
3364 6109.10791 7736.290527
3369 6021.719727 7722.915527
3368 6005.599609 7604.027344
3365 6020.871094 7663.843262
3383 5717.133789 7625.947266
3374 5805.370605 7515.232422
830 4099.181152 6256.873047
841 4278.199707 6163.248535
839 4279.896484 6323.748047
393 6741.187012 6674.46875
958 5230.13623 6720.909668
970 5130.445801 6641.774414
976 5217.409668 6841.655762
985 5090.145508 6920.418945
962 5216.137207 6739.114258
1044 4829.678223 7185.688965
1009 5057.905273 6990.266113
1034 4985.364746 7078.689453
999 4870.402344 6920.418945
1000 4882.70459 6899.985352
4866 5405.760742 5338.832031
2461 5055.359863 5487.442383
2479 4970.51709 5368.925781
2496 5007.423828 5291.276367
1640 5005.727051 5261.554688
4895 5167.776855 5259.325195
1658 5118.143555 5173.874512
1610 5030.755371 5149.725098
1777 4829.678223 5467.008301
1769 4788.529297 5482.612793
1746 4726.169922 5462.550293
1776 4736.774902 5592.212891
2448 4936.580078 5511.591797
2455 4910.278809 5508.990723
2386 4919.187012 6109.377441
2385 4822.041992 6012.40918
2387 5006.575195 5989.746094
2397 4710.897949 6005.350098
2411 5087.175781 5892.777344
3210 6941.416016 5148.23877
3211 7174.30957 5468.123047
3136 6823.484375 5691.781738
3143 6935.901367 5969.312012
368 7161.15918 7261.47998
374 7073.770996 7056.397461
367 7221.397461 7016.644531
407 6799.304199 7537.523926
2778 6547.745117 7325.382812
432 6708.946777 7062.713867
439 6754.761719 7018.873535
442 7178.127441 6740.229004
400 7860.263672 6347.896973
399 7375.387207 6357.928223
377 7674.882324 6620.96875
359 7614.644043 6866.919434
443 7155.644043 6161.762695
409 7321.936035 6310.001465
3048 6452.721191 7070.887207
3047 6461.205566 7051.567871
3060 6415.390625 6865.061523
3055 6595.257324 6967.603027
3049 6481.567871 7039.307617
463 6597.378418 7030.019531
3062 6502.354492 6796.329102
2753 6372.544922 7185.688965
2766 6434.904297 7152.994629
2736 6284.732422 7191.633301
3357 5979.722656 7313.493652
3359 5941.967285 7360.306152
3379 6109.10791 7899.762207
3387 5687.014648 7702.110352
3370 6000.509277 7589.537598
3380 5888.092285 7601.79834
3366 6000.509277 7672.016602
3385 5757.43457 7631.520508
3381 5786.705078 7561.67334
3377 5818.945312 7509.288086
829 3849.743408 6173.651367
890 4276.078613 5957.794434
857 4175.115723 6163.991699
853 4280.320801 6424.431641
847 4213.719238 6325.605469
366 7107.708008 6799.301758
968 5156.322754 6694.902832
980 5226.742676 6849.45752
1008 5161.837891 6946.797363
1876 4756.713379 7338.014648
1020 5106.689941 7008.099121
1040 4719.382324 6864.318848
1004 4885.674316 6886.23877
4867 5407.45752 5300.936035
2471 4965.850586 5398.275879
2487 4935.731445 5343.290039
1664 4995.545898 5288.304199
1617 4972.213867 5205.454102
4892 5193.653809 5259.696777
4893 5186.018066 5259.325195
1638 5153.777832 5164.214355
1612 5118.992188 5094.367676
1582 5008.271973 5035.294922
1785 4828.82959 5439.887207
1775 4806.770508 5467.008301
1744 4698.595703 5436.915039
1770 4725.745605 5609.303223
2450 4932.762207 5506.761719
2388 4832.223145 6058.478027
2391 4752.471191 6020.58252
2401 4682.05127 6032.471191
3212 7275.272461 5450.661133
3153 7045.348633 6010.922852
378 7041.106445 7354.361816
363 7335.086914 7126.987793
371 7134.85791 7096.150879
365 7248.546875 7044.508789
430 6694.523438 7617.402344
2809 6462.478027 7409.347656
2767 6495.566895 7299.004395
441 6680.94873 7089.091797
446 6655.495605 7046.737793
447 6733.975098 6997.325195
453 7209.095215 6775.152344
445 7191.27832 6737.999512
402 7864.505859 6337.123047
415 8127.094727 7005.870117
361 7699.0625 6947.168945
358 7503.075684 6940.481445
450 7486.955566 6149.130859
3050 6477.75 7024.446289
2759 6420.480957 7200.178223
2748 6369.999512 7203.521973
2745 6353.455078 7226.185059
2735 6282.611328 7195.720215
3360 5937.725586 7352.132324
3390 5871.972168 7895.675293
3388 6109.10791 8074.379395
3422 5307.767578 7358.44873
3371 5989.055176 7563.902344
3382 5773.130371 7593.996094
3375 5883.425781 7665.700684
3386 5759.555664 7649.725098
3376 5956.814941 7511.145996
831 3632.121582 5868.256836
917 4344.80127 5941.076172
902 4275.22998 5910.982422
878 4179.35791 6239.783203
892 4066.516846 6165.477539
854 4287.956543 6434.091309
855 4195.901855 6372.046387
983 5231.408691 6863.575684
1032 5242.01416 6994.724121
1870 4740.168945 7372.194824
1886 4846.222168 7368.479492
1896 4690.959961 7312.007812
1054 5041.36084 7142.220215
1028 5136.384766 7007.727539
1047 4677.80957 6840.169434
1037 4935.731445 6777.381348
2463 4956.09375 5459.206543
2474 4946.76123 5397.904785
2494 4967.123535 5323.228027
1665 4890.34082 5358.894531
1659 4988.758301 5283.103027
4960 4982.39502 5308.366699
1587 4901.794434 5089.537598
4877 5587.748535 5256.353027
4888 5246.680664 5230.346191
1663 5199.168457 5151.954102
1629 5237.771973 5020.805664
1594 5064.268555 4997.027832
1599 4951.851562 5069.847168
1570 4961.608398 4980.309082
1789 4828.82959 5414.251953
1736 4654.477539 5390.845703
1747 4727.866699 5401.619629
1756 4696.474609 5632.337402
2462 4903.066895 5464.036133
2396 4827.557129 6102.689941
2402 4710.049805 6095.259277
2412 4648.962891 6066.280273
3213 7422.475098 5407.936035
3183 7196.368652 5835.190918
362 7343.570801 7134.789551
376 7192.975098 7157.824219
2777 6529.928223 7261.47998
457 6624.952148 7069.772461
455 6638.951172 7124.015625
460 6672.040039 7004.383789
458 6696.644531 6986.550781
470 7271.878906 6665.552246
411 7905.654785 6344.182129
385 8028.676758 7245.132812
423 8208.967773 7027.418457
380 7993.467285 7213.181641
355 8185.211914 7679.075684
3051 6446.782227 7011.814453
2729 6266.066895 7243.275391
3396 5777.796875 7893.817871
3392 5871.972168 7949.918457
3395 6109.10791 8214.816406
3389 6073.049805 8072.521973
4678 5130.870117 7198.320801
3428 5297.162109 7420.493164
3373 5970.389648 7523.40625
3384 5771.009277 7659.756348
803 3522.25 5540.570801
832 3638.060547 5911.354004
837 3529.037354 5838.534668
836 3732.236084 5863.426758
4945 4422.008301 5922.12793
4952 4336.316895 5861.197754
935 4208.204102 5911.725586
925 4275.22998 5866.770508
858 4283.714355 6451.924316
941 4520.850098 6381.334473
879 4172.570312 6456.01123
865 4159.419434 6369.817383
989 5233.529785 6881.780273
1056 5340.855957 7041.165039
1835 4665.507324 7523.034668
1867 4919.187012 7394.115234
1836 4743.138184 7575.791504
4840 4644.296387 7294.174316
4833 4723.200195 7250.334473
4681 5013.362793 7200.178223
4676 5124.506836 7168.970215
1053 5229.711914 7076.459961
1063 4985.364746 6657.75
2481 4926.823242 5396.790039
2475 4891.613281 5382.671875
1654 4891.613281 5338.088867
1655 4980.698242 5288.304199
1588 4864.887695 5105.14209
1571 4856.40332 5021.176758
4879 5599.626465 5260.811523
4874 5547.023926 5241.120605
4884 5340.431641 5193.936523
1674 5296.737793 5060.558594
4979 5177.109375 5115.916016
1633 5241.589844 5011.145996
1649 5258.134277 5050.15625
1628 5233.105469 5019.319336
1590 5075.297852 4977.708496
1561 4889.067871 4894.85791
1576 4989.182617 4969.163086
1579 4907.309082 5010.774414
2473 4887.79541 5395.675293
1784 4834.768555 5401.991211
1762 4532.303711 5272.328613
1728 4574.725098 5452.519043
1743 4687.566406 5359.265625
1750 4750.350098 5403.849121
1751 4743.138184 5374.870117
1754 4652.780762 5666.518066
1733 4542.061035 5478.154297
2398 4824.163086 6132.783691
2408 4691.808594 6127.210449
2417 4620.116211 6095.259277
3214 7434.353027 5404.220703
3215 7405.930664 5367.811035
370 7529.80127 7319.438477
2792 6573.198242 7214.667969
2786 6494.71875 7239.931641
462 6632.164062 7134.789551
2923 7224.366699 6622.083496
414 7913.714844 6337.123047
394 8146.184082 7283.400391
427 8213.209961 7047.480957
389 7914.987305 7265.938477
354 8556.823242 8096.670898
356 8244.601562 7187.174805
375 7626.946289 9199.361328
2724 6255.885742 7303.091309
3404 5777.796875 7948.060547
3397 5768.039551 7893.817871
3400 5894.879883 8002.674805
3398 6109.10791 8243.423828
3410 6008.14502 8214.816406
3391 6046.324219 8085.525391
4677 5126.62793 7194.233887
4679 5090.145508 7236.587891
3432 5267.466797 7466.5625
731 3506.978271 5261.183105
834 3631.272949 5936.989258
838 3528.188965 5813.270996
845 3446.315674 5822.559082
846 3742.417236 5959.652344
840 3781.869141 5861.569336
4946 4480.125488 5908.381836
4947 4405.888184 5854.510254
4978 4206.931641 5798.78125
5637 4209.052734 5978.97168
5639 4133.54248 5913.211426
4977 4274.806152 5804.725586
863 4282.017578 6468.271484
867 4258.685547 6447.837891
4717 4774.95459 6431.862305
5636 4554.787109 6435.206055
885 4154.329102 6457.497559
876 4120.39209 6375.761719
994 5242.862793 6893.669434
1831 4653.205078 7547.183594
1854 4564.120117 7485.510254
1908 5054.935547 7441.298828
1849 4885.674316 7462.847168
1891 4962.457031 7304.205566
1814 4673.991211 7720.686523
1825 4818.648438 7601.055176
4839 4679.506348 7236.587891
1887 4614.601562 7365.507324
4834 4725.321289 7234.358887
4680 5074.025391 7234.358887
4675 5129.597656 7164.140137
4712 4985.364746 6606.10791
1791 4844.949707 5380.071289
1651 4887.371094 5331.029785
1623 4875.068848 5270.842773
1577 4856.827637 5050.15625
1580 4803.376953 5122.231934
1569 4781.317383 5037.895508
1567 4851.312988 4983.652832
4885 5663.683105 5265.641113
4872 5499.512207 5213.255859
4882 5368.854004 5180.19043
4886 5338.734863 5072.076172
4883 5383.277344 5042.725586
1583 5032.452148 4968.048828
1585 5075.297852 4963.21875
1559 4866.160645 4880.368652
1772 4811.437012 5369.668457
1768 4521.274414 5257.839355
1725 4526.364746 5403.849121
1669 4704.534668 5342.918945
1752 4761.379395 5400.133789
1757 4766.470215 5367.439453
1667 4752.89502 5355.179199
1732 4498.791016 5511.591797
1779 4595.087402 5711.472656
3217 7529.376953 5379.699707
3216 7397.870605 5326.571777
386 7659.186523 7446.128906
2801 6544.351562 7192.748047
471 6599.075195 7186.803223
467 6585.924805 7115.098633
3279 8205.574219 6085.228027
437 8273.873047 7054.540039
357 8290.416992 6753.232422
2716 6268.187988 7426.80957
3409 5832.944336 8024.595215
3411 5684.04541 7891.959961
3408 5769.736328 7820.998535
3402 5903.788086 7999.331055
3413 6103.168945 8347.451172
3431 5682.348633 8327.388672
3394 5997.963867 8109.674316
3393 6016.205078 8042.428223
3438 5239.893066 7506.315918
714 3551.09668 4955.788574
835 3614.72876 5961.881348
842 3518.856201 5765.715332
894 3431.468262 5639.024902
866 3348.746338 5812.15625
848 3743.265625 5963.739258
844 3820.04834 5861.940918
851 3781.444824 5785.40625
4948 4480.125488 5889.805176
4950 4395.707031 5824.416504
940 4111.059082 5812.527832
5638 4150.086914 5984.544434
1755 4284.562988 5688.066406
4976 4319.772461 5799.152832
871 4284.138672 6486.848145
4716 4805.07373 6445.608398
4718 4724.473145 6495.021484
5635 4566.241211 6457.869141
938 4027.489014 6469.757812
923 4190.811523 6545.177734
881 4102.150879 6379.477051
1021 5339.15918 6925.992188
1822 4630.297363 7593.25293
1863 4579.815918 7447.986328
1883 4459.338867 7446.5
4697 5086.327637 7374.795898
1860 4930.216797 7476.59375
1837 4855.979492 7524.149414
4699 5051.541992 7336.52832
1817 4660.416504 7750.037109
1809 4749.077148 7745.20752
4838 4688.838867 7220.240723
1898 4576.422363 7347.674316
4835 4723.200195 7218.383301
4674 5192.381348 7218.383301
4713 4966.699219 6559.666992
1672 4850.464355 5323.599121
1620 4865.312012 5268.241699
1573 4789.801758 5069.475586
1578 4799.98291 5108.857422
1581 4805.921875 5127.062012
1572 4788.529297 5065.388672
1589 4676.960938 5081.73584
1565 4776.651367 5012.631836
1564 4853.858398 4939.069824
4887 5747.253418 5275.300781
4869 5497.81543 5156.78418
4873 5471.938477 5192.450684
4880 5396.852539 5175.360352
4881 5377.762695 5057.214844
1575 5030.755371 4933.868164
1558 4871.250977 4868.851074