3000 5769.3125 5966.711426
2996 5752.768066 5952.22168
3013 5796.037598 5995.69043
2982 5649.259766 5943.305176
3022 5833.368652 6017.610352
2983 5647.987305 5967.454102
2975 5664.53125 5891.291504
3032 5903.788086 6069.995605
2979 5572.477051 5974.513184
2998 5723.921387 5997.17627
2987 5642.04834 6000.148438
2969 5691.681152 5858.96875
3021 5938.998047 6039.530273
3030 5831.247559 6089.314941
2974 5524.541016 5966.339844
3020 5794.34082 6065.908691
2992 5635.685059 6030.61377
2966 5706.528809 5849.309082
3038 6012.387207 6093.030273
2995 5847.367676 5973.398926
2971 5497.391113 5964.481934
2953 5592.839355 5809.555664
2970 5727.314941 5835.190918
3152 6068.383301 6133.897949
3321 6073.897949 6040.273438
2973 5483.39209 5969.312012
2946 5563.144043 5798.78125
2959 5603.444824 5783.548828
2978 5781.19043 5798.409668
3149 6111.65332 6165.477539