786 2971 2973 14.808859
787 2946 2971 178.269913
788 2946 2953 31.589548
817 2979 2983 75.839493
818 2974 2979 48.627842
819 2971 2974 27.213398
896 3038 3152 69.323372
897 3021 3038 90.819702
898 3038 3321 81.036133
1027 3149 3152 53.568321
1028 2995 3021 113.002129
1029 2970 2995 183.068604
1030 2970 2978 65.23365
1031 2966 2970 25.127392
1089 3021 3032 46.560474
1090 3030 3032 75.069069
1091 3020 3030 43.703087
1092 2998 3020 98.402451
1093 2983 2998 81.543808
1138 2982 2983 24.182426
1139 2982 2996 103.89164
1140 2996 3000 21.992521
1141 3000 3013 39.420979
1142 3013 3022 43.290768
1143 3022 3032 87.767372
1181 2966 2969 17.713331
1182 2969 2975 42.212292
1183 2975 2982 54.209229
1184 2983 2987 33.22937
1185 2987 2992 31.122786
1186 2953 2966 120.439301
1253 2953 2959 28.086143
1254 2953 2974 171.01445