3000 5769.3125 5966.711426 139
2996 5752.768066 5952.22168 148
3013 5796.037598 5995.69043 129
2982 5649.259766 5943.305176 323
3022 5833.368652 6017.610352 118
2983 5647.987305 5967.454102 399
2975 5664.53125 5891.291504 283
3032 5903.788086 6069.995605 302
2979 5572.477051 5974.513184 229
2998 5723.921387 5997.17627 239
2987 5642.04834 6000.148438 97
2969 5691.681152 5858.96875 296
3021 5938.998047 6039.530273 541
3030 5831.247559 6089.314941 220
2974 5524.541016 5966.339844 221
3020 5794.34082 6065.908691 229
2992 5635.685059 6030.61377 49
2966 5706.528809 5849.309082 484
3038 6012.387207 6093.030273 528
2995 5847.367676 5973.398926 303
2971 5497.391113 5964.481934 187
2953 5592.839355 5809.555664 339
2970 5727.314941 5835.190918 454
3152 6068.383301 6133.897949 316
3321 6073.897949 6040.273438 232
2973 5483.39209 5969.312012 143
2946 5563.144043 5798.78125 187
2959 5603.444824 5783.548828 143
2978 5781.19043 5798.409668 232
3149 6111.65332 6165.477539 143
3158 6043.354492 6178.109863 143
3320 6087.048828 6017.610352 143
3323 6011.962891 5997.17627 49
2976 5466.847656 5985.65918 97
2938 5502.057617 5776.118164 144
2963 5663.258789 5748.99707 97
2985 5838.883301 5759.770996 144
2997 5865.608887 5895.749512 49
3147 6120.561523 6188.883789 97
3154 6031.052246 6236.067871 97
3322 6092.987793 5990.48877 97
1062 5415.09375 6059.592773 49
2933 5546.175781 5750.111328 49
2945 5451.151855 5805.840332 49
2968 5687.863281 5781.691406 49
2988 5853.306641 5749.739746 49
3028 5964.875 5906.523926 49
3126 6141.348145 6390.250977 49
3146 5964.875 6327.463379 49
3042 6092.987793 5966.711426 49
