1 2471 2479 29.718756 34.718756
2 2463 2471 61.706902 66.706902
3 2443 2448 19.080025 24.080025
6 3150 3156 78.55722 83.55722
7 1629 1633 10.386786 15.386786
23 3202 3203 5.514648 10.514648000000001
37 2462 2473 70.04586 75.04586
55 354 355 558.999756 563.999756
56 355 356 495.473114 500.473114
57 356 357 436.354279 441.354279
71 355 375 1619.545898 1624.545898
93 714 731 308.564819 313.564819
94 731 803 279.804779 284.804779
95 803 831 345.615234 350.615234
96 829 831 375.000092 380.000092
97 829 830 262.954437 267.954437
98 830 833 178.176117 183.176117
99 833 841 92.142578 97.142578
100 833 839 68.408211 73.408211
101 833 947 522.182739 527.182739
102 947 948 245.855301 250.855301
103 948 949 153.156235 158.156235
104 949 953 166.159485 171.159485
105 949 951 123.857803 128.857803
106 3331 3333 115.723495 120.723495
107 358 366 419.818176 424.818176
108 366 393 387.196228 392.196228
109 393 1066 497.35321 502.35321
110 1065 1066 411.823364 416.823364
111 953 1065 568.55603 573.55603
112 355 358 1005.401062 1010.401062
147 935 4978 112.9515 117.9515
148 935 5637 67.25145 72.25145
149 902 935 67.029999 72.029999
150 935 5639 74.676407 79.676407
175 1867 1908 143.714844 148.714844
176 1867 1886 77.337311 82.337311
177 1849 1867 76.46685 81.46685
178 1867 1891 99.779976 104.779976
194 4716 4717 33.10767 38.10767
199 941 4717 259.079437 264.079437
200 2383 2386 108.334793 113.334793
201 2383 2384 55.982697 60.982697
202 2383 2385 74.7714 79.7714
203 2383 2387 111.148697 116.148697
204 1587 1588 40.070034 45.070034
205 364 372 215.077209 220.077209
206 372 400 329.297852 334.297852
207 372 399 327.236938 332.236938
208 372 377 71.371422 76.371422
209 2480 2483 45.111362 50.111362
214 2495 2497 44.937374 49.937374
219 1657 2500 35.939175 40.939175
220 1657 2495 64.563797 69.563797
499 364 384 344.33075 349.33075
500 360 364 100.009163 105.009163
506 380 389 94.564217 99.564217
507 361 380 396.783234 401.783234
508 380 385 47.545601 52.545601
514 387 392 107.849411 112.849411
515 373 387 116.636787 121.636787
516 387 391 65.521729 70.521729
517 391 398 98.402451 103.402451
518 382 391 127.546074 132.546074
519 442 453 46.67593 51.67593
520 442 445 13.338525 18.338525
521 424 433 54.698975 59.698975
522 424 426 11.896368 16.896368000000002
523 419 424 28.149294 33.149294
532 368 383 203.499496 208.499496
533 368 378 151.78833 156.78833
534 363 368 219.861328 224.861328
535 398 418 144.918106 149.918106
536 392 398 65.66449 70.66449
537 383 392 114.529015 119.529015
538 369 373 103.910248 108.910248
539 373 381 51.243401 56.243401
540 407 430 131.755722 136.755722
541 378 407 303.342529 308.342529
542 407 2781 327.607056 332.607056
543 2778 2781 18.798265 23.798265
544 418 2781 305.255463 310.255463
552 377 415 593.839294 598.839294
568 362 363 11.525787 16.525787
569 363 365 119.549004 124.549004
570 359 360 108.947556 113.947556
571 359 361 116.475151 121.475151
572 385 415 258.713623 263.713623
573 385 394 123.581467 128.581467
588 358 359 133.637085 138.637085
589 358 362 251.391022 256.391022
591 370 386 181.08287 186.08287
592 415 423 84.661247 89.661247
593 423 427 20.506098 25.506098
594 427 437 61.072422 66.072422
600 470 2923 64.396751 69.396751
601 445 470 108.374634 113.374634
602 426 442 80.275635 85.275635
603 412 419 70.721802 75.721802
604 396 412 109.874077 114.874077
605 384 412 268.404205 273.404205
606 2778 2809 119.668587 124.668587
607 381 382 10.398476 15.398476
608 382 396 164.018814 169.018814
618 374 383 88.63369 93.63369
619 367 369 81.778076 86.778076
620 369 374 132.798309 137.798309
624 362 370 262.253723 267.253723
625 365 367 38.903824 43.903824
640 371 376 84.742012 89.742012
641 371 374 72.883095 77.883095
642 367 371 117.517464 122.517464
643 406 443 212.059067 217.059067
644 399 409 71.791374 76.791374
645 452 2924 236.822815 241.822815
646 2925 2926 36.752529 41.752529
647 2925 2927 39.588711 44.588711
648 2927 2931 42.031525 47.031525
649 1036 1050 79.720062 84.720062
650 1027 1036 28.620476 33.620476
651 1022 1027 23.354818 28.354818
652 1013 1022 43.675259 48.675259
653 973 974 11.517578 16.517578
654 974 1006 111.45752 116.45752
655 966 973 56.100586 61.100586
656 960 966 50.174564 55.174564
657 956 960 31.482634 36.482634000000004
658 952 956 71.717651 76.717651
659 950 952 64.21859 69.21859
660 949 950 78.32399 83.32399
661 462 467 50.257351 55.257351
662 462 471 61.646534 66.646534
663 455 462 12.733512 17.733511999999997
664 441 457 59.23558 64.23558
665 441 455 54.62114 59.62114
666 432 441 38.466682 43.466682
667 2753 2759 50.077961 55.077961
668 2753 2758 49.632385 54.632385
669 2748 2753 18.013752 23.013752
670 2758 2766 57.113098 62.113098
671 2758 2760 16.544153 21.544153
672 2792 2801 36.230015 41.230015
673 2777 2792 63.746834 68.746834
674 471 2792 38.027107 43.027107
675 2777 2786 41.279995 46.279995
676 2767 2777 50.880081 55.880081
677 3043 3044 20.422016 25.422016
678 3044 3046 62.050018 67.050018
679 3044 3045 17.709011 22.709011
680 3046 3048 13.105618 18.105618
681 3047 3049 23.76841 28.76841
682 3046 3047 8.001946 13.001946
683 3050 3051 33.444973 38.444973
684 3049 3050 15.343898 20.343898
685 3049 3052 83.346176 88.346176
686 2810 3056 41.233292 46.233292
687 2810 3045 56.587799 61.587799
688 2794 2810 61.461605 66.46160499999999
689 3057 3058 47.846031 52.846031
690 3058 3059 16.185316 21.185316
691 2818 3058 45.385677 50.385677
692 3059 3060 47.846031 52.846031
693 3059 3061 59.91748 64.91748
694 2813 3065 46.522808 51.522808
695 2813 3063 63.082539 68.082539
696 2802 2813 46.513931 51.513931
697 3061 3062 34.994766 39.994766
698 3063 3064 50.245792 55.245792
699 2762 2776 87.670494 92.670494
700 2749 2762 90.691864 95.691864
701 2762 2768 41.360104 46.360104
702 2812 3066 65.068207 70.068207
703 3054 3055 32.225876 37.225876
704 3053 3054 43.267441 48.267441
705 391 410 150.434387 155.434387
706 410 417 70.033981 75.033981
707 417 464 205.832092 210.832092
708 464 468 35.322205 40.322205
709 464 3329 100.507751 105.507751
710 3067 3068 20.22333 25.22333
711 3180 3185 69.661888 74.661888
712 3173 3180 52.761066 57.761066
713 3180 3182 15.735336 20.735336
714 3182 3184 13.15564 18.15564
715 3184 3187 29.115658 34.115657999999996
716 3186 3187 21.674456 26.674456
717 1060 3186 93.722176 98.722176
718 3186 3188 75.294235 80.294235
719 964 978 95.821655 100.821655
720 978 984 16.948875 21.948875
721 978 993 64.987373 69.987373
722 996 1005 24.231417 29.231417
723 991 996 27.960037 32.960037
724 987 996 58.113964 63.113964
725 981 987 19.428444 24.428444
726 975 979 13.085238 18.085238
727 979 981 4.386207 9.386206999999999
728 979 990 35.977303 40.977303
729 981 990 35.841377 40.841377
730 990 992 10.981213 15.981213
731 990 1012 74.419319 79.419319
732 3002 3004 15.82523 20.825229999999998
733 2988 3002 64.811325 69.811325
734 2988 2990 36.046406 41.046406
735 2985 2988 17.568686 22.568686
736 3189 3190 133.084442 138.084442
737 2994 3003 47.754211 52.754211
738 3003 3008 15.384569 20.384569
739 3008 3009 12.513166 17.513166
740 3009 3012 7.368271 12.368271
741 3003 3009 15.457697 20.457697
742 3138 3155 187.567215 192.567215
743 3138 3150 127.607597 132.607597
744 3134 3138 50.827393 55.827393
745 3155 3307 353.980255 358.980255
746 2775 2794 79.783096 84.783096
747 2768 2775 41.739468 46.739468
748 2775 2812 153.536972 158.536972
749 2794 2806 45.404797 50.404797
750 2806 2818 39.786327 44.786327
751 2818 3053 98.067772 103.067772
752 3052 3053 36.684032 41.684032
753 463 3052 57.498863 62.498863
754 446 463 60.474026 65.47402600000001
755 418 428 53.852909 58.852909
756 3157 3161 13.663103 18.663103
757 3150 3157 86.233124 91.233124
758 3161 3176 104.737984 109.737984
759 3172 3176 51.017761 56.017761
760 3172 3308 92.39418 97.39418
761 3308 3309 52.126415 57.126415
762 3308 3310 142.344849 147.344849
763 1024 3310 217.516373 222.516373
764 1014 1024 53.873772 58.873772
765 1024 1025 13.552307 18.552307
766 2942 2944 7.109425 12.109425
767 2944 2947 11.60676 16.60676
768 2942 2955 50.458508 55.458508
769 2955 2961 42.838276 47.838276
770 2940 2961 140.039001 145.039001
771 3079 3085 111.699883 116.699883
772 3085 3088 13.828814 18.828814
773 3085 3103 111.041245 116.041245
774 2943 2965 158.458679 163.458679
775 2937 2943 74.143982 79.143982
776 2943 2949 132.81636 137.81636
777 2949 2951 4.792141 9.792141
778 2939 2949 68.222694 73.222694
779 3209 3210 30.199272 35.199272
780 3207 3209 46.160351 51.160351
781 3206 3207 37.325512 42.325512
782 3205 3206 24.168964 29.168964
783 3201 3205 165.271759 170.271759
784 3201 3202 33.531231 38.531231
785 3198 3201 88.275131 93.275131
786 2971 2973 14.808859 19.808858999999998
787 2946 2971 178.269913 183.269913
788 2946 2953 31.589548 36.589548
789 2938 2946 65.154945 70.154945
790 3160 3166 65.135956 70.135956
791 3166 3169 13.505586 18.505586
792 3166 3171 18.417553 23.417553
793 3171 3174 14.736612 19.736612
794 3169 3174 19.909531 24.909531
795 3162 3177 93.308876 98.308876
796 3177 3311 103.735283 108.735283
797 3311 3312 100.019234 105.019234
798 1045 3312 155.54953 160.54953
799 1025 1045 87.697006 92.697006
800 1045 1064 80.961212 85.961212
801 2433 2438 30.366795 35.366794999999996
802 2431 2433 13.275317 18.275317
803 2433 2444 75.018402 80.018402
804 3094 3100 36.988003 41.988003
805 3100 3102 11.217485 16.217485
806 3092 3100 51.56562 56.56562
807 3083 3092 79.034843 84.034843
808 3080 3083 74.560913 79.560913
809 3068 3069 29.074034 34.074034
810 3069 3075 166.334152 171.334152
811 3069 3072 97.972321 102.972321
812 3072 3079 119.428314 124.428314
813 3072 3076 77.732475 82.732475
814 3194 3197 114.033882 119.033882
815 3192 3194 147.060806 152.060806
816 3037 3194 106.426773 111.426773
817 2979 2983 75.839493 80.839493
818 2974 2979 48.627842 53.627842
819 2971 2974 27.213398 32.213398
820 2973 2976 23.258293 28.258293
821 1062 2976 90.247673 95.247673
822 1057 1062 20.090214 25.090214
823 1057 1058 6.899399 11.899398999999999
824 3164 3167 16.256485 21.256485
825 466 3129 172.377594 177.377594
826 451 466 72.319077 77.319077
827 466 3175 212.97261 217.97261
828 2446 2456 34.366661 39.366661
829 2456 2465 54.895035 59.895035
830 2465 2957 372.392548 377.392548
831 2950 2957 39.036362 44.036362
832 2950 2956 31.657627 36.657627000000005
833 3068 3070 100.782791 105.782791
834 3071 3074 78.780922 83.780922
835 3070 3071 5.670002 10.670002
836 3071 3073 38.156445 43.156445
837 3073 3077 77.813301 82.813301
838 3077 3078 22.132399 27.132399
839 3077 3081 42.878159 47.878159
840 1052 3313 73.096306 78.096306
841 1027 1052 117.510422 122.510422
842 1052 1061 39.382236 44.382236
843 3164 3175 46.526489 51.526489
844 3151 3164 136.448242 141.448242
845 3148 3151 53.156853 58.156853
846 2812 3148 76.923492 81.923492
847 3145 3148 35.723141 40.723141
848 432 446 55.787659 60.787659
849 428 432 26.004625 31.004625
850 3314 3317 52.129311 57.129311
851 3314 3315 8.362596 13.362596
852 3315 3316 7.188325 12.188324999999999
853 3040 3317 33.26025 38.26025
854 3035 3040 51.476887 56.476887
855 2934 2937 30.387737 35.387737
856 2929 2934 38.607388 43.607388
857 2926 2929 38.603516 43.603516
858 2926 2930 42.95525 47.95525
859 2930 2933 29.887045 34.887045
860 2933 2938 51.212967 56.212967
861 2945 2948 11.879281 16.879281
862 2938 2945 58.947468 63.947468
863 2945 2954 41.08567 46.08567
864 2954 2964 97.427956 102.427956
865 1050 2457 127.479797 132.47979700000002
866 1050 3449 79.4011 84.4011
867 1050 2964 105.536324 110.536324
868 3160 3162 22.767349 27.767349
869 3155 3160 39.507687 44.507687
870 3128 3136 63.118317 68.11831699999999
871 3119 3128 55.902321 60.902321
872 3110 3119 62.336418 67.33641800000001
873 3110 3124 92.052223 97.052223
874 3091 3110 123.076378 128.076378
875 963 964 32.071213 37.071213
876 953 963 85.255028 90.255028
877 971 972 11.024511 16.024511
878 972 986 53.903572 58.903572
879 986 991 12.834507 17.834507000000002
880 1005 1014 27.886301 32.886301
881 3016 3029 61.96381 66.96381
882 3029 3035 21.368689 26.368689
883 2965 2989 179.339096 184.339096
884 2965 2981 111.512764 116.512764
885 2390 2393 13.828379 18.828378999999998
886 2393 2394 14.588915 19.588915
887 2393 2404 75.448036 80.448036
888 2407 2411 10.837708 15.837708
889 2407 2411 10.837708 15.837708
890 2405 2407 12.307736 17.307736
891 2395 2405 82.466408 87.466408
892 2384 2389 69.138863 74.138863
893 2384 2395 109.541733 114.541733
894 2384 2400 172.398727 177.398727
895 2400 2410 54.720493 59.720493
896 3038 3152 69.323372 74.323372
897 3021 3038 90.819702 95.819702
898 3038 3321 81.036133 86.036133
899 3320 3321 26.202311 31.202311
900 3320 3322 27.764212 32.764212
901 3042 3322 23.777344 28.777344
902 3036 3042 80.501884 85.501884
903 3007 3036 111.748573 116.748573
904 2999 3007 32.448441 37.448441
905 2993 2999 31.705622 36.705622000000005
906 2986 2993 35.525814 40.525814
907 2986 3010 100.251068 105.251068
908 2981 2986 59.374001 64.37400099999999
909 3035 3105 94.325699 99.325699
910 3095 3105 58.957687 63.957687
911 3088 3095 43.765865 48.765865
912 3076 3087 164.150543 169.150543
913 435 3087 148.900986 153.900986
914 964 967 16.857059 21.857059
915 984 1051 277.538422 282.538422
916 2749 2760 89.207443 94.207443
917 2745 2748 28.059467 33.059467
918 2745 2767 159.682266 164.682266
919 2736 2745 76.919617 81.919617
920 3098 3107 46.398567 51.398567
921 3080 3098 176.023209 181.023209
922 3075 3080 62.905666 67.905666
923 2396 2398 30.28454 35.28454
924 2388 2396 44.457451 49.457451
925 2385 2388 47.180447 52.180447
926 2385 2391 70.049271 75.049271
927 2967 2977 64.490593 69.490593
928 2967 2991 188.114731 193.114731
929 2991 2994 8.235284 13.235284
930 2994 3014 81.727974 86.727974
931 3014 3018 27.387949 32.387949
932 3321 3323 75.454071 80.454071
933 3162 3172 70.602005 75.602005
934 409 450 230.457794 235.457794
935 406 409 10.714252 15.714252
936 388 406 191.213928 196.213928
937 388 408 201.829071 206.829071
938 384 388 49.591801 54.591801
939 3033 3036 109.928574 114.928574
940 3028 3033 14.894175 19.894175
941 2985 3028 193.417511 198.417511
942 2978 2985 69.436409 74.436409
943 1005 1023 78.114731 83.114731
944 1023 1042 70.386894 75.386894
945 3161 3165 63.538502 68.538502
946 3165 3173 29.560452 34.560452
947 1051 1060 37.94836 42.94836
948 1060 3309 83.897774 88.897774
949 397 401 51.430252 56.430252
950 396 397 4.275813 9.275813
951 3089 3104 100.796509 105.796509
952 3090 3104 112.764702 117.764702
953 3081 3090 123.185501 128.185501
954 3090 3093 26.073147 31.073147
955 988 998 39.875977 44.875977
956 973 988 57.693359 62.693359
957 988 1018 118.56234 123.56234
958 1018 1033 64.266968 69.266968
959 1006 1018 74.446663 79.446663
960 2932 2935 40.5308 45.5308
961 2935 2940 44.859756 49.859756
962 2940 2950 66.538956 71.538956
963 3019 3024 25.177547 30.177547
964 3024 3027 27.402451 32.402451
965 2990 3027 156.884369 161.884369
966 2984 2990 46.755238 51.755238
967 957 969 80.456131 85.456131
968 969 975 61.975475 66.975475
969 992 1002 37.023346 42.023346
970 998 1002 24.89209 29.89209
971 998 1001 8.492508 13.492508
972 2392 2394 16.980455 21.980455
973 2394 2406 93.318024 98.318024
974 2406 2414 22.742104 27.742104
975 2406 2416 55.077621 60.077621
976 967 971 38.826687 43.826687
977 957 967 87.008179 92.008179
978 952 957 82.719604 87.719604
979 1033 1046 81.552574 86.552574
980 1001 1033 117.098495 122.098495
981 1006 1013 16.347168 21.347168
982 2396 2402 117.742027 122.742027
983 2402 2408 36.791565 41.791565
984 2391 2402 85.884766 90.884766
985 2402 2412 67.612083 72.612083
986 2412 2417 40.889038 45.889038
987 2401 2412 47.306393 52.306393
988 3081 3089 108.3312 113.3312
989 3089 3096 49.770008 54.770008
990 3096 3114 124.161766 129.161766
991 3114 3120 45.326172 50.326172
992 3120 3122 8.193799 13.193799
993 3120 3126 30.541069 35.541069
994 3115 3129 87.65078 92.65078
995 3102 3129 199.550522 204.550522
996 3126 3130 30.140615 35.140615
997 3126 3147 202.437225 207.437225
998 3147 3149 25.044134 30.044134
999 2425 2426 28.768887 33.768887
1000 2419 2425 91.175926 96.175926
1001 2425 2435 160.742645 165.742645
1002 2415 2419 35.795628 40.795628
1003 2404 2415 61.816284 66.816284
1004 2404 2413 45.341297 50.341297
1005 2404 2416 93.971024 98.971024
1006 1046 1049 4.636054 9.636054
1007 1027 1046 149.144775 154.144775
1008 2767 2778 58.46698 63.46698
1009 2735 2736 4.604553 9.604553
1010 2736 2739 23.49748 28.49748
1011 446 460 45.47065 50.47065
1012 458 460 30.387451 35.387451
1013 447 458 38.854332 43.854332
1014 439 447 29.940184 34.940184
1015 428 439 54.979851 59.979851
1016 1064 3324 18.903702 23.903702
1017 3159 3324 311.908325 316.908325
1018 3324 3325 99.938553 104.938553
1019 3326 3327 82.112175 87.112175
1020 2490 3327 104.487526 109.487526
1021 2460 2490 156.159348 161.159348
1022 2444 2460 70.693092 75.693092
1023 2459 2460 85.08989 90.08989
1024 2442 2459 78.875664 83.875664
1025 2435 2442 46.135769 51.135769
1026 2435 2445 62.510468 67.510468
1027 3149 3152 53.568321 58.568321
1028 2995 3021 113.002129 118.002129
1029 2970 2995 183.068604 188.068604
1030 2970 2978 65.23365 70.23365
1031 2966 2970 25.127392 30.127392
1032 3086 3099 76.691177 81.691177
1033 3084 3086 23.793188 28.793188
1034 3082 3084 48.269527 53.269527
1035 3084 3101 110.878044 115.878044
1036 3127 3141 144.132187 149.132187
1037 3122 3127 29.091417 34.091417
1038 3116 3122 75.769897 80.769897
1039 3193 3198 185.390656 190.390656
1040 3192 3193 82.31823 87.31823
1041 3026 3037 30.30479 35.30479
1042 3001 3026 111.937485 116.937485
1043 2989 3001 62.510895 67.510895
1044 2989 3005 82.289047 87.289047
1045 3097 3118 148.931671 153.931671
1046 3118 3121 23.207048 28.207048
1047 3121 3125 19.743246 24.743246
1048 3041 3125 45.583267 50.583267
1049 3041 3132 312.94281 317.94281
1050 3034 3041 56.137589 61.137589
1051 2926 2928 35.59156 40.59156
1052 2928 2942 139.630173 144.630173
1053 2947 2948 74.339691 79.339691
1054 2499 2947 75.711639 80.711639
1055 2492 2499 21.190279 26.190279
1056 2488 2492 20.444693 25.444693
1057 2485 2488 21.80052 26.80052
1058 2477 2485 34.042881 39.042881
1059 2469 2477 46.514366 51.514366
1060 2453 2469 84.585304 89.585304
1061 2446 2453 22.894543 27.894543
1062 2453 2457 23.022106 28.022106
1063 401 405 35.965824 40.965824
1064 405 416 39.594334 44.594334
1065 416 429 103.547127 108.547127
1066 429 3102 315.483734 320.483734
1067 3093 3106 64.767876 69.767876
1068 3106 3109 38.839237 43.839237
1069 3109 3113 28.663057 33.663056999999995
1070 3039 3113 77.979538 82.979538
1071 3034 3039 42.160725 47.160725
1072 3017 3034 71.001678 76.001678
1073 3010 3017 35.664738 40.664738
1074 3010 3016 26.810707 31.810707
1075 3005 3010 129.717697 134.717697
1076 2458 2468 50.078934 55.078934
1077 2451 2458 40.806152 45.806152
1078 2445 2451 20.592331 25.592331
1079 2445 2446 4.060132 9.060132
1080 3117 3132 93.074577 98.074577
1081 3108 3117 65.976921 70.976921
1082 3097 3108 81.970543 86.970543
1083 3088 3097 54.533169 59.533169
1084 3153 3183 231.708344 236.708344
1085 3143 3153 117.090416 122.090416
1086 3140 3143 33.27047 38.27047
1087 3124 3140 145.477966 150.477966
1088 3079 3091 152.350113 157.350113
1089 3021 3032 46.560474 51.560474
1090 3030 3032 75.069069 80.069069
1091 3020 3030 43.703087 48.703087
1092 2998 3020 98.402451 103.402451
1093 2983 2998 81.543808 86.543808
1094 2389 2390 18.209837 23.209837
1095 2390 2399 56.283119 61.283119
1096 2399 2403 32.66077 37.66077
1097 2395 2403 68.629082 73.629082
1098 2403 2413 55.857368 60.857368
1099 1048 1061 99.858833 104.858833
1100 1038 1048 57.403187 62.403187
1101 1013 1038 111.630188 116.630188
1102 986 1019 125.637581 130.637581
1103 3318 3319 42.205921 47.205921
1104 3317 3318 34.245926 39.245926
1105 3005 3023 116.034172 121.034172
1106 3152 3158 50.804867 55.804867
1107 3154 3158 59.249268 64.249268
1108 3146 3154 112.838676 117.838676
1109 3146 3159 153.052689 158.052689
1110 3133 3146 122.659874 127.659874
1111 2391 2397 44.275967 49.275967
1112 3131 3142 123.969528 128.969528
1113 3131 3135 40.695049 45.695049
1114 468 3330 9.54045 14.54045
1115 468 3179 166.668915 171.668915
1116 3175 3179 28.55405 33.554050000000004
1117 461 3330 69.224312 74.224312
1118 452 461 17.632599 22.632599
1119 425 452 125.606079 130.606079
1120 425 451 122.391808 127.391808
1121 421 425 15.462481 20.462481
1122 2960 2967 85.477493 90.477493
1123 2951 2960 56.559669 61.559669
1124 2931 2939 91.608704 96.608704
1125 2931 2932 9.87466 14.87466
1126 3094 3112 130.230698 135.230698
1127 3078 3094 170.777115 175.777115
1128 1026 1030 8.875147 13.875147
1129 1030 1043 63.08894 68.08894000000001
1130 1041 1043 27.24939 32.24939
1131 1039 1041 11.579472 16.579472000000003
1132 1035 1039 20.506098 25.506098
1133 1031 1035 13.713573 18.713573
1134 1029 1031 8.144133 13.144133
1135 1011 1029 71.126282 76.126282
1136 1011 1016 12.32611 17.32611
1137 1007 1011 13.03108 18.03108
1138 2982 2983 24.182426 29.182426
1139 2982 2996 103.89164 108.89164
1140 2996 3000 21.992521 26.992521
1141 3000 3013 39.420979 44.420979
1142 3013 3022 43.290768 48.290768
1143 3022 3032 87.767372 92.767372
1144 2397 2401 39.593998 44.593998
1145 2397 2400 26.227373 31.227373
1146 2410 2418 53.87661 58.87661
1147 2418 2420 11.258769 16.258769
1148 2414 2420 72.661453 77.661453
1149 2416 2421 25.617363 30.617363
1150 2421 2422 39.992275 44.992275
1151 2422 2423 18.003061 23.003061
1152 2423 2427 76.749031 81.749031
1153 2427 2429 92.534218 97.534218
1154 2429 2430 13.701164 18.701164
1155 2426 2429 87.69725 92.69725
1156 3199 3200 7.367849 12.367849
1157 3196 3199 16.347168 21.347168
1158 3195 3196 90.518684 95.518684
1159 3192 3195 162.498749 167.498749
1160 1055 1057 16.19994 21.19994
1161 1055 1059 29.520947 34.520947
1162 1049 1055 19.007576 24.007576
1163 1001 1015 41.175743 46.175743
1164 3061 3063 100.491119 105.491119
1165 2794 2802 29.127333 34.127333
1166 3137 3144 80.484039 85.484039
1167 3137 3139 44.583008 49.583008
1168 3135 3137 14.86084 19.86084
1169 3016 3031 150.096069 155.096069
1170 3025 3031 18.205078 23.205078
1171 3023 3025 14.643689 19.643689000000002
1172 3001 3023 92.872795 97.872795
1173 408 435 172.377563 177.377563
1174 435 454 69.721695 74.721695
1175 454 459 9.208672 14.208672
1176 456 459 22.663086 27.663086
1177 420 456 151.027878 156.027878
1178 420 440 93.684265 98.684265
1179 408 420 95.47438 100.47438
1180 2981 2984 38.778664 43.778664
1181 2966 2969 17.713331 22.713331
1182 2969 2975 42.212292 47.212292
1183 2975 2982 54.209229 59.209229
1184 2983 2987 33.22937 38.22937
1185 2987 2992 31.122786 36.122786000000005
1186 2953 2966 120.439301 125.439301
1187 2419 2424 68.629356 73.629356
1188 2467 2476 48.346577 53.346577
1189 2444 2476 185.689468 190.689468
1190 3190 3192 175.744736 180.744736
1191 3190 3191 165.559357 170.559357
1192 3078 3082 49.773335 54.773335
1193 3101 3111 70.676239 75.676239
1194 3111 3116 43.102234 48.102234
1195 3111 3115 34.915241 39.915241
1196 1061 2468 60.668102 65.668102
1197 2468 2470 41.814373 46.814373
1198 2457 2470 73.577156 78.577156
1199 3331 3332 18.328228 23.328228
1200 1051 3332 60.35603 65.35603
1201 459 3075 203.947052 208.947052
1202 1058 3449 32.486294 37.486294
1203 1059 3450 19.743103 24.743103
1204 3450 3451 49.637836 54.637836
1205 1064 3451 39.486347 44.486347
1206 3130 3133 34.513695 39.513695
1207 413 421 89.713783 94.713783
1208 401 413 58.529716 63.529716
1209 2972 2980 73.000389 78.000389
1210 2964 2972 46.847893 51.847893
1211 3015 3019 24.812824 29.812824
1212 3011 3015 15.825425 20.825425
1213 3006 3011 13.325143 18.325143
1214 2984 3006 114.000946 119.000946
1215 2389 2392 20.266665 25.266665
1216 2392 2409 124.055061 129.055061
1217 2409 2410 33.513184 38.513184
1218 3130 3134 35.7878 40.7878
1219 1015 1025 53.396145 58.396145
1220 973 997 96.723557 101.723557
1221 1010 1017 29.918686 34.918686
1222 993 1010 56.119213 61.119213
1223 971 993 88.681122 93.681122
1224 1016 1026 49.936539 54.936539
1225 997 1007 29.229418 34.229417999999995
1226 2482 2486 20.913019 25.913019
1227 2472 2482 37.806347 42.806347
1228 2467 2472 28.889229 33.889229
1229 2464 2467 29.335991 34.335991
1230 2449 2464 61.89069 66.89069
1231 2438 2449 63.118183 68.118183
1232 2428 2431 35.017178 40.017178
1233 2426 2428 66.837051 71.837051
1235 2716 2724 124.328407 129.328407
1236 2724 2729 60.676189 65.676189
1237 2729 2735 50.350899 55.350899
1238 2739 2743 45.524258 50.524258
1239 2743 2749 36.038086 41.038086
1240 3139 3145 41.827011 46.827011
1241 3123 3131 56.02 61.02
1242 3116 3123 35.280308 40.280308
1243 2932 2936 47.847752 52.847752
1244 2936 2941 56.605507 61.605507
1245 2941 2952 57.520691 62.520691
1246 2952 2958 31.524174 36.524174
1247 2958 2962 35.284981 40.284981
1248 2498 2962 54.970295 59.970295
1249 2486 2498 58.317513 63.317513
1250 2978 2997 128.846893 133.846893
1251 2963 2968 40.918221 45.918221
1252 2959 2963 69.076294 74.076294
1253 2953 2959 28.086143 33.086143
1254 2953 2974 171.01445 176.01445
1255 3327 3328 103.197884 108.197884
1256 2499 2948 108.141434 113.141434
2093 3214 3217 98.136772 103.136772
2094 3213 3214 12.445436 17.445436
2095 3212 3213 153.277695 158.277695
2096 3211 3212 102.461815 107.461815
2097 3208 3211 68.020302 73.020302
2098 3204 3208 90.407234 95.407234
2099 3203 3204 110.445801 115.445801
2135 3215 3216 42.019531 47.019531
2136 3213 3215 43.402004 48.402004
2195 400 402 11.579018 16.579017999999998
2196 402 411 41.750027 46.750027
2197 411 414 10.714252 15.714252
2198 414 3279 385.52951 390.52951
2683 1822 1831 51.450436 56.450436
2685 1835 1870 168.30632 173.30632
2686 1870 1876 37.973709 42.973709
2687 1044 1876 168.899323 173.899323
2688 982 1044 238.998444 243.998444
2689 977 982 23.022329 28.022329
2758 3391 3394 54.05455 59.05455
2759 3389 3391 29.721134 34.721134
2760 3391 3393 52.578785 57.578785
2762 3400 3409 65.700195 70.700195
2763 3404 3409 94.333443 99.333443
2764 3396 3404 54.242676 59.242676
2765 3396 3397 9.757324 14.757324
2766 3390 3396 94.193604 99.193604
2767 3379 3390 237.170959 242.170959
2768 3390 3392 54.243164 59.243164
2769 3392 3400 57.515179 62.515179
2770 3400 3402 9.515079 14.515079
2776 3372 3383 133.992508 138.992508
2777 3383 3387 81.902252 86.902252
2778 3383 3385 40.684322 45.684322
2779 3367 3372 69.130577 74.130577
2780 3372 3374 40.977879 45.977879
2781 1908 3438 196.052307 201.052307
2782 1908 4697 73.539803 78.539803
2783 3367 3378 125.525108 130.525108
2784 3353 3356 17.528069 22.528069
2785 3351 3353 43.505577 48.505577
2786 3353 3355 12.354662 17.354661999999998
2787 3355 3357 17.909025 22.909025
2788 3356 3357 12.111873 17.111873
2789 3351 3354 52.737328 57.737328
2790 3346 3351 61.839569 66.839569
2791 3334 3335 48.380489 53.380489
2792 3334 3336 208.039429 213.039429
2793 3333 3334 66.875916 71.875916
2794 3368 3370 15.357872 20.357872
2795 3363 3368 51.565666 56.565666
2796 3368 3380 117.528465 122.528465
2797 3380 3382 115.226372 120.226372
2798 3381 3382 35.057568 40.057568
2799 3382 3385 40.674805 45.674805
2800 3371 3373 44.590755 49.590755
2801 3370 3371 28.077797 33.077797000000004
2802 3371 3381 202.362381 207.362381
2803 3374 3381 50.051582 55.051582
2868 4674 4675 82.970551 87.970551
2869 1053 4675 133.081467 138.081467
2870 4675 4676 7.017557 12.017557
2909 3361 3362 53.515129 58.515129
2910 3362 3364 31.219543 36.219543
2911 3362 3369 88.357849 93.357849
2912 3369 3387 335.351074 340.351074
2913 1054 4681 64.36631 69.36631
2914 1020 1054 149.185654 154.185654
2915 1054 4676 87.343109 92.343109
2925 3163 3168 32.869984 37.869984
2926 3156 3163 65.657822 70.657822
2927 3163 3170 35.024902 40.024902
2928 3170 3178 52.649765 57.649765
2929 3178 4693 43.904934 48.904934
2930 953 954 11.503914 16.503914
2931 954 955 8.957789 13.957789
2932 961 962 59.88065 64.88065
2933 958 962 22.96475 27.96475
2934 959 965 46.476307 51.476307
2935 959 961 6.815568 11.815567999999999
2936 951 959 115.869545 120.869545
2937 985 1009 76.928925 81.928925
2938 1003 1009 26.170309 31.170309
2939 1009 1020 51.941891 56.941891
2966 1028 1053 115.905579 120.905579
2967 1020 1028 29.697149 34.697148999999996
2987 1891 4699 94.767563 99.767563
2988 1891 4681 115.814873 120.814873
3033 1814 1836 160.54866 165.54866
3034 1814 1817 32.337742 37.337742
3035 1809 1814 78.988464 83.988464
3058 977 1003 96.764336 101.764336
3059 951 977 247.378403 252.378403
3060 977 995 63.944252 68.944252
3061 995 999 15.344083 20.344082999999998
3062 995 1000 19.179068 24.179068
3063 1000 1004 14.063704 19.063704
3064 1004 1037 119.815086 124.815086
3065 1037 1063 129.518814 134.518814
3066 1063 4712 51.64209 56.64209
3067 4712 4713 50.051582 55.051582
3071 1876 1886 94.551201 99.551201
3072 1836 1886 231.526627 236.526627
3073 1825 1836 79.624443 84.624443
3074 1831 1836 94.373596 99.373596
3081 1003 1034 108.503036 113.503036
3116 3397 3411 84.014687 89.014687
3122 3397 3408 72.839104 77.839104
3150 3361 3363 81.449219 86.449219
3151 3363 3365 13.118767 18.118767
3152 3365 3366 21.94099 26.94099
3153 3366 3375 117.253723 122.253723
3154 3375 3384 112.573555 117.573555
3155 3384 3386 15.225348 20.225348
3156 3385 3386 18.327742 23.327742
3157 3374 3377 14.81917 19.81917
3158 3376 3377 137.882141 142.882141
3159 3373 3376 18.291706 23.291706
3160 3349 3361 193.974106 198.974106
3161 955 958 39.186684 44.186684
3162 955 970 132.953583 137.953583
3164 994 1021 101.576347 106.576347
3165 989 994 15.114799 20.114798999999998
3166 983 989 18.327742 23.327742
3167 980 983 14.869239 19.869239
3168 976 980 12.164393 17.164393
3169 965 976 82.794029 87.794029
3170 965 985 115.908157 120.908157
3181 4676 4677 25.352556 30.352556
3182 4677 4678 5.890587 10.890587
3183 3422 4678 238.607758 243.607758
3184 4678 4679 55.882591 60.882591
3185 4679 4680 16.273495 21.273495
3186 4680 4681 69.629509 74.629509
3189 3379 3388 174.617188 179.617188
3190 3364 3379 163.47168 168.47168
3230 1876 1896 70.70974 75.70974
3231 1896 4840 49.955208 54.955208
3232 1896 4833 69.591911 74.591911
3233 4833 4834 16.11578 21.11578
3234 4834 4835 16.11578 21.11578
3238 4838 4839 18.823545 23.823545
3239 4839 4840 67.497688 72.497688
3247 1863 1887 89.514397 94.514397
3248 1854 1863 40.674355 45.674355
3254 1887 1898 42.138668 47.138668
3255 1887 4840 77.266945 82.266945
3345 3346 3347 36.489662 41.489662
3346 3347 3350 23.037174 28.037174
3347 3347 3352 27.776217 32.776217
3348 3350 3352 15.853525 20.853524999999998
3349 3345 3346 51.789989 56.789989
3350 3344 3345 32.919231 37.919231
3351 3343 3344 31.872869 36.872869
3352 958 968 78.261002 83.261002
3385 3388 3395 140.437012 145.437012
3386 3388 3389 36.105911 41.105911
3402 3181 3336 54.986736 59.986736
3403 3181 3341 218.546661 223.546661
3404 3168 3181 80.283546 85.283546
3405 3337 3338 58.739834 63.739834
3406 3432 3438 48.380211 53.380211
3425 1032 1056 109.208336 114.208336
3426 1008 1032 93.408821 98.408821
3427 985 1008 76.39122 81.39122
3432 3358 3359 9.736115 14.736115
3433 3354 3358 59.730408 64.730408
3434 3359 3360 9.20888 14.20888
3437 1849 1860 46.615459 51.615459
3438 1837 1849 68.1157 73.1157
3439 1825 1837 85.48745 90.48745
3440 1809 1825 160.062683 165.062683
3441 1831 1835 27.101954 32.101954
3471 3349 3367 311.619904 316.619904
3472 3387 3422 511.792603 516.792603
3473 1040 1047 48.077938 53.077938
3474 999 1040 161.103287 166.103287
3499 3422 3428 62.944324 67.944324
3500 3428 3432 54.810539 59.810539
3504 3341 3342 127.697769 132.697769
3505 3340 3341 21.634766 26.634766
3506 3339 3340 21.184486 26.184486
3507 3337 3339 161.239288 166.239288
3508 3336 3337 195.10112 200.10112
3520 3398 3413 104.196739 109.196739
3521 3395 3398 28.607422 33.607422
3522 3348 3349 8.695968 13.695968
3523 3344 3348 127.495415 132.49541499999998
3524 3342 3343 104.815224 109.815224
3543 3395 3410 100.962891 105.962891
3544 3410 3431 344.696686 349.696686
3546 1854 1883 111.807472 116.807472
3547 1835 1854 108.108498 113.108498
3575 4860 4861 31.824585 36.824585
3576 2495 4860 50.941544 55.941544
3577 1763 1764 4.83838 9.83838
3578 1763 2436 187.5439 192.5439
3579 1759 1763 9.007287 14.007287
3580 2486 2491 35.689194 40.689194
3581 2480 2486 188.280182 193.280182
3582 2432 2434 12.966977 17.966977
3583 2430 2432 9.224698 14.224698
3584 2430 2437 40.91378 45.91378
3585 2437 2440 28.703663 33.703663
3586 2440 2452 46.316006 51.316006
3587 2452 2480 146.850983 151.850983
3588 2480 2495 72.246758 77.246758
3589 4861 4862 74.574608 79.574608
3590 4861 4863 94.202171 99.202171
3591 2491 4863 76.192619 81.192619
3592 2491 4862 106.053711 111.053711
3593 4866 4867 37.933964 42.933964
3594 4865 4866 78.925682 83.925682
3595 4864 4865 43.519981 48.519981
3596 4863 4864 49.667576 54.667576
3598 4869 4872 56.497166 61.497166
3613 917 4945 79.498184 84.498184
3614 4945 4946 59.720703 64.720703
3615 4945 4947 69.51265 74.51265
3616 4947 4950 31.76932 36.76932
3636 1572 1573 4.280423 9.280422999999999
3637 1569 1572 28.423332 33.423332
3661 1762 1768 18.209448 23.209448
3662 1736 1762 170.213821 175.213821
3663 1746 1759 65.069748 70.069748
3664 1744 1746 37.64975 42.64975
3682 1659 1664 8.551238 13.551238
3683 1655 1659 9.592535 14.592535
3684 1623 1655 107.062927 112.062927
3685 1588 1655 216.703583 221.703583
3686 1640 1653 16.918894 21.918894
3687 1617 1640 65.348366 70.348366
3688 1587 1617 135.630127 140.630127
3689 1571 1587 82.058258 87.058258
3698 4885 4887 84.126724 89.126724
3699 4879 4885 64.238449 69.238449
3700 4877 4879 12.687135 17.687134999999998
3701 4874 4877 43.480118 48.480118
3702 4872 4874 55.080009 60.080009
3703 4872 4873 34.542233 39.542233
3707 4880 4882 28.412104 33.412104
3708 4882 4884 31.571915 36.571915000000004
3709 4892 4893 7.644778 12.644777999999999
3710 4877 4892 394.108917 399.108917
3711 4888 4892 60.607788 65.607788
3712 4892 4895 25.879622 30.879622
3713 4895 4898 31.39209 36.392089999999996
3714 1653 1657 42.436031 47.436031
3720 2434 2436 11.812203 16.812203
3721 2436 2439 32.423584 37.423584
3722 2439 2443 18.403696 23.403696
3723 2443 2455 39.972157 44.972157
3724 1777 2455 90.878922 95.878922
3725 1764 1777 47.620808 52.620808
3726 1657 4898 72.920113 77.920113
3727 1658 4898 87.375977 92.375977
3730 1612 1629 139.71402 144.71402
3731 1610 1612 104.164192 109.164192
3732 1582 1612 125.493256 130.493256
3733 1612 1638 78.02948 83.02948
3734 1638 1663 47.017258 52.017258
3735 1638 1658 36.92046 41.92046
3736 1638 4893 100.426613 105.426613
3737 4893 4895 18.241211 23.241211
3740 1732 1733 54.684193 59.684193
3741 1732 1754 218.437622 223.437622
3745 1664 4960 23.988529 28.988529
3746 2494 4960 21.30909 26.30909
3747 2487 2494 37.255169 42.255169
3748 1665 2487 47.998013 52.998013
3753 1559 1561 27.104975 32.104974999999996
3754 1561 1570 112.089386 117.089386
3758 2478 2483 26.03797 31.03797
3759 2483 2489 28.185333 33.185333
3760 2489 2493 22.602972 27.602972
3761 2493 2497 13.375 18.375
3762 2497 2500 10.064107 15.064107
3763 2496 2500 49.051834 54.051834
3764 1664 2496 12.244141 17.244141
3771 2479 2496 85.97406 90.97406
3794 2434 2441 53.81702 58.81702
3795 2441 2447 24.688835 29.688835
3796 2447 2454 22.459341 27.459341
3797 2454 2461 37.19236 42.19236
3798 2461 2466 28.620476 33.620476
3799 2466 2478 64.095276 69.095276
3805 1590 1594 22.245947 27.245947
3806 1582 1594 67.823204 72.823204
3807 1582 1599 66.159813 71.159813
3808 1587 1599 53.790604 58.790604
3818 2478 2484 26.562319 31.562319
3819 2479 2484 60.046497 65.046497
3820 2479 2487 43.211483 48.211483
3827 1569 1589 113.191177 118.191177
3829 1583 1590 43.921104 48.921104
3830 1576 1583 43.283875 48.283875
3831 1570 1576 29.741734 34.741734
3832 1570 1582 72.117485 77.117485
3833 1570 1579 62.261963 67.26196300000001
3834 1571 1579 51.957726 56.957726
3835 1754 1756 55.474953 60.474953
3836 1756 1770 37.247345 42.247345
3837 1733 1756 218.210861 223.210861
3838 1728 1733 41.522369 46.522369
3839 1755 4977 117.066475 122.066475
3842 1784 1791 24.168964 29.168964
3843 1672 1791 56.740788 61.740788
3844 1791 2475 46.735985 51.735985
3845 2473 2475 13.552307 18.552307
3846 1789 2473 61.822815 66.82281499999999
3847 1784 1789 13.623403 18.623403
3848 1785 1789 25.635254 30.635254
3864 1663 4979 42.253365 47.253365
3865 1663 4888 91.666405 96.666405
3873 1571 1577 28.982599 33.982599
3874 1577 1588 55.573441 60.573441
3875 1573 1577 69.754608 74.754608
3876 1573 1578 40.67659 45.67659
3885 1772 1784 39.863785 44.863785
3887 1751 1757 24.4867 29.4867
3893 1750 1752 11.638259 16.638258999999998
3894 1747 1750 22.593668 27.593668
3895 4884 4888 100.572906 105.572906
3896 4884 4886 121.872162 126.872162
3907 1759 1764 9.962077 14.962077
3908 1764 1769 15.097508 20.097507999999998
3909 1769 1775 24.005039 29.005039
3910 1775 1785 34.959362 39.959362
3911 1777 1785 27.134369 32.134369
3912 1674 4886 43.547775 48.547775
3913 1649 1674 39.980499 44.980499
3914 1674 4888 177.012833 182.012833
3931 4947 4952 69.891968 74.891968
3932 902 925 44.211914 49.211914
3933 925 4952 61.34058 66.34058
3934 925 4977 62.046368 67.046368
3942 1578 1580 13.798446 18.798446
3945 1565 1569 25.690948 30.690948
3946 1569 1571 76.924736 81.924736
3947 2471 2474 19.092962 24.092962
3948 2473 2481 39.043747 44.043747
3969 1582 1610 116.618042 121.618042
3970 1610 1642 101.827751 106.827751
3971 1642 1657 21.825493 26.825493
3981 1728 1736 100.816925 105.816925
3982 1736 1744 63.787117 68.787117
3983 1736 1743 45.740295 50.740295
3984 1669 1743 23.561321 28.561321
3987 1759 1776 110.142281 115.142281
3988 1770 1776 20.340227 25.340227
3989 1754 1779 73.139862 78.139862
3995 4976 4977 45.310314 50.310314
3996 890 917 70.726967 75.726967
3997 917 4952 80.327744 85.327744
4003 1580 1588 63.840694 68.840694
4004 1580 1581 5.459513 10.459513000000001
4005 1725 1728 68.611115 73.611115
4015 1575 1585 53.343128 58.343128
4016 1585 1590 14.489746 19.489746
4017 1590 1628 163.201431 168.201431
4029 2448 2450 6.156768 11.156768
4030 2450 2462 52.031601 57.031601
4031 2462 2463 53.246338 58.246338
4032 2450 2463 52.970329 57.970329
4036 1667 1751 21.975626 26.975626
4037 1747 1751 30.801861 35.801861
4038 1744 1747 45.853649 50.853649
4039 1651 1672 37.647339 42.647339
4042 1629 1649 35.722267 40.722267
4043 1628 1629 4.897492 9.897492
4044 1633 4883 145.164108 150.164108
4045 4881 4883 15.503223 20.503223
4047 4881 4886 41.761593 46.761593
4048 2474 2481 19.969128 24.969128
4053 1564 1567 44.655613 49.655613
4054 1567 1571 37.867619 42.867619
4055 890 902 46.819706 51.819706
4056 841 890 205.465057 210.465057
4057 4946 4948 18.57666 23.57666
4066 1665 2475 23.811369 28.811369
4067 1654 1665 20.84454 25.84454
4068 1651 1654 8.235703 13.235703
4069 1623 1651 61.431438 66.431438
4070 1620 1623 10.097595 15.097595
4133 863 871 18.697361 23.697361
4134 858 863 16.434992 21.434992
4135 854 858 18.330639 23.330639
4359 5635 5636 25.393147 30.393147
4360 941 5636 63.669994 68.669994
4361 854 941 238.79425 243.79425
4379 5637 5638 59.228569 64.228569
4416 845 894 184.133759 189.133759
4438 858 867 25.360209 30.360209
4439 867 879 86.502235 91.502235
4440 885 938 127.431244 132.431244
4462 5638 5639 73.226471 78.226471
4533 838 842 48.462788 53.462788
4534 837 838 25.277914 30.277914
4594 845 866 98.122345 103.122345
4624 853 854 12.313153 17.313153
4625 839 853 100.684486 105.684486
4680 885 923 94.967262 99.967262
4681 879 885 18.301666 23.301666
4751 834 835 29.888565 34.888565
4752 832 834 26.518629 31.518629
4753 831 832 43.504452 48.504452
4795 857 878 75.910133 80.910133
4796 857 892 108.609039 113.609039
4797 841 857 103.086662 108.086662
4809 837 845 84.250198 89.250198
4810 831 837 107.283577 112.283577
4811 831 836 100.230949 105.230949
4814 940 5639 103.163414 108.163414
4815 940 4978 96.853065 101.853065
4816 4977 4978 68.134315 73.134315
4888 840 844 38.181007 43.181007
4913 839 847 66.203308 71.203308
4914 847 855 49.741512 54.741512
4915 855 879 87.146179 92.146179
4959 836 846 96.762695 101.762695
4960 846 848 4.174042 9.174042
4963 836 840 49.667801 54.667801
4983 840 851 76.164268 81.164268
4986 876 881 18.615732 23.615732
4989 865 876 39.477448 44.477448
4990 855 865 36.550453 41.550453
5109 4717 4718 80.854553 85.854553
