0 702902
1 718031
2 689584
3 733770
4 749976
5 679380
6 1488777
7 672372
8 764022
9 1463861
10 746140
11 668123
12 394490
13 333806
14 224691
15 206631
16 151969
17 315635
18 36691
19 158267
20 97338
21 1480742
22 109767
23 48823
24 297575
25 36587
26 37021
27 1497932
28 200582
29 97724
30 30961
31 61121
32 24385
33 1515275
34 73354
35 140065
36 24783
37 665133
38 36696
39 36606
40 79214
41 61357
42 36622
43 67030
44 24416
45 18314
46 49179
47 73009
48 18348
49 54894
50 687072
51 91745
52 48810
53 73220
54 595888
55 54924
56 582141
57 36622
58 571739
59 121373
60 18314
61 106904
62 565519
63 18314
64 109694
65 567552
66 3604234
67 118098
68 519019
69 58091
70 52438
71 48776
72 365069
73 50543
74 2463876
75 57834
76 362571
77 131176
78 36622
79 106655
80 1151106
81 361506
82 3336467
83 172955
84 365020
85 983179
86 36624
87 177926
88 164237
89 1142443
90 36618
91 706505
92 321838
93 646678
94 169411
95 18315
96 1127910
97 54912
98 36617
99 692547
100 18313
101 581597
102 590338
103 54927
104 312588
105 1121907
106 36612
107 274819
108 219110
109 591949
110 1136777
111 18315
112 79202
113 451560
114 18312
115 60949
116 126703
117 158393
118 3194175
119 4072361
120 4038142
121 3199606
122 916309
123 3207394
124 4035341
125 3217128
126 6206923
127 907459
128 2954274
129 3224930
130 3111782
131 1991037
132 303634
133 903663
134 2967860
135 288816
136 142770
137 66197
138 4034904
139 2845590
140 889165
141 49823
142 397319
143 66205
144 36622
145 91510
146 1982459
147 787778
148 73222
149 58761
150 30517
151 361427
152 24416
153 38781
154 51724
155 18315
156 18314
157 150297
158 895708
159 2874024
160 1975645
161 382358
162 2661464
163 32226
164 321018
165 2106550
166 157907
167 290053
168 88283
169 141634
170 51561
171 2210911
172 345633
173 276199
174 160804
175 31964
176 149929
177 18313
178 862102
179 173153
180 263698
181 153528
182 73222
183 321308
184 3229025
185 292526
186 278112
187 24415
188 30518
189 169983
190 1433583
191 164611
192 18315
193 986231
194 1270471
195 18313
196 455250
197 2260577
198 437080
199 117539
200 105594
201 902218
202 55506
203 172554
204 2026150
205 50725
206 1897224
207 351069
208 441842
209 487343
210 103479
211 42542
212 333654
213 110492
214 53622
215 974331
216 73222
217 322183
218 418904
219 168815
220 41824
221 30517
222 44803
223 163119
224 316521
225 24416
226 45612
227 1189417
228 184202
229 139626
230 424176
231 18315
232 100319
233 299653
234 285373
235 281744
236 3238599
237 3248919
238 8758853
239 5112696
240 3571500
241 606576
242 5986130
243 1690443
244 1469259
245 593724
246 244677
247 48292
248 1675611
249 1459687
250 350103
251 19416
252 18310
253 4418490
254 533011
255 357204
256 1249656
257 501139
258 2513049
259 450365
260 36614
261 1674876
262 164903
263 2237120
264 127162
265 18313
266 18310
267 20506
268 115260
269 3446979
270 8027623
271 89326
272 23588
273 3456131
274 18314
275 76032
276 2261906
277 235835
278 445534
279 19603
280 18314
281 3430864
282 45052
283 233714
284 169554
285 536585
286 28665
287 20736
288 256947
289 47485
290 4009974
291 159663
292 4405326
293 228309
294 1315762
295 30380
296 186889
297 145545
298 36622
299 1213056
300 81295
301 1023248
302 81150
303 141525
304 1317258
305 143380
306 4568511
307 43792
308 271691
309 7342681
310 18314
311 50453
312 19333
313 2078551
314 59636
315 141469
316 128180
317 257455
318 54924
319 933691
320 121190
321 24417
322 18314
323 950840
324 137502
325 33862
326 2651394
327 67394
328 4069950
329 252394
330 104348
331 1209819
332 36619
333 54890
334 329817
335 333240
336 64671
337 1013425
338 24588
339 2413961
340 38078
341 1028863
342 110045
343 113400
344 18314
345 454743
346 261128
347 958510
348 1059082
349 36600
350 31228
351 2063571
352 371104
353 123646
354 18311
355 4112855
356 4077902
357 4073909
358 7623584
359 1956409
360 1740029
361 229830
362 3976091
363 1789156
364 1818384
365 349599
366 5545939
367 354754
368 1444059
369 357611
370 2484603
371 37523
372 477880
373 363301
374 47496
375 18311
376 18308
377 226108
378 824563
379 4074658
380 211794
381 361332
382 446385
383 622160
384 1576601
385 177018
386 2469606
387 26357
388 1328319
389 18315
390 2438253
391 396496
392 578952
393 5553232
394 18315
395 359506
396 715404
397 636891
398 621057
399 111251
400 227030
401 636801
402 212347
403 18315
404 2070587
405 95185
406 148384
407 820236
408 1275824
409 124210
410 317371
411 199608
412 463711
413 544321
414 189085
415 348352
416 82989
417 310583
418 588325
419 164515
420 48111
421 538426
422 343820
423 328525
424 146276
425 558859
426 109726
427 310312
428 546753
429 75320
430 18315
431 73225
432 543134
433 18305
434 24417
435 1253716
436 30519
437 292093
438 18317
439 37463
440 18315
441 93657
442 91460
443 18305
444 273868
445 54883
446 494445
447 24745
448 5340835
449 2029206
450 18305
451 548636
452 50088
453 18305
454 229209
455 58394
456 30157
457 18313
458 23900
459 224907
460 35808
461 38039
462 53205
463 468829
464 310976
465 215918
466 693878
467 18308
468 301048
469 4040923
470 36590
471 35777
472 912066
473 921752
474 932153
475 903434
476 944048
477 898480
478 957238
479 4604385
480 898777
481 3080594
482 1593953
483 111670
484 1480824
485 101838
486 92752
487 84021
488 3143418
489 1473041
490 75810
491 3584658
492 1726093
493 68744
494 373475
495 63851
496 585729
497 2843957
498 65637
499 127452
500 111992
501 661247
502 774624
503 96539
504 78664
505 61858
506 355301
507 328284
508 248701
509 57243
510 104455
511 244691
512 3035202
513 63762
514 122121
515 1394922
516 312519
517 86623
518 1379937
519 128758
520 660150
521 241849
522 72964
523 306411
524 241386
525 69752
526 69382
527 18314
528 727718
529 54769
530 798903
531 148268
532 288880
533 725043
534 603262
535 3594592
536 2335522
537 347664
538 230886
539 1347316
540 272040
541 196681
542 41243
543 343031
544 34007
545 73171
546 339652
547 125761
548 36597
549 36598
550 18301
551 18302
552 33838
553 338207
554 120630
555 600505
556 163620
557 18314
558 558275
559 36622
560 255972
561 575089
562 18314
563 246095
564 87775
565 18302
566 1022991
567 67390
568 54924
569 54889
570 54920
571 628064
572 192020
573 18302
574 36622
575 1447944
576 18302
577 349562
578 50748
579 18314
580 90523
581 1307049
582 2031761
583 97334
584 40386
585 72245
586 41836
587 18313
588 18309
589 138932
590 4037044
591 3606708
592 7349970
593 14552976
594 4474607
595 4963897
596 2794828
597 4974867
598 36620
599 2772841
600 18313
601 924367
602 2741230
603 36618
604 146354
605 2735648
606 908450
607 2824655
608 109786
609 18312
610 1751540
611 1494230
612 91502
613 18314
614 1811959
615 73212
616 1407315
617 54917
618 533640
619 562687
620 1817417
621 4212985
622 36617
623 902847
624 847416
625 584728
626 416780
627 4105193
628 18311
629 1417224
630 544596
631 12325056
632 73219
633 36617
634 116524
635 1306441
636 784068
637 621253
638 18313
639 114551
640 1257263
641 36620
642 18313
643 548195
644 535181
645 820115
646 100992
647 18313
648 108738
649 474835
650 1244911
651 87085
652 2820763
653 805519
654 78985
655 536436
656 116854
657 2924165
658 77962
659 54905
660 105215
661 805025
662 2147918
663 1247904
664 36609
665 18307
666 144014
667 2829333
668 585779
669 607033
670 83481
671 54421
672 866594
673 406009
674 749424
675 138537
676 416432
677 903195
678 102575
679 46215
680 211252
681 173171
682 1327948
683 109609
684 1320238
685 210115
686 623422
687 164832
688 159129
689 36620
690 1881937
691 471749
692 54909
693 120303
694 36612
695 18313
696 91337
697 527592
698 105845
699 18309
700 54924
701 2817151
702 18313
703 807340
704 674670
705 1408203
706 283659
707 73060
708 36622
709 18314
710 12326575
711 13818576
712 11961243
713 3350920
714 14661366
715 3747591
716 2462509
717 2451878
718 2816657
719 1313579
720 2611115
721 2042989
722 950857
723 996516
724 1207687
725 563600
726 1398311
727 1179725
728 1305428
729 1308706
730 549329
731 11043155
732 917990
733 1386225
734 651859
735 397117
736 2041516
737 1698155
738 18304
739 539984
740 714952
741 392114
742 699064
743 236456
744 928119
745 683830
746 1573009
747 1197132
748 669297
749 1899705
750 656047
751 487267
752 1203134
753 905560
754 1068679
755 934424
756 1845624
757 899097
758 81890
759 743299
760 648550
761 588810
762 480526
763 1180368
764 478810
765 1508834
766 1045334
767 358558
768 73616
769 906152
770 1706624
771 106416
772 1071234
773 646831
774 301755
775 741362
776 116389
777 596299
778 1059763
779 1560699
780 18314
781 406731
782 683245
783 203165
784 832733
785 741474
786 28881
787 253122
788 2148455
789 1071214
790 1262344
791 1058188
792 689999
793 582066
794 188153
795 134047
796 392506
797 368721
798 1090994
799 418827
800 178169
801 344218
802 1081910
803 11040517
804 60229
805 67859
806 930736
807 57539
808 377472
809 2170179
810 1682185
811 46207
812 64385
813 291759
814 73217
815 345831
816 30515
817 922490
818 24415
819 381111
820 1862529
821 178593
822 36490
823 18315
824 389683
825 586501
826 36614
827 1762080
828 18314
829 10699719
830 10699049
831 15504253
832 2896758
833 14035279
834 2880801
835 3054525
836 1285423
837 5252888
838 533423
839 2819984
840 1213407
841 2661521
842 519754
843 316545
844 1142268
845 4891708
846 73222
847 1680024
848 54925
849 36622
850 18314
851 88545
852 507711
853 1133850
854 1448248
855 1675643
856 1093546
857 54930
858 683384
859 54927
860 312586
861 36624
862 497348
863 355544
864 18315
865 109787
866 4669754
867 322155
868 489621
869 3113726
870 36624
871 387863
872 1222812
873 18315
874 50123
875 42085
876 91502
877 2677714
878 18315
879 1860300
880 3876287
881 73211
882 133395
883 40113
884 429213
885 1862157
886 577207
887 51106
888 54916
889 1217714
890 2615069
891 36616
892 18315
893 1142721
894 494681
895 1270005
896 18310
897 3863107
898 359106
899 164588
900 115207
901 940949
902 2405268
903 143284
904 379537
905 54920
906 1440858
907 78741
908 869629
909 93123
910 126469
911 656911
912 3051049
913 340921
914 2607968
915 1304843
916 110817
917 227729
918 390296
919 2748666
920 113235
921 1838109
922 100955
923 211916
924 322864
925 1608139
926 124319
927 36617
928 211922
929 57248
930 963767
931 54927
932 146321
933 36624
934 852397
935 824900
936 1423839
937 18315
938 1665989
939 153895
940 1308321
941 1167438
942 1659570
943 18315
944 281720
945 36620
946 128075
947 11915335
948 11911625
949 15891807
950 3978066
951 9893017
952 3977548
953 6538641
954 231650
955 216415
956 3667099
957 356171
958 191655
959 3089748
960 3658523
961 185008
962 175134
963 1255620
964 1258505
965 3051866
966 3650512
967 258749
968 18308
969 316449
970 18314
971 214121
972 196710
973 3719645
974 3330222
975 307772
976 109797
977 7420421
978 1034890
979 300105
980 91512
981 158991
982 5708964
983 73221
984 986643
985 2967384
986 191292
987 143355
988 284127
989 54924
990 362426
991 168456
992 347562
993 55461
994 36622
995 595475
996 183724
997 219316
998 441483
999 54926
1000 530276
1001 468403
1002 351191
1003 1581076
1004 515566
1005 84895
1006 3327061
1007 201071
1008 54926
1009 4405210
1010 36620
1011 182845
1012 18315
1013 3321848
1014 58661
1015 256415
1016 79285
1017 18313
1018 172629
1019 18307
1020 4322168
1021 18314
1022 3290366
1023 36622
1024 203430
1025 382477
1026 61003
1027 3349688
1028 50517
1029 85335
1030 42724
1031 67058
1032 36623
1033 405973
1034 18310
1035 48779
1036 2984218
1037 501373
1038 33146
1039 30509
1040 36623
1041 18344
1042 18314
1043 24447
1044 5694290
1045 403389
1046 477526
1047 18315
1048 26515
1049 424567
1050 5500135
1051 1002339
1052 265797
1053 40349
1054 4268938
1055 2682324
1056 18314
1057 2710481
1058 2486871
1059 2307183
1060 718813
1061 260106
1062 288571
1063 489336
1064 2491917
1065 5572707
1066 5562211
1067 588650
1068 342438
1069 63304
1070 238161
1071 247118
1072 37915
1073 110236
1074 214105
1075 987596
1076 130708
1077 85604
1078 890388
1079 2710935
1080 124236
1081 163283
1082 39905
1083 23919
1084 58756
1085 1494939
1086 54921
1087 140771
1088 20629
1089 18312
1090 34415
1091 36620
1092 133348
1093 18313
1094 208020
1095 853325
1096 73190
1097 1477884
1098 90527
1099 86297
1100 1111257
1101 18305
1102 1106532
1103 833677
1104 77858
1105 36604
1106 18289
1107 36619
1108 1461248
1109 326313
1110 18305
1111 174726
1112 78433
1113 367332
1114 322355
1115 2302578
1116 1445523
1117 1470085
1118 146486
1119 303978
1120 150181
1121 46635
1122 287740
1123 18314
1124 1329210
1125 705471
1126 1059284
1127 36622
1128 273706
1129 601571
1130 320725
1131 54911
1132 601354
1133 167732
1134 228711
1135 36609
1136 18314
1137 18301
1138 32881
1139 160371
1140 18312
1141 229141
1142 85718
1143 176052
1144 322042
1145 120002
1146 18313
1147 544160
1148 817412
1149 347898
1150 544210
1151 24290
1152 772875
1153 237987
1154 142774
1155 577936
1156 633150
1157 210554
1158 372521
1159 227421
1160 68331
1161 18314
1162 221275
1163 123939
1164 191716
1165 131919
1166 458290
1167 18311
1168 223996
1169 105543
1170 877934
1171 113866
1172 230673
1173 164540
1174 701065
1175 443633
1176 90820
1177 96329
1178 18312
1179 146312
1180 410335
1181 78363
1182 243281
1183 72253
1184 54900
1185 181744
1186 121706
1187 72270
1188 62932
1189 48151
1190 115476
1191 189991
1192 25313
1193 125685
1194 30716
1195 98202
1196 117090
1197 660565
1198 54420
1199 43903
1200 917443
1201 57738
1202 91079
1203 484460
1204 391385
1205 929516
1206 76633
1207 26750
1208 86898
1209 658315
1210 90688
1211 18314
1212 915309
1213 940113
1214 101110
1215 113337
1216 1100397
1217 289427
1218 482939
1219 106001
1220 4337274
1221 116782
1222 1236744
1223 4302479
1224 432458
1225 4494460
1226 4298951
1227 72724
1228 4464430
1229 1278367
1230 342059
1231 54958
1232 699418
1233 4297682
1234 1353059
1235 378672
1236 340326
1237 250603
1238 701436
1239 4440293
1240 799845
1241 196289
1242 176252
1243 168025
1244 18313
1245 742045
1246 67536
1247 4388160
1248 187209
1249 262077
1250 166212
1251 48606
1252 107674
1253 77297
1254 797867
1255 172545
1256 4431144
1257 73333
1258 1130598
1259 69005
1260 38309
1261 805850
1262 487533
1263 3317836
1264 1010769
1265 60005
1266 2275442
1267 593089
1268 186328
1269 56745
1270 3728193
1271 34596
1272 2581127
1273 57256
1274 2029774
1275 1532005
1276 377844
1277 219333
1278 415890
1279 821043
1280 55597
1281 436158
1282 46988
1283 55525
1284 407936
1285 3512561
1286 1056155
1287 2941427
1288 263154
1289 74211
1290 758010
1291 869984
1292 3488325
1293 1971472
1294 937842
1295 259787
1296 374734
1297 506619
1298 2448979
1299 68225
1300 49022
1301 982666
1302 44620
1303 456436
1304 24960
1305 464715
1306 30208
1307 826728
1308 26131
1309 396372
1310 23115
1311 65594
1312 1471326
1313 442050
1314 34756
1315 397126
1316 43696
1317 1015676
1318 425787
1319 682039
1320 410526
1321 104690
1322 340699
1323 680685
1324 1014069
1325 397057
1326 356986
1327 116872
1328 787556
1329 90917
1330 1075489
1331 41030
1332 38251
1333 187199
1334 384655
1335 78526
1336 1063186
1337 18312
1338 38241
1339 1072515
1340 58519
1341 381368
1342 28620
1343 1069421
1344 121634
1345 43548
1346 387800
1347 73675
1348 783752
1349 495720
1350 36618
1351 730406
1352 18311
1353 415822
1354 494590
1355 123073
1356 1072820
1357 71976
1358 185462
1359 395443
1360 34045
1361 53785
1362 1078227
1363 54924
1364 346776
1365 18314
1366 888536
1367 36622
1368 178472
1369 1085166
1370 317397
1371 171760
1372 1118366
1373 18314
1374 37143
1375 72341
1376 18314
1377 63404
1378 36613
1379 589037
1380 404102
1381 618359
1382 320382
1383 87760
1384 324309
1385 414281
1386 66049
1387 1115801
1388 668794
1389 49234
1390 18310
1391 59197
1392 134570
1393 1799253
1394 314537
1395 55892
1396 18306
1397 36621
1398 714304
1399 45814
1400 275084
1401 1878553
1402 617440
1403 1989391
1404 701800
1405 757991
1406 36622
1407 370634
1408 821292
1409 229545
1410 816808
1411 18314
1412 214297
1413 18313
1414 220141
1415 2121404
1416 82583
1417 690403
1418 214700
1419 161984
1420 821590
1421 109802
1422 18313
1423 54915
1424 36621
1425 18313
1426 128065
1427 18313
1428 447864
1429 515574
1430 465060
1431 423733
1432 253974
1433 52401
1434 34101
1435 18311
1436 559992
1437 235075
1438 54914
1439 18309
1440 18310
1441 421140
1442 510184
1443 539079
1444 499507
1445 126685
1446 523386
1447 150534
1448 686979
1449 211885
1450 508184
1451 581684
1452 54879
1453 36591
1454 18312
1455 575006
1456 18298
1457 54900
1458 854022
1459 810522
1460 997658
1461 685341
1462 1045824
1463 91481
1464 36606
1465 811905
1466 73194
1467 432106
1468 201010
1469 54902
1470 146214
1471 695021
1472 36606
1473 91504
1474 18306
1475 18314
1476 415887
1477 18306
1478 36468
1479 36621
1480 1067890
1481 18161
1482 73214
1483 18313
1484 54919
1485 36618
1486 400382
1487 1036763
1488 18312
1489 589764
1490 1069377
1491 679990
1492 396802
1493 389560
1494 36622
1495 18314
1496 1258482
1497 444916
1498 390863
1499 430570
1500 738699
1501 65571
1502 73208
1503 308341
1504 78619
1505 18315
1506 600580
1507 383609
1508 54913
1509 384589
1510 274210
1511 310862
1512 36623
1513 302595
1514 386338
1515 36611
1516 391828
1517 201119
1518 92817
1519 18314
1520 428824
1521 649686
1522 468278
1523 182884
1524 108112
1525 343008
1526 164649
1527 91465
1528 18314
1529 36621
1530 58715
1531 18313
1532 18305
1533 141852
1534 410824
1535 59573
1536 366595
1537 21412
1538 18311
1539 182737
1540 54860
1541 36579
1542 73137
1543 18291
1544 200913
1545 36581
1546 219161
1547 18292
1548 18293
1549 268510
1550 31476
1551 36577
1552 19015
1553 24494
1554 18291
1555 42395
1556 60569
1557 3650815
1558 2959548
1559 2478559
1560 1115462
1561 1359186
1562 2983655
1563 152260
1564 1110288
1565 3061118
1566 98522
1567 1117633
1568 137784
1569 3755423
1570 1385442
1571 2090273
1572 2537575
1573 2487347
1574 18313
1575 126187
1576 56860
1577 1092940
1578 2477883
1579 50769
1580 2845393
1581 2822363
1582 1961318
1583 42812
1584 2839231
1585 117577
1586 72089
1587 978572
1588 1384633
1589 1049916
1590 141178
1591 106613
1592 2333020
1593 46352
1594 41693
1595 43968
1596 182387
1597 548976
1598 2324570
1599 636964
1600 170087
1601 1855752
1602 44001
1603 23050
1604 85682
1605 29344
1606 501862
1607 137141
1608 2329716
1609 41826
1610 1513301
1611 78130
1612 481800
1613 497930
1614 1023721
1615 25212
1616 91268
1617 57560
1618 81036
1619 59100
1620 2433098
1621 837663
1622 52034
1623 2465023
1624 45772
1625 95167
1626 982770
1627 1117033
1628 108632
1629 192337
1630 348198
1631 1831335
1632 50686
1633 65584
1634 125478
1635 430348
1636 1479489
1637 590170
1638 369889
1639 319274
1640 45941
1641 135791
1642 1508771
1643 115642
1644 608880
1645 139679
1646 345139
1647 384990
1648 2293802
1649 104224
1650 75450
1651 2605547
1652 115526
1653 37584
1654 2578643
1655 1071241
1656 332715
1657 2112622
1658 29470
1659 986867
1660 373369
1661 302784
1662 25380
1663 211692
1664 1049967
1665 2673693
1666 880918
1667 47861
1668 385812
1669 658204
1670 2262919
1671 348132
1672 321774
1673 798366
1674 103707
1675 326776
1676 285548
1677 1062908
1678 603456
1679 108958
1680 191557
1681 526567
1682 578918
1683 850826
1684 64411
1685 947163
1686 38416
1687 23837
1688 259961
1689 100719
1690 87325
1691 387625
1692 882252
1693 40460
1694 533340
1695 378424
1696 562148
1697 553208
1698 134270
1699 289616
1700 846314
1701 54892
1702 591421
1703 282920
1704 374790
1705 109481
1706 2366919
1707 3559076
1708 18313
1709 1539844
1710 1585606
1711 307404
1712 18307
1713 358549
1714 43261
1715 2971910
1716 135812
1717 2925677
1718 1619793
1719 109827
1720 73195
1721 54902
1722 36603
1723 18299
1724 847106
1725 867071
1726 43889
1727 1078347
1728 1525101
1729 1123854
1730 278488
1731 288733
1732 775902
1733 739921
1734 2548777
1735 147325
1736 2229417
1737 129961
1738 116082
1739 522499
1740 132719
1741 2430074
1742 358095
1743 664648
1744 1553121
1745 2392895
1746 1339165
1747 219006
1748 335062
1749 146537
1750 145495
1751 70614
1752 135343
1753 37546
1754 715609
1755 2397433
1756 731706
1757 20764
1758 1083503
1759 2034648
1760 133945
1761 1075043
1762 797317
1763 1664499
1764 382742
1765 399091
1766 39770
1767 1037820
1768 794798
1769 286543
1770 722262
1771 1035764
1772 223448
1773 1061437
1774 70585
1775 280700
1776 715845
1777 155770
1778 1061561
1779 647920
1780 107012
1781 1077403
1782 70705
1783 327467
1784 209210
1785 379157
1786 646391
1787 62876
1788 73596
1789 429837
1790 1000353
1791 50252
1792 77385
1793 288207
1794 92540
1795 49340
1796 41860
1797 213826
1798 137641
1799 282756
1800 55742
1801 271185
1802 1312667
1803 2974324
1804 1297300
1805 1183657
1806 2683378
1807 1280900
1808 1153480
1809 2907500
1810 2668951
1811 492877
1812 1613598
1813 2284946
1814 1277765
1815 18314
1816 1552410
1817 54907
1818 1566987
1819 495650
1820 448312
1821 36610
1822 2984506
1823 2273475
1824 18307
1825 1740383
1826 92081
1827 432579
1828 63967
1829 18311
1830 56584
1831 3946461
1832 1616823
1833 1167930
1834 2232558
1835 3093014
1836 3127439
1837 962027
1838 79639
1839 1073520
1840 736361
1841 24037
1842 24131
1843 52082
1844 61926
1845 54925
1846 424457
1847 699857
1848 36623
1849 980075
1850 2186292
1851 1051404
1852 166088
1853 18314
1854 114559
1855 30884
1856 55563
1857 239830
1858 1106980
1859 18314
1860 54903
1861 149280
1862 36582
1863 52211
1864 682942
1865 723434
1866 36607
1867 1133244
1868 133057
1869 1541863
1870 3085784
1871 98424
1872 646077
1873 39010
1874 28504
1875 2162117
1876 5704588
1877 20935
1878 122748
1879 30336
1880 18294
1881 751620
1882 81854
1883 54922
1884 18315
1885 18306
1886 2407614
1887 93344
1888 36622
1889 1048188
1890 46029
1891 967108
1892 36620
1893 117825
1894 260513
1895 1504423
1896 250902
1897 516857
1898 63033
1899 28529
1900 18314
1901 187136
1902 209497
1903 762972
1904 101599
1905 54924
1906 199390
1907 36621
1908 134192
1909 177797
1910 18313
1911 341158
1912 173783
1913 189531
1914 114169
1915 137651
1916 91501
1917 18309
1918 229436
1919 73212
1920 141226
1921 304027
1922 105527
1923 54916
1924 346853
1925 36620
1926 92657
1927 75697
1928 18314
1929 126127
1930 141410
1931 18312
1932 50103
1933 36615
1934 233482
1935 23934
1936 111487
1937 18313
1938 36624
1939 18310
1940 339108
1941 49040
1942 203196
1943 165891
1944 119636
1945 70788
1946 18315
1947 130502
1948 97646
1949 18314
1950 53438
1951 18313
1952 18314
1953 1324836
1954 53305
1955 308035
1956 179863
1957 134738
1958 58822
1959 292422
1960 178959
1961 1226173
1962 287657
1963 128057
1964 131766
1965 155380
1966 109779
1967 133077
1968 91495
1969 146034
1970 1459327
1971 203221
1972 142195
1973 1477539
1974 278251
1975 970446
1976 162205
1977 183310
1978 128981
1979 49270
1980 127954
1981 2031434
1982 157928
1983 73205
1984 48390
1985 151722
1986 54912
1987 46246
1988 259833
1989 36613
1990 55578
1991 91522
1992 18309
1993 161444
1994 36621
1995 61745
1996 127421
1997 36623
1998 97133
1999 180476
2000 156108
2001 166472
2002 117828
2003 128800
2004 2026574
2005 36572
2006 54929
2007 128095
2008 359628
2009 1991043
2010 18314
2011 193539
2012 26607
2013 18314
2014 59095
2015 109757
2016 365264
2017 24424
2018 363867
2019 36620
2020 18315
2021 18315
2022 77121
2023 73215
2024 18315
2025 1257621
2026 73209
2027 354397
2028 272493
2029 293535
2030 167666
2031 84599
2032 61199
2033 1533403
2034 1304236
2035 327988
2036 234771
2037 1300546
2038 46840
2039 4209680
2040 288901
2041 392155
2042 198594
2043 323697
2044 218745
2045 306497
2046 113395
2047 2905557
2048 176340
2049 304681
2050 50176
2051 1549871
2052 254915
2053 88862
2054 223417
2055 4175202
2056 82756
2057 2437590
2058 83527
2059 77945
2060 33855
2061 178359
2062 120938
2063 71008
2064 2458809
2065 434520
2066 240449
2067 80908
2068 396076
2069 2380196
2070 82447
2071 53892
2072 2417455
2073 3519295
2074 87742
2075 664786
2076 109410
2077 23636
2078 480248
2079 169749
2080 128358
2081 351134
2082 56463
2083 172641
2084 78457
2085 1605762
2086 36616
2087 27442
2088 42625
2089 47210
2090 173406
2091 245846
2092 458833
2093 79249
2094 753988
2095 131716
2096 2064986
2097 60864
2098 18309
2099 670317
2100 593257
2101 710246
2102 124513
2103 431809
2104 103323
2105 73218
2106 92312
2107 132605
2108 443665
2109 30514
2110 412002
2111 24416
2112 28795
2113 390309
2114 984647
2115 18314
2116 125000
2117 153198
2118 37696
2119 155969
2120 525242
2121 264736
2122 81368
2123 18314
2124 82861
2125 40024
2126 683466
2127 83839
2128 234571
2129 35779
2130 55573
2131 139404
2132 244795
2133 32877
2134 1685556
2135 91024
2136 196789
2137 233182
2138 1638279
2139 1985436
2140 621968
2141 54916
2142 1243566
2143 134456
2144 213425
2145 1235947
2146 527603
2147 804801
2148 813700
2149 1338478
2150 798074
2151 97976
2152 844785
2153 87901
2154 531354
2155 695650
2156 89667
2157 1472057
2158 369564
2159 614460
2160 686138
2161 123590
2162 451978
2163 1369873
2164 32201
2165 137986
2166 1887577
2167 137431
2168 19664
2169 18309
2170 73212
2171 54878
2172 18313
2173 372513
2174 36591
2175 36609
2176 18316
2177 18313
2178 615292
2179 260847
2180 555254
2181 770660
2182 324807
2183 18298
2184 24801
2185 256052
2186 475951
2187 542178
2188 36618
2189 174674
2190 750922
2191 139810
2192 76006
2193 504850
2194 18313
2195 535010
2196 1944280
2197 951192
2198 248037
2199 514725
2200 240270
2201 534276
2202 54917
2203 245723
2204 2038485
2205 18310
2206 18314
2207 71730
2208 184736
2209 429635
2210 18302
2211 305882
2212 18309
2213 60096
2214 18309
2215 86021
2216 818383
2217 18311
2218 308521
2219 301904
2220 18312
2221 797107
2222 319169
2223 678405
2224 79246
2225 332467
2226 114228
2227 348213
2228 18308
2229 1942356
2230 18313
2231 668877
2232 347780
2233 351380
2234 468456
2235 76974
2236 18314
2237 357709
2238 155396
2239 271538
2240 991686
2241 18309
2242 203246
2243 363452
2244 338852
2245 18312
2246 79249
2247 18311
2248 18309
2249 368012
2250 261818
2251 320963
2252 452386
2253 87514
2254 111171
2255 73219
2256 379648
2257 18306
2258 204541
2259 413567
2260 151284
2261 18310
2262 36616
2263 303576
2264 18314
2265 391669
2266 38081
2267 28396
2268 26204
2269 32219
2270 316889
2271 243715
2272 433111
2273 22304
2274 250689
2275 56488
2276 298714
2277 44641
2278 81224
2279 280537
2280 699044
2281 164584
2282 262384
2283 66202
2284 253337
2285 126524
2286 63073
2287 146321
2288 128206
2289 48560
2290 777637
2291 55883
2292 134341
2293 144916
2294 795021
2295 128051
2296 218687
2297 73514
2298 127633
2299 203425
2300 216963
2301 109776
2302 231179
2303 248805
2304 36621
2305 266470
2306 812628
2307 380038
2308 91495
2309 244256
2310 18314
2311 830287
2312 379373
2313 154067
2314 847962
2315 206350
2316 226148
2317 395279
2318 95325
2319 208056
2320 190047
2321 164433
2322 412062
2323 73208
2324 368748
2325 385056
2326 86011
2327 67856
2328 402682
2329 54915
2330 146171
2331 49825
2332 865682
2333 176253
2334 501190
2335 174191
2336 420319
2337 128063
2338 188991
2339 127918
2340 883470
2341 32054
2342 1136222
2343 73192
2344 669982
2345 36599
2346 73207
2347 772576
2348 517346
2349 678968
2350 18306
2351 740168
2352 18307
2353 692087
2354 20793
2355 91461
2356 438016
2357 109785
2358 630791
2359 706480
2360 54913
2361 722099
2362 109658
2363 26265
2364 73179
2365 534985
2366 126057
2367 121391
2368 54891
2369 485996
2370 91502
2371 18303
2372 36613
2373 24404
2374 26500
2375 43110
2376 121608
2377 175587
2378 729904
2379 527674
2380 18309
2381 91394
2382 73124
2383 163673
2384 273170
2385 108932
2386 18314
2387 18314
2388 42695
2389 193885
2390 218016
2391 79367
2392 61199
2393 330171
2394 94415
2395 170468
2396 36652
2397 92330
2398 18312
2399 18387
2400 110667
2401 42698
2402 61063
2403 176300
2404 596771
2405 54925
2406 110200
2407 36623
2408 18313
2409 47182
2410 72318
2411 18315
2412 36634
2413 194405
2414 91835
2415 614415
2416 124013
2417 18311
2418 61559
2419 650670
2420 73654
2421 89901
2422 97622
2423 113644
2424 18314
2425 5287543
2426 4995240
2427 131698
2428 125389
2429 5064928
2430 5061210
2431 109546
2432 4775939
2433 112958
2434 4830328
2435 5127988
2436 4669720
2437 312461
2438 54103
2439 3049347
2440 308612
2441 249768
2442 124602
2443 3063013
2444 107302
2445 5125306
2446 4976050
2447 240394
2448 2985628
2449 45917
2450 2980725
2451 243827
2452 305999
2453 4960774
2454 231896
2455 105114
2456 135409
2457 4836629
2458 245878
2459 109850
2460 137402
2461 227584
2462 2293981
2463 727812
2464 42883
2465 118856
2466 228381
2467 86595
2468 255989
2469 176730
2470 19748
2471 903289
2472 92030
2473 2592231
2474 184500
2475 2404678
2476 51682
2477 159776
2478 672063
2479 1239909
2480 2093663
2481 187086
2482 101921
2483 692666
2484 472401
2485 143726
2486 1834425
2487 389873
2488 133352
2489 244348
2490 73218
2491 52484
2492 133764
2493 249541
2494 94606
2495 1740394
2496 1093249
2497 279591
2498 1713164
2499 141570
2500 564860
2501 1245518
2502 854325
2503 446314
2504 838830
2505 54850
2506 36573
2507 490592
2508 18290
2509 667469
2510 110046
2511 174558
2512 128061
2513 693711
2514 369392
2515 791395
2516 74064
2517 60259
2518 365456
2519 41218
2520 18311
2521 368136
2522 109789
2523 37128
2524 796372
2525 48809
2526 994427
2527 42710
2528 30516
2529 18320
2530 24416
2531 18312
2532 341090
2533 966174
2534 1006353
2535 348883
2536 706626
2537 346130
2538 349650
2539 1150133
2540 1163936
2541 873619
2542 1079155
2543 532343
2544 881307
2545 540748
2546 890470
2547 1097700
2548 1259727
2549 900176
2550 1323775
2551 490855
2552 626330
2553 922169
2554 897122
2555 612483
2556 662765
2557 242286
2558 472701
2559 555594
2560 57102
2561 151916
2562 62716
2563 211081
2564 454541
2565 600911
2566 112994
2567 543316
2568 96769
2569 267750
2570 36619
2571 655393
2572 61879
2573 436377
2574 842420
2575 54918
2576 100673
2577 21449
2578 1502049
2579 253982
2580 153200
2581 31945
2582 18311
2583 874606
2584 418208
2585 36617
2586 190710
2587 1306160
2588 880880
2589 198597
2590 212862
2591 400038
2592 36612
2593 18311
2594 18309
2595 872561
2596 282269
2597 381862
2598 1323647
2599 54916
2600 36608
2601 36616
2602 216929
2603 18311
2604 1227626
2605 839379
2606 363681
2607 903769
2608 1234025
2609 192262
2610 437735
2611 1397906
2612 345496
2613 208138
2614 18306
2615 957138
2616 1060668
2617 327304
2618 149497
2619 790100
2620 776410
2621 764598
2622 756710
2623 18299
2624 54882
2625 18299
2626 73164
2627 109730
2628 146269
2629 18304
2630 18305
2631 321900
2632 217790
2633 184955
2634 36605
2635 18304
2636 54692
2637 18311
2638 37228
2639 55748
2640 18312
2641 121717
2642 103564
2643 24468
2644 73118
2645 30552
2646 36565
2647 18289
2648 42710
2649 18289
2650 18311
2651 54919
2652 18311
2653 73186
2654 54911
2655 36637
2656 24437
2657 24431
2658 36627
2659 54908
2660 73189
2661 73210
2662 30505
2663 36616
2664 18311
2665 18313
2666 18205
2667 36406
2668 72797
2669 18208
2670 109165
2671 18208
2672 127326
2673 145493
2674 163657
2675 181815
2676 199967
2677 218117
2678 236322
2679 254523
2680 272722
2681 290917
2682 309107
2683 18312
2684 18314
2685 304319
2686 337809
2687 109777
2688 91493
2689 265921
2690 73206
2691 54914
2692 24414
2693 18311
2694 267964
2695 130487
2696 145337
2697 72707
2698 44427
2699 29224
2700 18308
2701 36613
2702 526924
2703 484315
2704 478128
2705 18302
2706 893259
2707 907975
2708 878793
2709 864613
2710 850651
2711 836872
2712 872756
2713 553767
2714 539740
2715 375958
2716 923181
2717 536277
2718 411601
2719 18313
2720 56236
2721 462578
2722 41338
2723 36982
2724 938969
2725 24398
2726 91509
2727 641703
2728 27436
2729 955004
2730 682362
2731 73219
2732 54923
2733 36621
2734 18313
2735 971180
2736 1134573
2737 412027
2738 440601
2739 852824
2740 395611
2741 164608
2742 351053
2743 846191
2744 146342
2745 509541
2746 128070
2747 313835
2748 75144
2749 874799
2750 379268
2751 102462
2752 364035
2753 73888
2754 18309
2755 109791
2756 355696
2757 350221
2758 60455
2759 18312
2760 47333
2761 259897
2762 869544
2763 185449
2764 91507
2765 552670
2766 18312
2767 573151
2768 852512
2769 18314
2770 359362
2771 371878
2772 186534
2773 18313
2774 271751
2775 1147279
2776 18313
2777 94986
2778 560331
2779 240693
2780 73224
2781 846018
2782 73216
2783 54920
2784 18314
2785 36622
2786 18314
2787 227523
2788 18313
2789 18312
2790 18313
2791 18313
2792 59937
2793 91490
2794 393824
2795 301889
2796 485071
2797 163521
2798 376295
2799 18314
2800 54925
2801 18313
2802 70435
2803 18315
2804 18314
2805 18314
2806 287508
2807 912060
2808 353614
2809 18314
2810 105479
2811 339639
2812 1131695
2813 52183
2814 54904
2815 746903
2816 147948
2817 135070
2818 383979
2819 36607
2820 18314
2821 18303
2822 36622
2823 18309
2824 146240
2825 18299
2826 255757
2827 109702
2828 91433
2829 73158
2830 54877
2831 36590
2832 18298
2833 91433
2834 73158
2835 54877
2836 36589
2837 18298
2838 1604570
2839 1656282
2840 1660381
2841 53261
2842 40556
2843 1674949
2844 33426
2845 1135534
2846 31991
2847 36621
2848 1689889
2849 18313
2850 1149624
2851 41761
2852 1145932
2853 67021
2854 59490
2855 75375
2856 52381
2857 1110759
2858 140915
2859 18314
2860 1153190
2861 51254
2862 268015
2863 272299
2864 246653
2865 59655
2866 54911
2867 36613
2868 18310
2869 171219
2870 164023
2871 143818
2872 73219
2873 18315
2874 24414
2875 30517
2876 18315
2877 1028958
2878 128091
2879 18315
2880 18315
2881 171372
2882 445562
2883 18314
2884 201578
2885 54922
2886 87132
2887 18313
2888 18314
2889 73216
2890 24412
2891 30517
2892 18315
2893 72844
2894 701367
2895 18314
2896 18315
2897 18312
2898 36619
2899 109807
2900 128067
2901 54922
2902 146339
2903 36621
2904 164604
2905 18313
2906 274204
2907 292293
2908 91505
2909 73216
2910 54920
2911 36619
2912 18312
2913 73150
2914 30469
2915 24408
2916 18297
2917 164519
2918 184536
2919 73168
2920 36593
2921 18299
2922 18299
2923 18291
2924 18314
2925 358730
2926 566274
2927 354990
2928 65107
2929 215000
2930 500906
2931 1775608
2932 1744267
2933 503948
2934 204137
2935 105035
2936 1692834
2937 197056
2938 821846
2939 1505984
2940 119747
2941 1691106
2942 93414
2943 1625624
2944 87682
2945 728439
2946 553745
2947 94823
2948 177680
2949 1584667
2950 111678
2951 219207
2952 1693957
2953 524409
2954 651959
2955 46907
2956 18312
2957 108365
2958 1699676
2959 54922
2960 200966
2961 45316
2962 1705847
2963 36621
2964 700339
2965 1637101
2966 523417
2967 182746
2968 18314
2969 170429
2970 427537
2971 258912
2972 36619
2973 257829
2974 185753
2975 155495
2976 272414
2977 18301
2978 269886
2979 166410
2980 18312
2981 695581
2982 167117
2983 198161
2984 245523
2985 244982
2986 682794
2987 36621
2988 210678
2989 1248535
2990 209001
2991 146222
2992 18313
2993 119684
2994 127986
2995 176315
2996 54029
2997 18312
2998 70180
2999 108507
3000 44048
3001 1164749
3002 36596
3003 73159
3004 18301
3005 495463
3006 67681
3007 101496
3008 18298
3009 36590
3010 1069605
3011 49400
3012 18298
3013 39194
3014 36589
3015 31122
3016 849290
3017 317099
3018 18296
3019 24111
3020 58416
3021 244747
3022 35665
3023 224477
3024 29609
3025 96475
3026 1132136
3027 42117
3028 45783
3029 844988
3030 56736
3031 102328
3032 91854
3033 37443
3034 339509
3035 919403
3036 109879
3037 1117844
3038 315301
3039 286983
3040 127732
3041 84535
3042 91672
3043 18312
3044 74011
3045 69735
3046 82971
3047 82034
3048 18313
3049 113685
3050 36620
3051 18311
3052 463898
3053 374886
3054 36578
3055 18292
3056 18311
3057 18314
3058 130802
3059 94309
3060 18314
3061 58607
3062 18314
3063 37531
3064 18313
3065 18314
3066 18312
3067 18314
3068 177513
3069 211784
3070 153413
3071 156976
3072 1090495
3073 143862
3074 18313
3075 224577
3076 1036306
3077 258848
3078 163789
3079 1105760
3080 107587
3081 221019
3082 118291
3083 69593
3084 138258
3085 985025
3086 36621
3087 1040648
3088 984293
3089 221371
3090 287821
3091 182799
3092 70620
3093 281254
3094 70290
3095 871357
3096 220734
3097 126790
3098 36623
3099 18313
3100 118912
3101 125434
3102 142566
3103 18309
3104 152327
3105 866888
3106 275489
3107 18315
3108 79747
3109 272315
3110 164585
3111 796230
3112 18315
3113 275851
3114 232898
3115 730362
3116 1909352
3117 65721
3118 39911
3119 54897
3120 2094138
3121 36936
3122 1867983
3123 1239687
3124 91467
3125 35945
3126 2236190
3127 36622
3128 36603
3129 761067
3130 2813587
3131 1223451
3132 58621
3133 2193845
3134 1285702
3135 1191018
3136 18304
3137 1190789
3138 1301271
3139 1180279
3140 73185
3141 18314
3142 18303
3143 54897
3144 18310
3145 1183635
3146 2282470
3147 222939
3148 1197458
3149 220002
3150 1375724
3151 102904
3152 291074
3153 36603
3154 97866
3155 55134
3156 1103900
3157 370313
3158 92596
3159 2281683
3160 130911
3161 402980
3162 185497
3163 1119481
3164 121060
3165 177262
3166 73208
3167 18313
3168 1081547
3169 30515
3170 54910
3171 24408
3172 387005
3173 172076
3174 18311
3175 261633
3176 260271
3177 95528
3178 36608
3179 254651
3180 196208
3181 1255544
3182 206756
3183 18303
3184 221564
3185 18310
3186 269694
3187 237012
3188 18310
3189 18311
3190 54921
3191 18312
3192 1106795
3193 997844
3194 1105873
3195 73211
3196 54916
3197 18312
3198 988368
3199 36616
3200 18311
3201 1003126
3202 929007
3203 927958
3204 930304
3205 91474
3206 73185
3207 54897
3208 933682
3209 36604
3210 18304
3211 937771
3212 942349
3213 1275489
3214 884760
3215 724262
3216 706260
3217 890410
3218 688265
3219 896723
3220 671844
3221 219225
3222 200988
3223 903491
3224 436212
3225 182746
3226 418187
3227 910696
3228 164514
3229 400170
3230 1278009
3231 382164
3232 1354370
3233 1368324
3234 364173
3235 200307
3236 97501
3237 1301376
3238 346199
3239 48782
3240 79230
3241 1309281
3242 328260
3243 422438
3244 60958
3245 310350
3246 182102
3247 292465
3248 274611
3249 256775
3250 238948
3251 42683
3252 231866
3253 235705
3254 239784
3255 244112
3256 151189
3257 404569
3258 248734
3259 30505
3260 253504
3261 386838
3262 163937
3263 30509
3264 145803
3265 259226
3266 36599
3267 266301
3268 369129
3269 273843
3270 281457
3271 351443
3272 136343
3273 127723
3274 125897
3275 333784
3276 316156
3277 289333
3278 297477
3279 229960
3280 298549
3281 305765
3282 280979
3283 372406
3284 263440
3285 245913
3286 198013
3287 109710
3288 152851
3289 134863
3290 180313
3291 162622
3292 91716
3293 150732
3294 150373
3295 120230
3296 111377
3297 155912
3298 161656
3299 167464
3300 173368
3301 179392
3302 73765
3303 55883
3304 43848
3305 43557
3306 108569
3307 18312
3308 496951
3309 471305
3310 168593
3311 93488
3312 96987
3313 18315
3314 54747
3315 36502
3316 18251
3317 109473
3318 36509
3319 18258
3320 98670
3321 127115
3322 92147
3323 18312
3324 2311117
3325 18313
3326 18313
3327 54925
3328 18313
3329 18313
3330 49253
3331 315296
3332 331114
3333 300675
3334 290192
3335 18311
3336 278020
3337 47479
3338 18308
3339 19858
3340 27291
3341 1196114
3342 1160433
3343 1147147
3344 1239791
3345 255779
3346 237624
3347 54876
3348 1084480
3349 1091164
3350 18290
3351 164634
3352 18290
3353 73209
3354 73208
3355 24416
3356 30506
3357 18311
3358 54914
3359 36614
3360 18310
3361 1037273
3362 3087649
3363 117208
3364 3006124
3365 46051
3366 30501
3367 150098
3368 58475
3369 2187595
3370 38780
3371 48786
3372 186115
3373 26115
3374 56046
3375 26589
3376 23155
3377 36178
3378 18315
3379 3007744
3380 21996
3381 54618
3382 85236
3383 332080
3384 37945
3385 152334
3386 53257
3387 2517128
3388 2742716
3389 146342
3390 292689
3391 128084
3392 110674
3393 18315
3394 91514
3395 2650104
3396 186533
3397 127791
3398 1922536
3399 54922
3400 97279
3401 18313
3402 54925
3403 18313
3404 74786
3405 18313
3406 18312
3407 18313
3408 36617
3409 86661
3410 766974
3411 129248
3412 18311
3413 1907544
3414 18314
3415 27484
3416 63516
3417 168966
3418 1906622
3419 36622
3420 69243
3421 18314
3422 3247291
3423 36622
3424 927007
3425 961742
3426 18313
3427 1421224
3428 762512
3429 485889
3430 177160
3431 1029160
3432 752485
3433 838950
3434 783643
3435 295218
3436 54920
3437 317915
3438 778916
3439 731133
3440 31443
3441 751633
3442 140065
3443 28556
3444 36618
3445 18309
3446 516025
3447 28312
3448 729967
3449 2490153
3450 2302119
3451 2298145
3452 1173004
3453 54911
3454 1108327
3455 91476
3456 1031184
3457 73189
3458 54897
3459 36613
3460 36599
3461 18309
3462 854573
3463 18299
3464 186373
3465 201721
3466 94985
3467 123607
3468 89302
3469 105526
3470 94727
3471 109086
3472 840915
3473 126978
3474 134364
3475 694100
3476 118474
3477 87630
3478 103040
3479 678547
3480 128036
3481 179813
3482 139095
3483 75812
3484 91482
3485 939269
3486 73196
3487 387395
3488 109761
3489 54906
3490 36609
3491 91480
3492 18309
3493 73194
3494 598171
3495 393002
3496 18307
3497 405077
3498 391570
3499 42446
3500 407186
3501 54901
3502 55610
3503 1194402
3504 36607
3505 69885
3506 18306
3507 539768
3508 527811
3509 532620
3510 988489
3511 352372
3512 150858
3513 84711
3514 135387
3515 398349
3516 57274
3517 127535
3518 69514
3519 324561
3520 138964
3521 885455
3522 465566
3523 55822
3524 126721
3525 455991
3526 41109
3527 327078
3528 852834
3529 995583
3530 2438886
3531 447259
3532 473415
3533 1135901
3534 453066
3535 667053
3536 1968987
3537 56011
3538 137020
3539 1343624
3540 130759
3541 873697
3542 464466
3543 1851081
3544 209782
3545 606416
3546 595286
3547 117992
3548 476950
3549 797778
3550 47536
3551 1013751
3552 53998
3553 123931
3554 1031504
3555 1909958
3556 33524
3557 109156
3558 50280
3559 192409
3560 63559
3561 64679
3562 175281
3563 108467
3564 101083
3565 158457
3566 28660
3567 984276
3568 974281
3569 18312
3570 135099
3571 277194
3572 36617
3573 213304
3574 18311
3575 293853
3576 311059
3577 328602
3578 769637
3579 219269
3580 815646
3581 53762
3582 431235
3583 815723
3584 164586
3585 414675
3586 1002822
3587 45781
3588 31378
3589 353142
3590 1032082
3591 28858
3592 335227
3593 146321
3594 69247
3595 36179
3596 75725
3597 317451
3598 128050
3599 193000
3600 109773
3601 154680
3602 91491
3603 299804
3604 123881
3605 73204
3606 282863
3607 163919
3608 59145
3609 54910
3610 40886
3611 246069
3612 158023
3613 260980
3614 73211
3615 38688
3616 54915
3617 29998
3618 27718
3619 36614
3620 30947
3621 36621
3622 18308
3623 381758
3624 37621
3625 230443
3626 106674
3627 73209
3628 76394
3629 50703
3630 167284
3631 467202
3632 248623
3633 85289
3634 356601
3635 54914
3636 371170
3637 340229
3638 261845
3639 419668
3640 399168
3641 142188
3642 404223
3643 200581
3644 162358
3645 410875
3646 38855
3647 24198
3648 18313
3649 368551
3650 434683
3651 52761
3652 36614
3653 18313
3654 18310
3655 607386
3656 670942
3657 227894
3658 392939
3659 236922
3660 685848
3661 250565
3662 395227
3663 257275
3664 205216
3665 842810
3666 108057
3667 142707
3668 332577
3669 90163
3670 18262
3671 200250
3672 146253
3673 172340
3674 72272
3675 946492
3676 376946
3677 953569
3678 54407
3679 18295
3680 102941
3681 42129
3682 109735
3683 206730
3684 41348
3685 460235
3686 47205
3687 159945
3688 117572
3689 336254
3690 320850
3691 316187
3692 278404
3693 403909
3694 219324
3695 285045
3696 239335
3697 99305
3698 294810
3699 348164
3700 165966
3701 246153
3702 240742
3703 167475
3704 239192
3705 111948
3706 116302
3707 254269
3708 54924
3709 36622
3710 219671
3711 127300
3712 224969
3713 18314
3714 261893
3715 18314
3716 299038
3717 334515
3718 1143012
3719 275314
3720 950350
3721 1076246
3722 191327
3723 216783
3724 135061
3725 227717
3726 221029
3727 133837
3728 24814
3729 235292
3730 241086
3731 117713
3732 246395
3733 226825
3734 124041
3735 368833
3736 39479
3737 18312
3738 1674332
3739 1312068
3740 182624
3741 1774968
3742 208399
3743 58735
3744 72628
3745 26794
3746 1319257
3747 1768341
3748 83663
3749 371567
3750 1318664
3751 59684
3752 1301225
3753 18313
3754 384469
3755 1948217
3756 232011
3757 328000
3758 1677788
3759 214386
3760 70259
3761 36604
3762 18304
3763 160288
3764 441116
3765 143663
3766 371072
3767 277657
3768 59598
3769 136212
3770 1609693
3771 111625
3772 60025
3773 308960
3774 147093
3775 36617
3776 297178
3777 260944
3778 36616
3779 244823
3780 105922
3781 18311
3782 129224
3783 18310
3784 107537
3785 266793
3786 104394
3787 116723
3788 261814
3789 253160
3790 261595
3791 109629
3792 122090
3793 1475369
3794 55119
3795 330193
3796 104982
3797 129659
3798 106940
3799 36598
3800 54921
3801 123856
3802 43458
3803 44320
3804 54902
3805 190265
3806 1051960
3807 1472898
3808 1039583
3809 300282
3810 283748
3811 244497
3812 213999
3813 271052
3814 57013
3815 1352756
3816 2043027
3817 36620
3818 18300
3819 18312
3820 255601
3821 225259
3822 547491
3823 201554
3824 218135
3825 18312
3826 444243
3827 146710
3828 115578
3829 991982
3830 29255
3831 128453
3832 64990
3833 577984
3834 402226
3835 292395
3836 156163
3837 82281
3838 165697
3839 18817
3840 53536
3841 194703
3842 127719
3843 381714
3844 60610
3845 425474
3846 18312
3847 299601
3848 383486
3849 315742
3850 80748
3851 138615
3852 139942
3853 146338
3854 77499
3855 128060
3856 109796
3857 239515
3858 59295
3859 18314
3860 313643
3861 139491
3862 73211
3863 98165
3864 18312
3865 499346
3866 18312
3867 92601
3868 73215
3869 179194
3870 36612
3871 18317
3872 18315
3873 54916
3874 172382
3875 43730
3876 73206
3877 166817
3878 36615
3879 2843710
3880 30492
3881 129024
3882 24429
3883 95845
3884 18307
3885 18312
3886 81872
3887 31444
3888 29415
3889 2313130
3890 130363
3891 2379399
3892 114898
3893 37309
3894 1711263
3895 137377
3896 54865
3897 84443
3898 36586
3899 18298
3900 188230
3901 145540
3902 171349
3903 2868106
3904 116040
3905 39681
3906 100175
3907 2093000
3908 285692
3909 27202
3910 1197922
3911 262325
3912 24136
3913 31931
3914 1751115
3915 19594
3916 109735
3917 64398
3918 36617
3919 91452
3920 18309
3921 1159090
3922 73172
3923 30495
3924 31239
3925 91058
3926 74095
3927 63333
3928 69574
3929 172302
3930 142411
3931 132740
3932 123667
3933 130444
3934 146179
3935 197482
3936 211006
3937 41491
3938 331687
3939 345748
3940 39878
3941 107413
3942 51349
3943 1303540
3944 1455956
3945 90392
3946 237561
3947 259703
3948 74446
3949 173197
3950 136027
3951 59605
3952 38892
3953 50148
3954 94131
3955 53497
3956 59383
3957 41638
3958 35772
3959 41847
3960 53202
3961 69606
3962 86187
3963 18285
3964 36568
3965 54847
3966 18770
3967 18311
3968 36616
3969 18308
3970 36611
3971 39931
3972 41357
3973 42952
3974 51461
3975 67809
3976 85278
3977 103066
3978 121144
3979 139290
3980 157439
3981 18311
3982 36617
3983 54918
3984 73212
3985 54922
3986 24416
3987 18313
3988 393179
3989 1147060
3990 807658
3991 1163680
3992 18312
3993 2042181
3994 2123140
3995 211492
3996 2034430
3997 202169
3998 193416
3999 397598
4000 190472
4001 193255
4002 201665
4003 1730102
4004 129740
4005 48730
4006 918954
4007 255581
4008 75162
4009 29096
4010 54921
4011 905366
4012 203575
4013 18313
4014 24416
4015 69028
4016 155709
4017 766883
4018 749430
4019 137056
4020 58858
4021 768915
4022 185840
4023 111081
4024 44317
4025 88185
4026 48162
4027 869798
4028 749063
4029 51203
4030 279990
4031 33032
4032 58615
4033 18309
4034 272105
4035 21032
4036 626674
4037 42925
4038 172471
4039 176843
4040 18313
4041 239741
4042 143775
4043 233117
4044 31175
4045 228061
4046 438109
4047 158871
4048 591146
4049 254205
4050 507444
4051 274100
4052 188274
4053 18313
4054 122693
4055 273208
4056 219015
4057 312908
4058 105306
4059 110049
4060 220886
4061 36616
4062 51847
4063 300815
4064 91486
4065 73213
4066 445491
4067 30568
4068 36613
4069 18311
4070 518496
4071 180638
4072 18306
4073 93118
4074 127838
4075 165439
4076 73200
4077 60543
4078 57066
4079 54909
4080 151405
4081 54917
4082 36611
4083 91087
4084 18308
4085 36616
4086 382600
4087 42504
4088 346149
4089 94554
4090 18308
4091 109938
4092 124313
4093 24598
4094 18312
4095 18813
4096 92751
4097 328034
4098 58169
4099 18314
4100 273407
4101 138096
4102 82676
4103 42467
4104 18312
4105 36537
4106 255340
4107 18271
4108 53992
4109 58212
4110 18313
4111 36621
4112 120483
4113 122524
4114 107607
4115 18313
4116 36620
4117 18314
4118 70084
4119 57979
4120 121565
4121 51857
4122 73187
4123 54897
4124 36602
4125 18303
4126 201116
4127 109765
4128 18307
4129 73193
4130 54904
4131 18307
4132 18307
4133 18269
4134 36533
4135 54792
4136 146030
4137 73045
4138 54792
4139 36534
4140 18270
4141 53961
4142 35659
4143 18290
4144 18314
4145 54779
4146 73028
4147 36525
4148 18266
4149 91274
4150 18313
4151 54879
4152 176870
4153 36592
4154 133709
4155 125613
4156 65763
4157 18305
4158 18305
4159 137071
4160 18297
4161 74521
4162 151887
4163 90126
4164 167251
4165 157775
4166 54886
4167 170771
4168 18301
4169 18300
4170 307902
4171 317129
4172 127946
4173 200567
4174 109689
4175 1278767
4176 54859
4177 36575
4178 36583
4179 18309
4180 18305
4181 766716
4182 748782
4183 730878
4184 18302
4185 713025
4186 695221
4187 677430
4188 663604
4189 129300
4190 127994
4191 392529
4192 109727
4193 374671
4194 91454
4195 111139
4196 93065
4197 73176
4198 75120
4199 382167
4200 302461
4201 91419
4202 324864
4203 127869
4204 229603
4205 109605
4206 73146
4207 54892
4208 194389
4209 91337
4210 54867
4211 62052
4212 73064
4213 36582
4214 36570
4215 18293
4216 186352
4217 18287
4218 54786
4219 36501
4220 18211
4221 36600
4222 55017
4223 49244
4224 18303
4225 299669
4226 253958
4227 346367
4228 56847
4229 106513
4230 88538
4231 89594
4232 282349
4233 316565
4234 251410
4235 66008
4236 18313
4237 494355
4238 49457
4239 230150
4240 273818
4241 256931
4242 255591
4243 36447
4244 237462
4245 233615
4246 204866
4247 73159
4248 31540
4249 36585
4250 146200
4251 18300
4252 18301
4253 91414
4254 99651
4255 53812
4256 287216
4257 54857
4258 82224
4259 36567
4260 18292
4261 62871
4262 18314
4263 18291
4264 18274
4265 93287
4266 18291
4267 18310
4268 107366
4269 385124
4270 294883
4271 310367
4272 2080492
4273 389464
4274 402538
4275 1942056
4276 2247610
4277 54919
4278 486863
4279 1903748
4280 54913
4281 2408476
4282 1923246
4283 36618
4284 1732520
4285 730661
4286 505077
4287 18311
4288 777350
4289 153097
4290 36612
4291 18308
4292 2243921
4293 73203
4294 18312
4295 840528
4296 54909
4297 36609
4298 109710
4299 18304
4300 1768167
4301 91435
4302 507557
4303 54871
4304 18299
4305 371205
4306 36585
4307 164544
4308 324191
4309 18295
4310 73209
4311 146280
4312 267108
4313 128010
4314 109735
4315 91453
4316 54914
4317 2507139
4318 73179
4319 18312
4320 73199
4321 36615
4322 54908
4323 36598
4324 18302
4325 36611
4326 18302
4327 650083
4328 18310
4329 18307
4330 36613
4331 18308
4332 891348
4333 36619
4334 18312
4335 1825282
4336 18311
4337 18304
4338 24401
4339 194744
4340 203452
4341 1634372
4342 1440621
4343 1437406
4344 27363
4345 36614
4346 18309
4347 18314
4348 54920
4349 36619
4350 73217
4351 18313
4352 18314
4353 18314
4354 18315
4355 24419
4356 73220
4357 42719
4358 316260
4359 299309
4360 282836
4361 268189
4362 255085
4363 769824
4364 246122
4365 99941
4366 92454
4367 152842
4368 492734
4369 469663
4370 228582
4371 273038
4372 18222
4373 41166
4374 138172
4375 44876
4376 272478
4377 301075
4378 18886
4379 223556
4380 47325
4381 39866
4382 36628
4383 38973
4384 373203
4385 117227
4386 39183
4387 46271
4388 125848
4389 41831
4390 116598
4391 38798
4392 36611
4393 608959
4394 111757
4395 95220
4396 210806
4397 240550
4398 221378
4399 46323
4400 18314
4401 154595
4402 73218
4403 18308
4404 187872
4405 157553
4406 815761
4407 34185
4408 78469
4409 884683
4410 226836
4411 266253
4412 173560
4413 18312
4414 91521
4415 192179
4416 66785
4417 54921
4418 26654
4419 107650
4420 157648
4421 18310
4422 36621
4423 36620
4424 18312
4425 36611
4426 436972
4427 36622
4428 124817
4429 88431
4430 54893
4431 18314
4432 18309
4433 122372
4434 50600
4435 18308
4436 18314
4437 18312
4438 18313
4439 437206
4440 56113
4441 140873
4442 18312
4443 1730709
4444 106807
4445 18312
4446 55375
4447 75873
4448 349859
4449 278832
4450 68726
4451 55317
4452 61623
4453 48933
4454 853611
4455 317375
4456 1408557
4457 731031
4458 713650
4459 18310
4460 54569
4461 436651
4462 305037
4463 331029
4464 18313
4465 128377
4466 47553
4467 30070
4468 36823
4469 23985
4470 274068
4471 48371
4472 424596
4473 182811
4474 36960
4475 18834
4476 18307
4477 109761
4478 73194
4479 36603
4480 18303
4481 18307
4482 207273
4483 225666
4484 234465
4485 156149
4486 73178
4487 249681
4488 279909
4489 54887
4490 204218
4491 301565
4492 36596
4493 186525
4494 963959
4495 168860
4496 36604
4497 1228601
4498 151215
4499 916678
4500 18301
4501 746898
4502 906614
4503 133848
4504 36612
4505 1241376
4506 116809
4507 18309
4508 18301
4509 100084
4510 84622
4511 18309
4512 51568
4513 91845
4514 77607
4515 73223
4516 89896
4517 18318
4518 36615
4519 18316
4520 211371
4521 42329
4522 322928
4523 372561
4524 360910
4525 418852
4526 253969
4527 591382
4528 386293
4529 263223
4530 306094
4531 22809
4532 386873
4533 73215
4534 216175
4535 30507
4536 33836
4537 24422
4538 109792
4539 419348
4540 18314
4541 276786
4542 27539
4543 292113
4544 41922
4545 59964
4546 19002
4547 73214
4548 18313
4549 308521
4550 212180
4551 73217
4552 240391
4553 36615
4554 18313
4555 30514
4556 493956
4557 86939
4558 24416
4559 18315
4560 18310
4561 18310
4562 246964
4563 330561
4564 73222
4565 54912
4566 24415
4567 30519
4568 36610
4569 18315
4570 18308
4571 261768
4572 327846
4573 54914
4574 36614
4575 1026648
4576 18310
4577 762127
4578 399634
4579 23952
4580 19240
4581 349865
4582 334349
4583 328460
4584 119292
4585 227772
4586 116973
4587 18313
4588 109801
4589 191598
4590 92013
4591 18313
4592 160027
4593 18312
4594 96063
4595 73218
4596 275040
4597 87348
4598 18314
4599 48821
4600 18314
4601 30519
4602 97814
4603 134663
4604 267309
4605 34717
4606 141741
4607 218156
4608 419400
4609 105437
4610 165431
4611 27452
4612 103491
4613 73626
4614 112845
4615 43816
4616 26199
4617 77231
4618 73588
4619 213577
4620 79425
4621 68012
4622 19765
4623 88558
4624 88412
4625 73561
4626 18312
4627 69967
4628 36620
4629 18312
4630 51513
4631 18240
4632 36618
4633 18312
4634 71014
4635 84042
4636 18311
4637 18315
4638 36615
4639 18315
4640 47458
4641 21477
4642 579804
4643 733905
4644 202820
4645 133429
4646 117970
4647 54922
4648 36619
4649 18313
4650 102238
4651 18314
4652 36621
4653 18312
4654 310525
4655 240784
4656 223553
4657 579183
4658 218211
4659 73182
4660 54894
4661 593640
4662 36599
4663 609332
4664 18301
4665 730641
4666 109782
4667 36610
4668 18309
4669 36607
4670 18309
4671 18308
4672 18308
4673 36610
4674 54906
4675 81318
4676 3297060
4677 3229866
4678 3231962
4679 34071
4680 44207
4681 991054
4682 20100
4683 72528
4684 30331
4685 24083
4686 18143
4687 90645
4688 126878
4689 18142
4690 181184
4691 36276
4692 18141
4693 18307
4694 36597
4695 18295
4696 54899
4697 80379
4698 45692
4699 62382
4700 18313
4701 73168
4702 24398
4703 30496
4704 18305
4705 54912
4706 36611
4707 18303
4708 73207
4709 54914
4710 36614
4711 18309
4712 483495
4713 482328
4714 486289
4715 495749
4716 507548
4717 840936
4718 356408
4719 338297
4720 320254
4721 302264
4722 284449
4723 267008
4724 249927
4725 233070
4726 216395
4727 199829
4728 183490
4729 168163
4730 153819
4731 140514
4732 128351
4733 116618
4734 105165
4735 95856
4736 88750
4737 81932
4738 75376
4739 73445
4740 78708
4741 86759
4742 99846
4743 117958
4744 136093
4745 238331
4746 212470
4747 224157
4748 134009
4749 235960
4750 136595
4751 384497
4752 144520
4753 376083
4754 240337
4755 402825
4756 163352
4757 497326
4758 118332
4759 155502
4760 54916
4761 36615
4762 122663
4763 147501
4764 18311
4765 81472
4766 547598
4767 64844
4768 166944
4769 18313
4770 48729
4771 132015
4772 24530
4773 795850
4774 33297
4775 179307
4776 717457
4777 36620
4778 116887
4779 18312
4780 1291303
4781 691763
4782 1317983
4783 91506
4784 101935
4785 18309
4786 73218
4787 1050066
4788 595528
4789 193342
4790 29204
4791 909880
4792 36612
4793 25726
4794 18314
4795 18309
4796 18311
4797 971546
4798 1332960
4799 99702
4800 54915
4801 36613
4802 18309
4803 389878
4804 164833
4805 399579
4806 1349267
4807 146007
4808 18313
4809 96308
4810 1582123
4811 99040
4812 71833
4813 73176
4814 24711
4815 30484
4816 24404
4817 18454
4818 18300
4819 73690
4820 30350
4821 208650
4822 240141
4823 180340
4824 18314
4825 415638
4826 348070
4827 157754
4828 1727039
4829 145767
4830 18313
4831 18312
4832 18314
4833 66415
4834 48708
4835 37132
4836 31112
4837 31183
4838 43404
4839 61687
4840 167771
4841 36600
4842 18317
4843 18320
4844 36606
4845 54891
4846 66856
4847 73209
4848 24413
4849 30511
4850 18313
4851 18314
4852 714539
4853 18312
4854 73169
4855 24398
4856 30497
4857 18304
4858 91446
4859 2192276
4860 121078
4861 105089
4862 18410
4863 101501
4864 73204
4865 54909
4866 36607
4867 18306
4868 18308
4869 41922
4870 35559
4871 48815
4872 108122
4873 80210
4874 109720
4875 119437
4876 78684
4877 584826
4878 99365
4879 512554
4880 62178
4881 131632
4882 77381
4883 50757
4884 130382
4885 497358
4886 120617
4887 482983
4888 260546
4889 469287
4890 456887
4891 446225
4892 637409
4893 398362
4894 436208
4895 444991
4896 426985
4897 419780
4898 469460
4899 413475
4900 407234
4901 456708
4902 361993
4903 146307
4904 128034
4905 109755
4906 91475
4907 73192
4908 360977
4909 54903
4910 36608
4911 18306
4912 363209
4913 368489
4914 374701
4915 381805
4916 409043
4917 249087
4918 193393
4919 256390
4920 192361
4921 194486
4922 198450
4923 203552
4924 210130
4925 274810
4926 73137
4927 54846
4928 36570
4929 18288
4930 366364
4931 115962
4932 364264
4933 110450
4934 374705
4935 422560
4936 74013
4937 398015
4938 73590
4939 79623
4940 403512
4941 410505
4942 52029
4943 58739
4944 41084
4945 122134
4946 108616
4947 110589
4948 98684
4949 89623
4950 102089
4951 82447
4952 115561
4953 18313
4954 36622
4955 18314
4956 324091
4957 18277
4958 36585
4959 372705
4960 96219
4961 1971746
4962 1964981
4963 1983045
4964 1960509
4965 2024231
4966 63981
4967 58849
4968 73206
4969 64755
4970 36610
4971 18310
4972 18307
4973 128975
4974 60983
4975 85390
4976 1005558
4977 3404841
4978 1862392
4979 18315
4980 1355120
4981 559196
4982 1233232
4983 278618
4984 54736
4985 1400178
4986 36436
4987 18128
4988 653552
4989 74373
4990 214661
4991 78878
4992 1228447
4993 686846
4994 352526
4995 284201
4996 36479
4997 490435
4998 18243
4999 190469
5000 1242087
5001 464987
5002 219086
5003 675926
5004 251339
5005 54907
5006 73202
5007 289228
5008 1256221
5009 36607
5010 18312
5011 36609
5012 474121
5013 18311
5014 152979
5015 21494
5016 36620
5017 1336401
5018 300474
5019 514370
5020 510352
5021 18313
5022 404972
5023 18307
5024 18613
5025 72573
5026 495498
5027 458064
5028 51785
5029 624191
5030 73222
5031 442485
5032 24416
5033 30518
5034 33757
5035 1343900
5036 425108
5037 18315
5038 320576
5039 640456
5040 79962
5041 1359338
5042 16402
5043 269037
5044 227991
5045 270188
5046 58198
5047 477296
5048 427485
5049 302903
5050 1375008
5051 390064
5052 252512
5053 131617
5054 351643
5055 86435
5056 235405
5057 296369
5058 73208
5059 48051
5060 110775
5061 337895
5062 1390940
5063 427520
5064 623965
5065 146857
5066 141562
5067 72044
5068 218765
5069 224154
5070 18315
5071 376659
5072 78785
5073 36606
5074 55113
5075 634551
5076 31863
5077 31433
5078 389266
5079 18311
5080 59581
5081 202225
5082 36591
5083 197038
5084 18312
5085 660329
5086 489245
5087 61627
5088 46125
5089 18293
5090 128541
5091 30395
5092 18313
5093 232817
5094 18301
5095 141166
5096 37158
5097 152562
5098 2658228
5099 3141089
5100 3906879
5101 468938
5102 631763
5103 451714
5104 435321
5105 1548178
5106 627886
5107 99025
5108 2598329
5109 1490812
5110 439473
5111 1488489
5112 81298
5113 632647
5114 1489779
5115 2603446
5116 1852815
5117 36620
5118 599863
5119 71768
5120 2663088
5121 289621
5122 499430
5123 1351609
5124 18313
5125 1961596
5126 18314
5127 272984
5128 31803
5129 890175
5130 981034
5131 1924063
5132 63292
5133 65663
5134 916575
5135 53567
5136 744801
5137 501471
5138 915537
5139 1054260
5140 258079
5141 2286008
5142 73184
5143 56286
5144 1839171
5145 109805
5146 232713
5147 18313
5148 66605
5149 24379
5150 1092871
5151 120688
5152 164578
5153 30518
5154 948111
5155 18304
5156 996123
5157 216950
5158 299682
5159 24362
5160 56077
5161 610345
5162 73220
5163 146350
5164 18314
5165 107273
5166 32569
5167 183299
5168 54908
5169 39121
5170 54924
5171 636162
5172 18311
5173 36622
5174 1844204
5175 1391235
5176 874932
5177 29597
5178 18314
5179 126471
5180 56319
5181 391273
5182 36610
5183 136631
5184 53894
5185 18308
5186 1548627
5187 210725
5188 173152
5189 73208
5190 1417372
5191 151572
5192 54914
5193 18312
5194 609647
5195 18315
5196 18309
5197 645298
5198 36614
5199 80010
5200 642195
5201 215419
5202 36622
5203 2286026
5204 172406
5205 300617
5206 151945
5207 18310
5208 18314
5209 199389
5210 165036
5211 1786197
5212 36607
5213 1401080
5214 91467
5215 263007
5216 1255259
5217 1249996
5218 1628455
5219 1060001
5220 188763
5221 420165
5222 102758
5223 412208
5224 91467
5225 73220
5226 101384
5227 73179
5228 24415
5229 313919
5230 30519
5231 1094032
5232 18317
5233 273623
5234 73219
5235 255392
5236 237156
5237 54887
5238 18315
5239 36622
5240 239300
5241 18313
5242 53215
5243 301161
5244 18301
5245 18302
5246 201691
5247 218998
5248 127652
5249 290795
5250 175081
5251 346063
5252 273555
5253 243847
5254 72787
5255 225243
5256 73207
5257 54497
5258 286073
5259 111956
5260 36591
5261 36609
5262 828709
5263 230627
5264 18308
5265 24088
5266 18309
5267 18313
5268 18328
5269 23345
5270 18308
5271 36612
5272 36617
5273 183608
5274 18309
5275 166970
5276 18311
5277 241283
5278 128746
5279 77925
5280 108904
5281 23969
5282 556248
5283 310488
5284 18670
5285 62184
5286 129839
5287 257175
5288 110821
5289 274146
5290 18314
5291 124948
5292 153491
5293 150829
5294 51928
5295 164453
5296 109762
5297 20423
5298 18313
5299 24098
5300 146347
5301 71189
5302 180305
5303 47326
5304 163189
5305 73191
5306 18315
5307 180979
5308 207526
5309 36601
5310 498875
5311 18302
5312 18309
5313 166981
5314 176539
5315 73206
5316 211517
5317 116707
5318 54915
5319 30513
5320 18881
5321 24408
5322 484669
5323 29942
5324 18311
5325 18306
5326 18311
5327 18313
5328 191765
5329 475368
5330 122275
5331 18310
5332 89823
5333 174219
5334 200316
5335 196367
5336 194976
5337 208307
5338 196706
5339 220888
5340 272071
5341 282573
5342 236422
5343 68169
5344 78164
5345 243976
5346 64587
5347 73248
5348 434484
5349 392776
5350 87371
5351 312959
5352 155058
5353 413156
5354 56006
5355 162227
5356 453716
5357 81769
5358 486587
5359 53110
5360 172834
5361 239822
5362 223446
5363 324391
5364 91472
5365 84895
5366 184056
5367 80056
5368 536410
5369 256768
5370 335635
5371 73169
5372 195976
5373 210927
5374 347149
5375 60921
5376 533646
5377 54875
5378 73189
5379 407603
5380 76614
5381 506621
5382 547830
5383 90943
5384 244780
5385 121875
5386 85075
5387 292053
5388 263331
5389 193489
5390 427147
5391 90569
5392 36590
5393 105763
5394 18812
5395 69456
5396 67722
5397 130719
5398 49153
5399 74935
5400 255122
5401 33970
5402 97795
5403 54901
5404 128875
5405 128021
5406 428080
5407 195375
5408 46300
5409 139100
5410 99293
5411 33731
5412 146622
5413 277208
5414 197707
5415 264577
5416 91469
5417 230158
5418 236243
5419 92557
5420 61593
5421 99355
5422 108609
5423 100088
5424 259676
5425 44991
5426 109747
5427 73186
5428 132493
5429 36620
5430 442678
5431 398728
5432 94037
5433 216980
5434 95530
5435 18313
5436 317196
5437 140693
5438 91469
5439 36606
5440 18313
5441 54898
5442 36618
5443 124811
5444 133740
5445 412937
5446 279202
5447 18304
5448 110268
5449 242276
5450 128026
5451 36616
5452 215860
5453 207261
5454 176560
5455 165087
5456 46856
5457 681400
5458 18305
5459 380788
5460 430266
5461 18304
5462 206613
5463 471585
5464 456456
5465 442677
5466 107929
5467 109957
5468 85984
5469 46429
5470 74981
5471 175415
5472 96972
5473 182416
5474 36877
5475 85491
5476 63389
5477 39335
5478 282051
5479 87597
5480 38062
5481 57378
5482 291001
5483 91464
5484 18308
5485 307922
5486 73180
5487 36594
5488 18306
5489 18294
5490 25938
5491 28285
5492 454017
5493 38963
5494 147831
5495 53458
5496 454748
5497 134607
5498 472664
5499 141641
5500 91479
5501 67396
5502 73192
5503 75189
5504 30499
5505 88224
5506 24410
5507 18307
5508 1046191
5509 1035102
5510 1030180
5511 738463
5512 312518
5513 54917
5514 1046212
5515 372694
5516 18314
5517 36616
5518 60189
5519 1200562
5520 379850
5521 751448
5522 43871
5523 164516
5524 18309
5525 393437
5526 54919
5527 407315
5528 91376
5529 28463
5530 73086
5531 54819
5532 30206
5533 18278
5534 18278
5535 36619
5536 18312
5537 18315
5538 69615
5539 63916
5540 18312
5541 72562
5542 90138
5543 108228
5544 58742
5545 18314
5546 18313
5547 113161
5548 79738
5549 70677
5550 40705
5551 116764
5552 144388
5553 93864
5554 36605
5555 18304
5556 18312
5557 18307
5558 18313
5559 184368
5560 198250
5561 213918
5562 247772
5563 264240
5564 281964
5565 18310
5566 18312
5567 18314
5568 36620
5569 54922
5570 695749
5571 806241
5572 23803
5573 114248
5574 110039
5575 876240
5576 156757
5577 139538
5578 18363
5579 73210
5580 194713
5581 18313
5582 70281
5583 36610
5584 18312
5585 883580
5586 55357
5587 192942
5588 72919
5589 898849
5590 54623
5591 602511
5592 18309
5593 914588
5594 24411
5595 930787
5596 693830
5597 26992
5598 415778
5599 45764
5600 947204
5601 705581
5602 18317
5603 75205
5604 88869
5605 18312
5606 18317
5607 384317
5608 738338
5609 351847
5610 18309
5611 18313
5612 753219
5613 804345
5614 36595
5615 836455
5616 18300
5617 18312
5618 89455
5619 123945
5620 86706
5621 36607
5622 86390
5623 18306
5624 224523
5625 240876
5626 257559
5627 274411
5628 291371
5629 308416
5630 325558
5631 342829
5632 360252
5633 377764
5634 395379
5635 413209
5636 431194
5637 29101
5638 19495
5639 107842
5640 18312
5641 18307
5642 173249
5643 18312
5644 87348
5645 146288
5646 55729
5647 48446
5648 67419
5649 85532
5650 54905
5651 36606
5652 18301
5653 73184
5654 54896
5655 36605
5656 18306
5657 40584
5658 35280
5659 53364
5660 98523
5661 62165
5662 73876
5663 18312
5664 18312
5665 18310
5666 18314
5667 36622
5668 18311
5669 18306
5670 36604
5671 18308
5672 36614
5673 18299
5674 40438
5675 48103
5676 1912095
5677 868312
5678 1810821
5679 852113
5680 448581
5681 387905
5682 1822719
5683 431994
5684 370915
5685 354612
5686 338495
5687 18309
5688 258673
5689 262592
5690 127067
5691 108791
5692 90511
5693 72411
5694 164068
5695 54307
5696 36197
5697 18309
5698 18090
5699 18202
5700 1407184
5701 36594
5702 18305
5703 18308
5704 36595
5705 18309
5706 36614
5707 54914
5708 18305
5709 36605
5710 54902
5711 185890
5712 170297
5713 155295
5714 18299
5715 36608
5716 18306
5717 54909
5718 54909
5719 36611
5720 18309
5721 169623
5722 153005
5723 186428
5724 136897
5725 289882
5726 375042
5727 73211
5728 18312
5729 36616
5730 18309
5731 91243
5732 675643
5733 78214
5734 69776
5735 62083
5736 54810
5737 303831
5738 48214
5739 269417
5740 36617
5741 262533
5742 18311
5743 48313
5744 222812
5745 274972
5746 292785
5747 164548
5748 36616
5749 146285
5750 18310
5751 128017
5752 109741
5753 91462
5754 73175
5755 54888
5756 36597
5757 18298
5758 18313
5759 18309
5760 36616
5761 678391
5762 629764
5763 622263
5764 619643
5765 36609
5766 18302
5767 55624
5768 73172
5769 54881
5770 36592
5771 18300
5772 18310
5773 18309
5774 18312
5775 75067
5776 61587
5777 53863
5778 73218
5779 30513
5780 24417
5781 18312
5782 18312
5783 18291
5784 18313
5785 73134
5786 30468
5787 24391
5788 18292
5789 177784
5790 123725
5791 159840
5792 182072
5793 187075
5794 18311
5795 198836
5796 18253
5797 36529
5798 54799
5799 73064
5800 91323
5801 109576
5802 127654
5803 145907
5804 401028
5805 237248
5806 219027
5807 200803
5808 182571
5809 164334
5810 146090
5811 127842
5812 109589
5813 91334
5814 73075
5815 54812
5816 36545
5817 18273
5818 18310
5819 148030
5820 148198
5821 18308
5822 36614
5823 54913
5824 1673486
5825 1616325
5826 128025
5827 109752
5828 91473
5829 73187
5830 1680905
5831 1642185
5832 54898
5833 36602
5834 18305
5835 38393
5836 39117
5837 18313
5838 36606
5839 18304
5840 54911
5841 36612
5842 18308
5843 39716
5844 41551
5845 22353
5846 58413
5847 26456
5848 57166
5849 85873
5850 74207
5851 68911
5852 107768
5853 55375
5854 24091
5855 73230
5856 89486
5857 18312
5858 144270
5859 298216
5860 607052
5861 195352
5862 36618
5863 18311
5864 18302
5865 36601
5866 18308
5867 128024
5868 91467
5869 54890
5870 18303
5871 24404
5872 18303
5873 38051
5874 56344
5875 18309
5876 18317
5877 55836
5878 35177
5879 54787
5880 36530
5881 18266
5882 18313
5883 395503
5884 53354
5885 18312
5886 48286
5887 331775
5888 336806
5889 286376
5890 18304
5891 212157
5892 18312
5893 325147
5894 18308
5895 18311
5896 449405
5897 1304554
5898 18312
5899 51625
5900 18311
5901 73178
5902 54889
5903 36596
5904 18297
5905 54901
5906 36599
5907 18299
5908 18311
5909 232779
5910 243894
5911 256117
5912 268917
5913 18310
5914 18313
5915 36619
5916 18305
5917 54896
5918 18310
5919 109761
5920 18312
5921 36603
5922 18308
5923 419741
5924 237363
5925 146234
5926 182641
5927 36637
5928 109783
5929 18310
5930 146209
5931 18376
5932 18385
5933 73220
5934 73184
5935 54889
5936 18304
5937 42736
5938 54997
5939 36671
5940 30623
5941 18307
5942 18307
5943 36600
5944 18303
5945 18311
5946 867208
5947 1041107
5948 1044993
5949 207615
5950 224072
5951 240974
5952 258033
5953 562921
5954 982952
5955 546355
5956 513815
5957 201222
5958 530548
5959 516546
5960 331005
5961 248213
5962 311683
5963 73211
5964 251091
5965 54917
5966 18311
5967 36617
5968 44098
5969 225906
5970 18311
5971 113623
5972 32441
5973 36617
5974 18311
5975 114426
5976 327712
5977 28734
5978 171678
5979 170071
5980 33870
5981 66672
5982 18311
5983 159557
5984 512122
5985 490379
5986 18312
5987 36619
5988 18312
5989 18309
5990 1385464
5991 18313
5992 18306
5993 1313471
5994 1303645
5995 908073
5996 388292
5997 180246
5998 164043
5999 375648
6000 150835
6001 365169
6002 712272
6003 18312
6004 120122
6005 107279
6006 101077
6007 400065
6008 18308
6009 82163
6010 82160
6011 101058
6012 18312
6013 119557
6014 385117
6015 18312
6016 216711
6017 18308
6018 198016
6019 297346
6020 315689
6021 298845
6022 18310
6023 190249
6024 353773
6025 18312
6026 176968
6027 18311
6028 167069
6029 310362
6030 132464
6031 47583
6032 195044
6033 285290
6034 26910
6035 175077
6036 114494
6037 18260
6038 79696
6039 54899
6040 19465
6041 162841
6042 223226
6043 18301
6044 18301
6045 149448
6046 18310
6047 212724
6048 18307
6049 144137
6050 197554
6051 204065
6052 206187
6053 18312
6054 170539
6055 183572
6056 156196
6057 152090
6058 32416
6059 124219
6060 140485
6061 202213
6062 133807
6063 29957
6064 124455
6065 36606
6066 18305
6067 132981
6068 34173
6069 132469
6070 27257
6071 153317
6072 43896
6073 18311
6074 54915
6075 36616
6076 18310
6077 18310
6078 18308
6079 446951
6080 463165
6081 497950
6082 18311
6083 80899
6084 18312
6085 58679
6086 38009
6087 149058
6088 166135
6089 25896
6090 52628
6091 24194
6092 35018
6093 183694
6094 207592
6095 92437
6096 237444
6097 18296
6098 36599
6099 54893
6100 73187
6101 109772
6102 18313
6103 18312
6104 18308
