0 237059
1 251953
2 223944
3 267430
4 283458
5 213972
6 1022931
7 207241
8 763728
9 999197
10 745892
11 204022
12 436771
13 291333
14 327727
15 218554
16 91222
17 273167
18 97383
19 170115
20 66999
21 1016439
22 145973
23 109492
24 255099
25 30504
26 91672
27 1034103
28 164151
29 115737
30 49201
31 61107
32 18308
33 1051833
34 103658
35 85404
36 43105
37 205393
38 42703
39 85146
40 73129
41 18761
42 36608
43 79211
44 24408
45 18307
46 18719
47 54797
48 60824
49 91277
50 240825
51 115988
52 67089
53 73192
54 146787
55 54903
56 132617
57 36608
58 122182
59 142751
60 18307
61 145008
62 116069
63 18307
64 157659
65 124466
66 2529721
67 170458
68 114601
69 39209
70 47183
71 57538
72 53202
73 71420
74 1832780
75 88657
76 57270
77 185870
78 36608
79 142590
80 386520
81 68687
82 2267723
83 107489
84 81983
85 1240608
86 36608
87 214651
88 139535
89 378117
90 36604
91 1010039
92 298825
93 339943
94 194870
95 18307
96 1271264
97 54887
98 36603
99 994654
100 18306
101 280919
102 499666
103 54911
104 289859
105 1274386
106 36594
107 360724
108 219215
109 498905
110 375808
111 18307
112 60947
113 430268
114 18305
115 42678
116 81052
117 265760
118 2961741
119 3135352
120 3078811
121 2970340
122 232257
123 2979982
124 3073720
125 2990609
126 6218476
127 216650
128 2917535
129 3655408
130 2974654
131 1989456
132 324691
133 754064
134 2929098
135 310313
136 153760
137 71577
138 3072320
139 2794085
140 740219
141 54923
142 426233
143 71872
144 36624
145 91515
146 1981797
147 639134
148 73226
149 64346
150 36621
151 396240
152 18315
153 43637
154 57125
155 18316
156 18315
157 151654
158 748853
159 2828347
160 1976059
161 416328
162 2595335
163 36878
164 343917
165 2116787
166 158352
167 313181
168 77195
169 149156
170 53971
171 2220130
172 382648
173 300026
174 174027
175 31483
176 156132
177 18314
178 723634
179 186280
180 289035
181 160091
182 73227
183 333598
184 3660072
185 328147
186 306798
187 30520
188 24417
189 171277
190 835223
191 195893
192 18316
193 410470
194 1807187
195 18314
196 455233
197 2282692
198 437062
199 150932
200 105453
201 202265
202 83134
203 179154
204 1840374
205 45057
206 1731906
207 581594
208 419903
209 502546
210 107791
211 75687
212 564840
213 119096
214 38434
215 399641
216 73226
217 322434
218 418885
219 158271
220 67909
221 30519
222 57312
223 194861
224 548331
225 24417
226 69317
227 1099491
228 183374
229 126185
230 402616
231 18316
232 89434
233 531905
234 518949
235 291983
236 3670379
237 3682274
238 9136133
239 6314058
240 2948674
241 550993
242 5696706
243 2385370
244 208791
245 538973
246 204345
247 245717
248 2153493
249 207233
250 336950
251 45651
252 18303
253 4099974
254 553908
255 349320
256 1223847
257 524738
258 1157699
259 476454
260 36586
261 2151309
262 172160
263 909247
264 132926
265 18299
266 18296
267 45170
268 118655
269 2891116
270 8297392
271 91017
272 23574
273 2901280
274 18307
275 78425
276 933128
277 225639
278 478635
279 19194
280 18300
281 2878649
282 52694
283 193148
284 153047
285 243730
286 23541
287 20643
288 271910
289 52077
290 3847743
291 124341
292 4087510
293 193019
294 1047692
295 24770
296 214319
297 139624
298 36594
299 1285792
300 90137
301 1132232
302 84907
303 143455
304 1051518
305 108068
306 4230507
307 40833
308 290140
309 7650129
310 18300
311 56368
312 19236
313 3507759
314 51852
315 148277
316 101803
317 279767
318 54903
319 870107
320 144898
321 30513
322 18307
323 896935
324 157487
325 39273
326 2428240
327 71917
328 3867863
329 387055
330 144204
331 1248673
332 36613
333 54870
334 252295
335 255027
336 73419
337 1071463
338 24056
339 2279591
340 37542
341 1136518
342 146922
343 136966
344 18304
345 603163
346 174391
347 918464
348 1159972
349 36590
350 22572
351 2124884
352 540504
353 158871
354 18311
355 2710584
356 2676086
357 2671470
358 5861646
359 1372941
360 1079367
361 308255
362 3649618
363 1462925
364 1335709
365 567130
366 4348861
367 572585
368 900686
369 563781
370 2496573
371 37392
372 642630
373 564666
374 35524
375 18311
376 18308
377 147652
378 470940
379 2672058
380 290395
381 485328
382 561633
383 432951
384 1130438
385 256417
386 2481754
387 100332
388 830741
389 18315
390 2450710
391 206730
392 407313
393 4358372
394 18315
395 330750
396 887717
397 831083
398 506813
399 136316
400 500106
401 835354
402 491432
403 18315
404 2112571
405 206896
406 137111
407 467404
408 805372
409 138001
410 125313
411 482936
412 497587
413 635793
414 474587
415 349118
416 196642
417 119774
418 629294
419 164517
420 47284
421 631690
422 315136
423 328509
424 146278
425 654307
426 109728
427 310296
428 380248
429 191021
430 18315
431 73226
432 358736
433 18305
434 36621
435 787283
436 18315
437 292077
438 18316
439 55233
440 18315
441 81221
442 91462
443 18305
444 273852
445 54885
446 323887
447 42512
448 4239924
449 2074975
450 18305
451 626801
452 51792
453 18305
454 310036
455 52226
456 31399
457 18313
458 35650
459 310048
460 29748
461 21467
462 53703
463 318155
464 123629
465 187140
466 701061
467 18308
468 118119
469 3078153
470 36592
471 43156
472 201971
473 213853
474 227700
475 192664
476 243113
477 187779
478 259673
479 2913836
480 191114
481 1381296
482 1584845
483 96333
484 1488399
485 85880
486 76882
487 69251
488 1432626
489 1480906
490 62666
491 2610294
492 1734835
493 57335
494 610299
495 55467
496 710794
497 892301
498 60886
499 138140
500 122696
501 979054
502 918223
503 107257
504 89556
505 72974
506 370929
507 259340
508 206180
509 57496
510 81120
511 207357
512 1547751
513 53093
514 111422
515 1279722
516 755196
517 64366
518 1264277
519 153767
520 668125
521 216289
522 95456
523 459523
524 230521
525 49043
526 94493
527 18315
528 415897
529 36674
530 770056
531 137536
532 442169
533 418038
534 328827
535 2622057
536 1193639
537 363885
538 195441
539 1231319
540 425607
541 193342
542 29590
543 361160
544 34634
545 73175
546 361568
547 100973
548 36599
549 36594
550 18302
551 18303
552 49784
553 367369
554 159206
555 541962
556 163614
557 18314
558 282904
559 36624
560 410061
561 314753
562 18315
563 399998
564 114036
565 18300
566 1127449
567 59052
568 54903
569 54892
570 54922
571 463026
572 335391
573 24406
574 36608
575 1362254
576 18303
577 397413
578 42410
579 18307
580 90513
581 648388
582 897595
583 122785
584 36074
585 72234
586 45845
587 18314
588 18302
589 158762
590 3074407
591 2635977
592 7658401
593 15215109
594 5514311
595 4850395
596 2316163
597 4864570
598 36606
599 2295199
600 18306
601 928293
602 2264613
603 36604
604 146286
605 2259335
606 912808
607 2348232
608 109736
609 18305
610 3283019
611 3534065
612 91461
613 18305
614 946050
615 73180
616 2409375
617 54894
618 1089040
619 221934
620 2286588
621 4106984
622 36602
623 909715
624 842786
625 1184519
626 1070250
627 4018756
628 18304
629 1213944
630 516838
631 12424173
632 73190
633 36603
634 125171
635 2285423
636 726296
637 475436
638 18306
639 96203
640 1239050
641 36606
642 18307
643 207946
644 510300
645 834851
646 109919
647 18306
648 90178
649 458232
650 1239694
651 96106
652 2900864
653 798863
654 84095
655 198207
656 162276
657 2564536
658 78682
659 54879
660 152539
661 789327
662 1494742
663 2982214
664 36591
665 18297
666 177786
667 2933592
668 561514
669 461132
670 79256
671 70674
672 866182
673 405920
674 730173
675 150022
676 66954
677 594593
678 86036
679 66304
680 540994
681 133275
682 1082319
683 109586
684 1070419
685 589794
686 482054
687 495733
688 490138
689 36606
690 1451300
691 455793
692 54882
693 131802
694 36594
695 18306
696 91321
697 408874
698 177587
699 18300
700 54897
701 2983094
702 18304
703 777144
704 865477
705 979620
706 282944
707 73052
708 36604
709 18305
710 12425161
711 13143402
712 11582013
713 2281803
714 14354614
715 3108110
716 1900553
717 1890957
718 2364719
719 1239169
720 2807699
721 2094800
722 1059393
723 1486138
724 1954570
725 1017804
726 850052
727 1927905
728 1231717
729 1236363
730 1003509
731 11254621
732 175787
733 838339
734 906970
735 1068186
736 2791711
737 1488969
738 18292
739 989721
740 720961
741 1064033
742 705121
743 69084
744 1287894
745 690184
746 1192216
747 1497732
748 677194
749 2654290
750 665684
751 917476
752 577058
753 163895
754 2615313
755 1342681
756 2248228
757 159415
758 97379
759 1220422
760 654815
761 1108979
762 913926
763 1071572
764 918910
765 1014796
766 378140
767 371552
768 582613
769 1297482
770 1516333
771 131680
772 1043839
773 649407
774 338668
775 1229302
776 133816
777 992161
778 29381
779 1180193
780 18310
781 418884
782 685924
783 271183
784 1247978
785 715104
786 29584
787 581075
788 2060059
789 533995
790 1602821
791 27379
792 692539
793 982387
794 258796
795 506713
796 403896
797 373298
798 428157
799 419320
800 250634
801 335743
802 1046494
803 11252017
804 56423
805 71581
806 817957
807 67952
808 366550
809 1794606
810 2054192
811 413653
812 60293
813 329370
814 73179
815 343172
816 30506
817 813286
818 24395
819 368832
820 2085557
821 245578
822 36569
823 18304
824 372079
825 435040
826 36614
827 2279535
828 18307
829 10663440
830 10663420
831 15862565
832 2401725
833 14417894
834 2385731
835 2535491
836 1326941
837 6250055
838 460310
839 3004027
840 1258197
841 3022906
842 447381
843 292857
844 1197678
845 5971497
846 73190
847 1888463
848 54901
849 36606
850 18306
851 83732
852 436811
853 1103135
854 1426040
855 1884580
856 1150385
857 54882
858 739545
859 54903
860 289399
861 36608
862 428300
863 402787
864 18307
865 109692
866 5374607
867 390290
868 422134
869 2587258
870 36608
871 386758
872 1289139
873 18307
874 46428
875 37743
876 91423
877 2205704
878 18299
879 2079832
880 4744361
881 73148
882 127170
883 40797
884 386571
885 2020184
886 517554
887 57207
888 54869
889 1260300
890 2978962
891 36585
892 18299
893 946527
894 851316
895 1313970
896 18295
897 4734959
898 364872
899 164552
900 109028
901 761890
902 1893659
903 171043
904 349182
905 54900
906 3022337
907 72624
908 690066
909 119029
910 154356
911 593358
912 2875321
913 346706
914 2863002
915 1341171
916 137840
917 1104117
918 775333
919 2295423
920 91617
921 1471937
922 121494
923 163898
924 328658
925 2597420
926 105184
927 36607
928 194527
929 36270
930 895400
931 54903
932 146293
933 36608
934 672609
935 225270
936 2033936
937 18299
938 1868713
939 130083
940 1341502
941 1156253
942 1860944
943 18307
944 216110
945 36609
946 128055
947 12164968
948 12160417
949 15428986
950 3813288
951 9746349
952 3810074
953 5479742
954 233897
955 219621
956 3459369
957 366789
958 197781
959 1780140
960 3451606
961 183521
962 178811
963 1190368
964 1193475
965 1746606
966 3444465
967 219955
968 18309
969 352707
970 18315
971 208480
972 192775
973 3525915
974 2538617
975 344953
976 109749
977 8587789
978 988148
979 338214
980 91472
981 177648
982 6097632
983 73189
984 942259
985 1642868
986 190115
987 167494
988 878278
989 54900
990 393572
991 175291
992 375471
993 57205
994 36606
995 579832
996 211681
997 219283
998 468526
999 54902
1000 514818
1001 459986
1002 373933
1003 2380648
1004 500369
1005 100671
1006 2537240
1007 201038
1008 54902
1009 3877598
1010 36622
1011 182814
1012 18315
1013 2541555
1014 72137
1015 255674
1016 85367
1017 18314
1018 775516
1019 18294
1020 3812352
1021 18306
1022 2518468
1023 36624
1024 199420
1025 393741
1026 67092
1027 2965723
1028 1038038
1029 79223
1030 48818
1031 60946
1032 36607
1033 989863
1034 18302
1035 42672
1036 2563007
1037 486826
1038 42815
1039 24409
1040 36607
1041 18343
1042 18315
1043 30542
1044 6083355
1045 518706
1046 1163866
1047 18307
1048 42506
1049 877297
1050 5289028
1051 959341
1052 395284
1053 1023117
1054 2772106
1055 3285560
1056 18306
1057 3152896
1058 2618932
1059 2615204
1060 705302
1061 407684
1062 600915
1063 482848
1064 2812496
1065 4380646
1066 4368921
1067 1530742
1068 1270638
1069 204336
1070 288020
1071 392358
1072 22428
1073 205021
1074 400994
1075 1713363
1076 165369
1077 87158
1078 681722
1079 2862528
1080 277136
1081 176465
1082 44585
1083 29697
1084 53704
1085 1708599
1086 54894
1087 132258
1088 21705
1089 18303
1090 29691
1091 36602
1092 275926
1093 18304
1094 203414
1095 671494
1096 73145
1097 1691576
1098 99509
1099 230653
1100 1143472
1101 18296
1102 1136722
1103 655724
1104 222922
1105 36577
1106 18280
1107 36601
1108 1675674
1109 123074
1110 18287
1111 156676
1112 216354
1113 241607
1114 109768
1115 1586791
1116 1660695
1117 1680325
1118 143676
1119 188386
1120 164383
1121 36702
1122 173246
1123 18304
1124 1446202
1125 537535
1126 1212929
1127 36606
1128 311925
1129 301719
1130 226906
1131 54890
1132 594638
1133 256476
1134 148073
1135 36595
1136 18306
1137 18294
1138 27980
1139 244927
1140 18303
1141 258942
1142 111010
1143 193440
1144 364894
1145 169828
1146 18304
1147 257669
1148 926142
1149 263049
1150 355398
1151 42330
1152 612319
1153 236450
1154 151497
1155 636074
1156 566298
1157 182668
1158 285698
1159 225837
1160 88944
1161 18305
1162 219188
1163 122737
1164 151298
1165 133045
1166 391540
1167 18302
1168 221835
1169 104481
1170 949444
1171 119869
1172 310201
1173 164494
1174 805506
1175 377191
1176 83895
1177 114163
1178 18302
1179 146276
1180 345347
1181 96978
1182 202320
1183 71751
1184 54886
1185 203882
1186 75063
1187 110240
1188 93021
1189 60488
1190 69442
1191 193618
1192 26469
1193 101200
1194 36042
1195 86900
1196 109150
1197 867994
1198 56488
1199 41200
1200 925367
1201 82603
1202 85092
1203 655708
1204 473219
1205 919600
1206 77487
1207 24870
1208 85498
1209 532421
1210 96893
1211 18315
1212 902536
1213 927339
1214 112944
1215 94424
1216 1045589
1217 617231
1218 673329
1219 82475
1220 4140490
1221 129778
1222 1222183
1223 4116863
1224 436339
1225 4564551
1226 4120230
1227 72061
1228 4522313
1229 1205470
1230 574470
1231 57122
1232 798338
1233 4126280
1234 1253183
1235 632605
1236 347148
1237 200200
1238 788236
1239 4509745
1240 862461
1241 422517
1242 189502
1243 177030
1244 18314
1245 790944
1246 143922
1247 4382001
1248 414671
1249 183133
1250 167658
1251 51260
1252 136665
1253 157059
1254 862247
1255 164461
1256 4422256
1257 151444
1258 1289823
1259 85999
1260 39597
1261 870227
1262 432924
1263 3151128
1264 907783
1265 40101
1266 2501068
1267 453272
1268 410855
1269 57236
1270 3553848
1271 131634
1272 3167964
1273 71233
1274 2282341
1275 1688094
1276 313546
1277 427739
1278 414395
1279 872220
1280 36739
1281 450135
1282 43581
1283 62747
1284 409357
1285 3283988
1286 958310
1287 2714883
1288 206463
1289 63291
1290 743009
1291 780026
1292 3233684
1293 2237948
1294 1271940
1295 193305
1296 416346
1297 391619
1298 2756756
1299 68892
1300 37983
1301 1448437
1302 41694
1303 429383
1304 53051
1305 390129
1306 24665
1307 921008
1308 20529
1309 578966
1310 46088
1311 70590
1312 1628425
1313 466385
1314 49728
1315 578121
1316 45746
1317 989992
1318 450395
1319 909549
1320 435398
1321 44265
1322 580021
1323 912295
1324 978796
1325 422073
1326 585798
1327 48423
1328 1013156
1329 114179
1330 970832
1331 50660
1332 71962
1333 99591
1334 413493
1335 46755
1336 953356
1337 18312
1338 37816
1339 936052
1340 44063
1341 409326
1342 57210
1343 925202
1344 131907
1345 33660
1346 405828
1347 45454
1348 988355
1349 706745
1350 36619
1351 799799
1352 18312
1353 436578
1354 305399
1355 113047
1356 924419
1357 72540
1358 195199
1359 404114
1360 56313
1361 54562
1362 927375
1363 54922
1364 387703
1365 18314
1366 609476
1367 36620
1368 353877
1369 932754
1370 222313
1371 196393
1372 963815
1373 18313
1374 192735
1375 94566
1376 18314
1377 98979
1378 36589
1379 663577
1380 405965
1381 591849
1382 359551
1383 92183
1384 356819
1385 412186
1386 105625
1387 959214
1388 710721
1389 49572
1390 18298
1391 58740
1392 323314
1393 1529750
1394 266442
1395 122628
1396 18306
1397 36623
1398 587534
1399 57891
1400 300950
1401 1446546
1402 674340
1403 1917503
1404 574817
1405 982900
1406 36624
1407 335023
1408 790790
1409 181687
1410 756502
1411 18315
1412 159778
1413 18314
1414 169495
1415 2040571
1416 94037
1417 564370
1418 160160
1419 140506
1420 762164
1421 109744
1422 18303
1423 54887
1424 36601
1425 18303
1426 127995
1427 18303
1428 620745
1429 606937
1430 624545
1431 415636
1432 289248
1433 52371
1434 34081
1435 18301
1436 685518
1437 166741
1438 54884
1439 18299
1440 18300
1441 545104
1442 272933
1443 822809
1444 608288
1445 111932
1446 909904
1447 135330
1448 974852
1449 146130
1450 876053
1451 737700
1452 54834
1453 36561
1454 18297
1455 729858
1456 18283
1457 54885
1458 732351
1459 937076
1460 1265040
1461 578904
1462 1301941
1463 91381
1464 36596
1465 867971
1466 73114
1467 488631
1468 200989
1469 54842
1470 146239
1471 590055
1472 36566
1473 91424
1474 18286
1475 18304
1476 472437
1477 18301
1478 36588
1479 36590
1480 948546
1481 18297
1482 73150
1483 18297
1484 54871
1485 36586
1486 456961
1487 1018172
1488 18296
1489 475109
1490 1312101
1491 556862
1492 459172
1493 431104
1494 36594
1495 18300
1496 1498987
1497 477184
1498 460861
1499 465862
1500 966258
1501 97548
1502 73168
1503 335747
1504 97937
1505 18305
1506 498222
1507 383433
1508 54883
1509 425347
1510 252007
1511 325597
1512 36603
1513 301478
1514 424085
1515 36591
1516 423392
1517 201009
1518 105753
1519 18304
1520 466110
1521 479158
1522 524595
1523 182788
1524 118062
1525 323981
1526 164593
1527 85326
1528 18303
1529 36599
1530 76624
1531 18302
1532 18295
1533 151759
1534 437413
1535 56202
1536 328358
1537 28216
1538 18302
1539 182567
1540 54809
1541 36545
1542 73069
1543 18274
1544 200726
1545 36547
1546 218958
1547 18275
1548 18276
1549 274312
1550 37493
1551 36543
1552 19313
1553 18752
1554 18274
1555 36323
1556 54472
1557 3579737
1558 3285729
1559 2708742
1560 1119796
1561 1586582
1562 2683807
1563 214461
1564 1112560
1565 2882823
1566 234740
1567 1115668
1568 200770
1569 3125507
1570 1754352
1571 1686420
1572 2525084
1573 2474072
1574 18313
1575 190351
1576 48266
1577 1172340
1578 2482318
1579 225389
1580 2876575
1581 2839121
1582 1710115
1583 38123
1584 2834872
1585 182510
1586 79359
1587 371410
1588 1274846
1589 361927
1590 195535
1591 245719
1592 2338093
1593 51961
1594 34189
1595 55483
1596 154194
1597 522029
1598 2330852
1599 43278
1600 140096
1601 2663945
1602 60294
1603 22086
1604 96907
1605 29467
1606 508075
1607 122405
1608 2330972
1609 50815
1610 1442950
1611 82027
1612 327227
1613 511338
1614 319630
1615 29260
1616 84643
1617 230405
1618 73716
1619 64044
1620 2433618
1621 841432
1622 55656
1623 2451126
1624 51863
1625 82010
1626 1006518
1627 406370
1628 158572
1629 259424
1630 356482
1631 2630131
1632 70683
1633 103639
1634 128164
1635 448783
1636 738206
1637 609568
1638 223039
1639 335352
1640 222324
1641 136968
1642 1436542
1643 84929
1644 628876
1645 151068
1646 355032
1647 336731
1648 1657890
1649 131490
1650 39826
1651 2602470
1652 116883
1653 217915
1654 2564956
1655 890806
1656 354348
1657 2212676
1658 47162
1659 823685
1660 385189
1661 309352
1662 25307
1663 78432
1664 896700
1665 2646988
1666 958386
1667 57130
1668 467081
1669 680798
1670 1647736
1671 379174
1672 330448
1673 791970
1674 139641
1675 166796
1676 128187
1677 1150196
1678 557837
1679 195373
1680 57014
1681 521644
1682 540990
1683 1089181
1684 49587
1685 843669
1686 117349
1687 34494
1688 189168
1689 53922
1690 147748
1691 499538
1692 1361979
1693 40492
1694 553296
1695 298925
1696 591390
1697 593575
1698 89075
1699 582623
1700 1334863
1701 45868
1702 643922
1703 103764
1704 296115
1705 231814
1706 3231512
1707 3785013
1708 18309
1709 1460037
1710 2516709
1711 664597
1712 18307
1713 265056
1714 168434
1715 2379487
1716 505687
1717 3680494
1718 2130737
1719 228356
1720 73195
1721 54902
1722 36603
1723 18299
1724 1241315
1725 1381899
1726 57645
1727 1452616
1728 2027535
1729 1507184
1730 273537
1731 295533
1732 695479
1733 722929
1734 3304226
1735 88572
1736 2751063
1737 76258
1738 54669
1739 450799
1740 69373
1741 2778498
1742 400642
1743 687308
1744 2087685
1745 2735888
1746 1952532
1747 142139
1748 372784
1749 165013
1750 59966
1751 79005
1752 49972
1753 52120
1754 673292
1755 2739760
1756 706115
1757 20165
1758 1083310
1759 2611332
1760 47800
1761 1086938
1762 777324
1763 2165367
1764 464858
1765 410714
1766 37703
1767 1045688
1768 781780
1769 286519
1770 683660
1771 1045460
1772 138372
1773 1088109
1774 86917
1775 280787
1776 688434
1777 236541
1778 1088658
1779 663759
1780 100882
1781 1103275
1782 88046
1783 325052
1784 140727
1785 448213
1786 656999
1787 57888
1788 89898
1789 445668
1790 1000384
1791 46448
1792 92283
1793 289115
1794 104055
1795 18301
1796 36496
1797 244066
1798 108177
1799 302355
1800 45364
1801 246912
1802 2224443
1803 2920487
1804 426362
1805 2123116
1806 2613840
1807 432873
1808 2094673
1809 3380403
1810 2597571
1811 416707
1812 2387611
1813 2331360
1814 2595635
1815 18306
1816 529320
1817 54883
1818 555221
1819 430425
1820 387841
1821 36594
1822 2927257
1823 2305089
1824 18299
1825 853058
1826 47789
1827 382648
1828 76545
1829 18303
1830 67489
1831 2987129
1832 1172732
1833 543105
1834 2219535
1835 2041819
1836 3621974
1837 926243
1838 80925
1839 1272563
1840 2077473
1841 46867
1842 29834
1843 63257
1844 18968
1845 54901
1846 399297
1847 698081
1848 36607
1849 989104
1850 2185335
1851 1240599
1852 225658
1853 18306
1854 85053
1855 75925
1856 1390964
1857 156684
1858 1292366
1859 18306
1860 54878
1861 208427
1862 36566
1863 61798
1864 687060
1865 727965
1866 36590
1867 1162897
1868 196989
1869 1866285
1870 2036324
1871 67826
1872 645059
1873 64217
1874 39847
1875 2152253
1876 6104881
1877 26888
1878 192101
1879 25127
1880 18286
1881 754384
1882 52245
1883 54908
1884 18307
1885 18297
1886 3838057
1887 121034
1888 36606
1889 1246860
1890 34850
1891 954491
1892 36614
1893 118488
1894 267117
1895 1837159
1896 280345
1897 516183
1898 51651
1899 49787
1900 18306
1901 78755
1902 151424
1903 762412
1904 102294
1905 54900
1906 201053
1907 36605
1908 174569
1909 64102
1910 18305
1911 203680
1912 128398
1913 64102
1914 32987
1915 127573
1916 91466
1917 18301
1918 200855
1919 73184
1920 95031
1921 244572
1922 176245
1923 54895
1924 267048
1925 36604
1926 74370
1927 58912
1928 18306
1929 79631
1930 227956
1931 18304
1932 55530
1933 36601
1934 344204
1935 37245
1936 69973
1937 18305
1938 36608
1939 18303
1940 254891
1941 70978
1942 72285
1943 249765
1944 201403
1945 71095
1946 18307
1947 201355
1948 66425
1949 18300
1950 52105
1951 18305
1952 18306
1953 1678505
1954 57034
1955 277648
1956 236718
1957 197344
1958 62554
1959 262140
1960 217897
1961 1568296
1962 262933
1963 128057
1964 143944
1965 136489
1966 109779
1967 220211
1968 91495
1969 123180
1970 1798352
1971 146867
1972 110659
1973 1811372
1974 386837
1975 1306291
1976 162632
1977 160242
1978 110811
1979 43978
1980 138757
1981 2020303
1982 137160
1983 73205
1984 58137
1985 211522
1986 54912
1987 60830
1988 264814
1989 36613
1990 50918
1991 91522
1992 18309
1993 91772
1994 36613
1995 149345
1996 136124
1997 36615
1998 77894
1999 217762
2000 189294
2001 150426
2002 127577
2003 146734
2004 2016898
2005 30468
2006 54929
2007 128063
2008 677478
2009 1973687
2010 18314
2011 201696
2012 95453
2013 18314
2014 163027
2015 109225
2016 396215
2017 18331
2018 695283
2019 36621
2020 18307
2021 18315
2022 87746
2023 73208
2024 18307
2025 1297615
2026 73205
2027 414581
2028 199547
2029 524387
2030 175185
2031 318429
2032 56839
2033 1567588
2034 1180567
2035 361754
2036 286034
2037 1179598
2038 43755
2039 3795431
2040 85415
2041 517012
2042 248499
2043 103470
2044 246599
2045 342476
2046 158613
2047 2717782
2048 182374
2049 538275
2050 54992
2051 1468506
2052 253599
2053 88078
2054 257830
2055 3625933
2056 83352
2057 2420416
2058 67377
2059 86809
2060 39458
2061 163227
2062 51921
2063 56236
2064 2442909
2065 444457
2066 498643
2067 93017
2068 407673
2069 2266422
2070 88415
2071 56205
2072 2288176
2073 3215859
2074 81137
2075 799789
2076 33159
2077 26897
2078 478052
2079 369096
2080 128532
2081 491707
2082 48747
2083 164620
2084 90521
2085 1328251
2086 36610
2087 62942
2088 32978
2089 39355
2090 154421
2091 158321
2092 398630
2093 74508
2094 869017
2095 112564
2096 1981139
2097 88672
2098 18306
2099 595556
2100 558831
2101 681477
2102 118358
2103 383852
2104 39708
2105 73214
2106 90635
2107 126257
2108 276015
2109 30513
2110 356725
2111 24414
2112 26638
2113 337600
2114 954306
2115 18315
2116 151927
2117 145592
2118 39201
2119 86985
2120 462062
2121 232854
2122 69269
2123 18315
2124 65825
2125 41743
2126 630821
2127 62409
2128 210530
2129 28151
2130 47084
2131 122182
2132 223666
2133 34942
2134 1792930
2135 72875
2136 196421
2137 211211
2138 1697794
2139 2123080
2140 852062
2141 54923
2142 1276620
2143 173345
2144 197202
2145 1268980
2146 796944
2147 952374
2148 885104
2149 1560926
2150 869524
2151 81130
2152 918163
2153 70287
2154 672468
2155 856658
2156 84511
2157 1694015
2158 309286
2159 727573
2160 846645
2161 130538
2162 559681
2163 1200804
2164 39188
2165 142434
2166 3012138
2167 144705
2168 20929
2169 18303
2170 73185
2171 54859
2172 18305
2173 310356
2174 36579
2175 24399
2176 30506
2177 18306
2178 1255932
2179 259126
2180 586433
2181 432361
2182 425932
2183 18292
2184 19319
2185 228910
2186 1343893
2187 569424
2188 36604
2189 158884
2190 560184
2191 96327
2192 87905
2193 428575
2194 18306
2195 554204
2196 3096275
2197 1248787
2198 225802
2199 294565
2200 228186
2201 540774
2202 54456
2203 248964
2204 3256060
2205 18303
2206 18305
2207 89805
2208 189332
2209 359892
2210 18303
2211 319222
2212 18082
2213 53314
2214 18082
2215 93106
2216 1031731
2217 18304
2218 329465
2219 123730
2220 18306
2221 1507538
2222 344686
2223 927952
2224 73226
2225 360085
2226 107147
2227 162606
2228 18300
2229 3179374
2230 18307
2231 952730
2232 375724
2233 166895
2234 328389
2235 73322
2236 18307
2237 255074
2238 116769
2239 237053
2240 961255
2241 18302
2242 246333
2243 391695
2244 389259
2245 18304
2246 78470
2247 18305
2248 18302
2249 251551
2250 227644
2251 371324
2252 699593
2253 86180
2254 109263
2255 73199
2256 408000
2257 18300
2258 226620
2259 441880
2260 116899
2261 18303
2262 36610
2263 353851
2264 18307
2265 361869
2266 30117
2267 27333
2268 24142
2269 36075
2270 294214
2271 360906
2272 376860
2273 22475
2274 314957
2275 69483
2276 276041
2277 52972
2278 94069
2279 257865
2280 760679
2281 164593
2282 239692
2283 107331
2284 372674
2285 134285
2286 77194
2287 146329
2288 116401
2289 56986
2290 878942
2291 64409
2292 103236
2293 95231
2294 896200
2295 128058
2296 228150
2297 56533
2298 76764
2299 125345
2300 136146
2301 109782
2302 231570
2303 249188
2304 36623
2305 266835
2306 913792
2307 285938
2308 91500
2309 221546
2310 18315
2311 931429
2312 272312
2313 165258
2314 949082
2315 229047
2316 203442
2317 286250
2318 106742
2319 185353
2320 167506
2321 164445
2322 301331
2323 73212
2324 358496
2325 374861
2326 75352
2327 57173
2328 392508
2329 54918
2330 146182
2331 39148
2332 966785
2333 187656
2334 389039
2335 159827
2336 410206
2337 128069
2338 200348
2339 127928
2340 984576
2341 26057
2342 1354751
2343 73163
2344 964857
2345 30491
2346 73212
2347 796956
2348 404556
2349 969388
2350 24393
2351 740943
2352 18301
2353 974862
2354 24650
2355 91466
2356 428008
2357 109790
2358 605484
2359 984538
2360 54917
2361 1004004
2362 109667
2363 24290
2364 73183
2365 422212
2366 147252
2367 149052
2368 54894
2369 491386
2370 91506
2371 24407
2372 36616
2373 18303
2374 35678
2375 34028
2376 151305
2377 198276
2378 1011535
2379 538834
2380 18311
2381 91401
2382 73129
2383 194062
2384 258309
2385 139364
2386 18314
2387 18314
2388 42669
2389 187748
2390 205765
2391 91598
2392 47398
2393 245663
2394 47359
2395 179976
2396 36634
2397 74119
2398 18312
2399 30552
2400 89790
2401 42692
2402 61077
2403 228316
2404 541033
2405 54924
2406 127634
2407 36622
2408 18313
2409 35046
2410 69781
2411 18314
2412 36634
2413 246392
2414 96231
2415 437966
2416 268560
2417 18310
2418 61645
2419 474228
2420 78058
2421 255668
2422 272032
2423 290089
2424 18315
2425 5442165
2426 5273436
2427 308161
2428 151272
2429 5525907
2430 5585270
2431 136608
2432 5206241
2433 126887
2434 5312150
2435 5461245
2436 5200458
2437 471743
2438 49114
2439 3133990
2440 463209
2441 304749
2442 224384
2443 3154983
2444 227527
2445 5450665
2446 5123025
2447 293427
2448 3074733
2449 40255
2450 3072454
2451 378233
2452 456071
2453 5039072
2454 282918
2455 115302
2456 160774
2457 4894177
2458 370194
2459 207541
2460 242173
2461 274556
2462 2310180
2463 773271
2464 42210
2465 143941
2466 271000
2467 197325
2468 405667
2469 189132
2470 53108
2471 944840
2472 189636
2473 2619757
2474 195740
2475 2411815
2476 173264
2477 172343
2478 710461
2479 1201777
2480 2254404
2481 200331
2482 200144
2483 738581
2484 453398
2485 156233
2486 1907510
2487 370992
2488 140824
2489 255940
2490 73219
2491 49907
2492 131718
2493 257661
2494 100290
2495 1824067
2496 918860
2497 319148
2498 1705603
2499 134217
2500 444973
2501 521641
2502 188156
2503 428968
2504 176243
2505 54894
2506 36602
2507 474897
2508 18304
2509 48620
2510 85261
2511 159793
2512 128005
2513 99684
2514 882327
2515 1342542
2516 52413
2517 37835
2518 880822
2519 40410
2520 18298
2521 852511
2522 109740
2523 58351
2524 1358128
2525 48792
2526 825750
2527 42686
2528 30508
2529 18313
2530 24401
2531 18299
2532 789674
2533 769152
2534 1167238
2535 718620
2536 853890
2537 710947
2538 705925
2539 1344527
2540 1452961
2541 1037370
2542 950771
2543 691576
2544 1044277
2545 702667
2546 1052724
2547 981534
2548 1556513
2549 1061635
2550 1522845
2551 491021
2552 522841
2553 757419
2554 728256
2555 510190
2556 816905
2557 234658
2558 472875
2559 802679
2560 56956
2561 136818
2562 68252
2563 169249
2564 454723
2565 502259
2566 138320
2567 790692
2568 142460
2569 232076
2570 36594
2571 803467
2572 57582
2573 436567
2574 665631
2575 54879
2576 155073
2577 25433
2578 1311340
2579 255362
2580 152922
2581 30340
2582 18299
2583 767766
2584 418404
2585 36591
2586 187459
2587 1203122
2588 775027
2589 194659
2590 283330
2591 400235
2592 36599
2593 18298
2594 18302
2595 806885
2596 703249
2597 382060
2598 1275125
2599 54892
2600 36582
2601 36600
2602 214707
2603 18303
2604 1656296
2605 818074
2606 363881
2607 911952
2608 1422448
2609 211737
2610 437696
2611 1148947
2612 345698
2613 226137
2614 18293
2615 995322
2616 1250166
2617 327508
2618 539549
2619 574609
2620 560179
2621 548755
2622 542107
2623 18287
2624 54846
2625 18287
2626 73116
2627 109658
2628 146173
2629 18292
2630 18293
2631 364835
2632 267934
2633 242174
2634 36581
2635 18292
2636 48419
2637 18299
2638 33861
2639 58605
2640 18300
2641 140069
2642 121905
2643 36668
2644 73152
2645 30546
2646 30488
2647 24390
2648 30516
2649 18295
2650 18306
2651 54903
2652 18306
2653 67053
2654 48783
2655 36602
2656 30507
2657 30512
2658 42701
2659 60974
2660 79245
2661 73186
2662 18305
2663 36604
2664 18305
2665 18307
2666 18217
2667 36430
2668 72845
2669 18220
2670 109238
2671 18220
2672 127412
2673 145592
2674 163769
2675 181940
2676 200105
2677 218268
2678 236487
2679 254699
2680 272908
2681 291113
2682 309313
2683 18300
2684 18302
2685 281740
2686 314930
2687 109729
2688 91453
2689 242951
2690 73174
2691 54890
2692 24398
2693 18303
2694 245269
2695 109118
2696 123824
2697 63918
2698 33643
2699 25272
2700 18296
2701 36589
2702 582154
2703 539562
2704 532563
2705 18295
2706 758006
2707 771960
2708 744169
2709 730558
2710 726419
2711 732287
2712 896973
2713 561866
2714 548147
2715 512446
2716 786441
2717 658330
2718 674435
2719 18313
2720 183909
2721 724063
2722 170057
2723 145291
2724 801575
2725 148257
2726 91499
2727 687670
2728 156578
2729 817021
2730 957135
2731 73210
2732 54916
2733 36616
2734 18311
2735 832764
2736 1025276
2737 424424
2738 433027
2739 901241
2740 407969
2741 164614
2742 302749
2743 897022
2744 146348
2745 406274
2746 128076
2747 318200
2748 100169
2749 954396
2750 391644
2751 111795
2752 376495
2753 99528
2754 18314
2755 109797
2756 277551
2757 362694
2758 88131
2759 18312
2760 72571
2761 270653
2762 958280
2763 202556
2764 91513
2765 832894
2766 18312
2767 480292
2768 945667
2769 18313
2770 369824
2771 264060
2772 196360
2773 18312
2774 271226
2775 1251770
2776 18313
2777 108166
2778 465551
2779 239636
2780 73224
2781 647812
2782 73222
2783 54926
2784 18314
2785 36622
2786 18314
2787 225415
2788 18315
2789 18314
2790 18313
2791 18313
2792 73155
2793 91496
2794 410245
2795 298769
2796 767699
2797 163227
2798 258345
2799 18314
2800 54926
2801 18313
2802 96407
2803 18315
2804 24416
2805 18314
2806 211440
2807 710638
2808 348683
2809 18314
2810 117372
2811 333491
2812 1183824
2813 78161
2814 54910
2815 676740
2816 148434
2817 148076
2818 268209
2819 36613
2820 18314
2821 18309
2822 36621
2823 18309
2824 146230
2825 18298
2826 255741
2827 109694
2828 91428
2829 73154
2830 54874
2831 36588
2832 18297
2833 91426
2834 73152
2835 54872
2836 36585
2837 18296
2838 1639123
2839 1706682
2840 1709883
2841 70321
2842 52087
2843 1724353
2844 33870
2845 887941
2846 26278
2847 36621
2848 1739058
2849 18313
2850 900371
2851 29960
2852 903936
2853 73227
2854 55160
2855 73032
2856 42695
2857 859260
2858 112652
2859 18314
2860 907314
2861 41286
2862 268885
2863 273594
2864 249094
2865 49274
2866 54909
2867 36611
2868 18308
2869 174670
2870 167848
2871 147923
2872 73217
2873 18314
2874 36617
2875 18314
2876 18316
2877 798468
2878 142588
2879 18315
2880 18315
2881 143196
2882 438964
2883 18314
2884 173010
2885 54922
2886 75988
2887 18313
2888 24417
2889 73216
2890 30514
2891 30517
2892 24417
2893 62069
2894 489114
2895 18314
2896 18315
2897 18247
2898 36489
2899 109417
2900 127612
2901 54727
2902 145884
2903 36491
2904 164149
2905 18248
2906 273749
2907 291838
2908 91505
2909 73216
2910 54920
2911 36619
2912 18312
2913 73191
2914 36582
2915 18326
2916 18307
2917 164608
2918 184936
2919 73208
2920 36613
2921 18309
2922 18309
2923 18293
2924 18314
2925 273722
2926 527934
2927 271110
2928 148007
2929 263990
2930 376180
2931 1791786
2932 1808514
2933 377769
2934 250537
2935 195273
2936 1665720
2937 240634
2938 539312
2939 1550663
2940 199392
2941 1667366
2942 249520
2943 1646232
2944 257170
2945 579586
2946 477599
2947 267771
2948 342777
2949 1594027
2950 134499
2951 219189
2952 1671989
2953 552252
2954 497539
2955 101956
2956 18314
2957 132381
2958 1680674
2959 54921
2960 200950
2961 94002
2962 1692492
2963 36620
2964 545337
2965 1728122
2966 547533
2967 182732
2968 18313
2969 128499
2970 530835
2971 554170
2972 36621
2973 568476
2974 373292
2975 116772
2976 584170
2977 18298
2978 389765
2979 207593
2980 18312
2981 859009
2982 148516
2983 221657
2984 308308
2985 371240
2986 739597
2987 36623
2988 331947
2989 1226704
2990 305456
2991 146213
2992 18314
2993 114464
2994 127980
2995 193683
2996 54350
2997 18311
2998 78020
2999 107082
3000 42403
3001 1232138
3002 36592
3003 73153
3004 18299
3005 172641
3006 62947
3007 103562
3008 18297
3009 36588
3010 807291
3011 44668
3012 18297
3013 35945
3014 36588
3015 30308
3016 514923
3017 302399
3018 18296
3019 27899
3020 67653
3021 256547
3022 34650
3023 60220
3024 34212
3025 43394
3026 1194352
3027 46847
3028 45759
3029 503849
3030 61964
3031 41672
3032 92910
3033 33058
3034 317107
3035 564774
3036 114742
3037 1183278
3038 376772
3039 252390
3040 127738
3041 87986
3042 111993
3043 18312
3044 92944
3045 95546
3046 86950
3047 81001
3048 18313
3049 110927
3050 36608
3051 18299
3052 320511
3053 246028
3054 36578
3055 18292
3056 18311
3057 18315
3058 104825
3059 68335
3060 18314
3061 46419
3062 18314
3063 51321
3064 18313
3065 18314
3066 18312
3067 18314
3068 123594
3069 373736
3070 101911
3071 106695
3072 725415
3073 94261
3074 18313
3075 366758
3076 492394
3077 197515
3078 125906
3079 701015
3080 150928
3081 196010
3082 68642
3083 118797
3084 104088
3085 594295
3086 36621
3087 495904
3088 593658
3089 241774
3090 267486
3091 171474
3092 116529
3093 259140
3094 88188
3095 501342
3096 250239
3097 107898
3098 36623
3099 18313
3100 175741
3101 112223
3102 286584
3103 18309
3104 160247
3105 499279
3106 253380
3107 18315
3108 71012
3109 249830
3110 153260
3111 913249
3112 18315
3113 248488
3114 266050
3115 827012
3116 2171699
3117 59222
3118 34075
3119 50652
3120 2416442
3121 33942
3122 2152462
3123 1341270
3124 84390
3125 38792
3126 2596108
3127 36622
3128 33773
3129 874292
3130 3180654
3131 1325357
3132 53705
3133 2412155
3134 1483109
3135 1291432
3136 16889
3137 1275899
3138 1574073
3139 1244769
3140 67523
3141 18314
3142 18303
3143 50650
3144 18310
3145 1237249
3146 2509412
3147 304841
3148 1260811
3149 304097
3150 1628835
3151 114574
3152 368624
3153 33772
3154 99339
3155 136403
3156 1316076
3157 391817
3158 88162
3159 2514285
3160 208138
3161 434382
3162 253129
3163 1325082
3164 131203
3165 197837
3166 73213
3167 18313
3168 1289650
3169 30517
3170 54912
3171 24409
3172 398027
3173 191637
3174 18311
3175 152175
3176 286673
3177 174773
3178 36609
3179 100073
3180 199077
3181 1447719
3182 196878
3183 16888
3184 208307
3185 18308
3186 253817
3187 221637
3188 18311
3189 18311
3190 54921
3191 18312
3192 1184899
3193 1080518
3194 1177279
3195 73211
3196 54916
3197 18312
3198 1075133
3199 36616
3200 18311
3201 1103302
3202 1041654
3203 1040685
3204 1040907
3205 91464
3206 73176
3207 54886
3208 1042041
3209 36597
3210 18301
3211 1044290
3212 1047370
3213 1380316
3214 978123
3215 736100
3216 718087
3217 983484
3218 700081
3219 989395
3220 683495
3221 219345
3222 201098
3223 995901
3224 447564
3225 182846
3226 429514
3227 1002834
3228 164604
3229 411484
3230 1362396
3231 393472
3232 1461878
3233 1660860
3234 375501
3235 229870
3236 91453
3237 1557010
3238 357561
3239 54908
3240 73173
3241 1563663
3242 339653
3243 418909
3244 54894
3245 321776
3246 211684
3247 303922
3248 286095
3249 273562
3250 266393
3251 36611
3252 259340
3253 252356
3254 245504
3255 244067
3256 378115
3257 400934
3258 248122
3259 30518
3260 252531
3261 383003
3262 193560
3263 36617
3264 175498
3265 257886
3266 42716
3267 264092
3268 365113
3269 270818
3270 278028
3271 347246
3272 372736
3273 157496
3274 371498
3275 329614
3276 312217
3277 285513
3278 293283
3279 523737
3280 294838
3281 301197
3282 277480
3283 370989
3284 260135
3285 242801
3286 208386
3287 139536
3288 206172
3289 188091
3290 201574
3291 194803
3292 121596
3293 188076
3294 181487
3295 171043
3296 155103
3297 175023
3298 168688
3299 166785
3300 169345
3301 173341
3302 103710
3303 85897
3304 68136
3305 50423
3306 141654
3307 18313
3308 491162
3309 473572
3310 149079
3311 178630
3312 183213
3313 18315
3314 54749
3315 36503
3316 18251
3317 109478
3318 36511
3319 18259
3320 131643
3321 163181
3322 121395
3323 18308
3324 2542344
3325 18313
3326 18313
3327 54926
3328 18313
3329 18313
3330 25420
3331 288100
3332 302815
3333 274863
3334 266631
3335 18312
3336 258125
3337 51592
3338 18314
3339 25753
3340 29079
3341 1391342
3342 1361352
3343 1348268
3344 1433959
3345 255778
3346 237623
3347 54877
3348 1271863
3349 1278367
3350 18290
3351 164633
3352 18290
3353 73207
3354 73210
3355 18314
3356 36605
3357 18309
3358 54916
3359 36616
3360 18311
3361 1199282
3362 2743380
3363 105369
3364 2691613
3365 37864
3366 31971
3367 163045
3368 59687
3369 1650405
3370 41523
3371 48900
3372 246628
3373 26683
3374 106149
3375 36826
3376 27890
3377 40345
3378 18315
3379 2688844
3380 29093
3381 63826
3382 52859
3383 354043
3384 46714
3385 115107
3386 61446
3387 2002699
3388 2478553
3389 146310
3390 233482
3391 128052
3392 107630
3393 18309
3394 91488
3395 2417175
3396 170365
3397 182830
3398 1843253
3399 54907
3400 98243
3401 18308
3402 54925
3403 18308
3404 57842
3405 18313
3406 18307
3407 18313
3408 36617
3409 85624
3410 643751
3411 344681
3412 18311
3413 1828044
3414 18315
3415 174892
3416 210635
3417 382874
3418 1821157
3419 36620
3420 194237
3421 18313
3422 2729509
3423 36623
3424 1136389
3425 1164836
3426 18314
3427 1304219
3428 772740
3429 511699
3430 364098
3431 899758
3432 767659
3433 737288
3434 782228
3435 134749
3436 54920
3437 166816
3438 824130
3439 793265
3440 31265
3441 750284
3442 332917
3443 22564
3444 36618
3445 18309
3446 489574
3447 28182
3448 757968
3449 2623221
3450 2603216
3451 2592070
3452 1082838
3453 54912
3454 1017629
3455 91481
3456 939207
3457 73193
3458 54900
3459 36613
3460 36601
3461 18309
3462 734557
3463 18300
3464 213900
3465 229012
3466 113907
3467 131450
3468 103255
3469 113323
3470 93440
3471 93035
3472 720720
3473 106255
3474 126562
3475 581555
3476 110672
3477 95345
3478 100947
3479 565880
3480 128026
3481 152029
3482 143759
3483 82517
3484 91471
3485 1192822
3486 73187
3487 1001047
3488 109750
3489 54899
3490 36604
3491 91468
3492 18307
3493 73181
3494 235272
3495 1011361
3496 18304
3497 1033522
3498 382373
3499 679430
3500 386601
3501 54891
3502 691940
3503 671771
3504 36600
3505 705018
3506 18302
3507 436516
3508 432162
3509 440186
3510 445823
3511 302833
3512 133279
3513 89197
3514 117880
3515 322986
3516 40073
3517 111599
3518 47977
3519 309018
3520 124722
3521 807765
3522 481013
3523 45968
3524 126822
3525 471351
3526 30006
3527 319137
3528 767279
3529 990834
3530 2342400
3531 462519
3532 463334
3533 1300643
3534 425201
3535 633320
3536 1880831
3537 48517
3538 153454
3539 1211469
3540 127687
3541 895226
3542 429092
3543 1860483
3544 183562
3545 586000
3546 570664
3547 116827
3548 437471
3549 884633
3550 56369
3551 763754
3552 40231
3553 140448
3554 728511
3555 1905466
3556 53645
3557 120391
3558 62252
3559 166195
3560 38779
3561 68864
3562 149084
3563 149367
3564 40020
3565 132420
3566 66869
3567 1140764
3568 1009090
3569 18313
3570 54921
3571 307158
3572 36619
3573 244416
3574 18312
3575 323335
3576 340012
3577 357145
3578 794394
3579 252654
3580 813573
3581 365838
3582 437879
3583 490600
3584 164595
3585 430564
3586 1235343
3587 50692
3588 42573
3589 375292
3590 1008163
3591 44275
3592 357293
3593 146329
3594 106171
3595 51478
3596 114242
3597 339426
3598 128057
3599 198751
3600 109779
3601 134596
3602 91496
3603 321725
3604 107992
3605 73208
3606 304765
3607 160881
3608 49552
3609 54913
3610 31297
3611 241626
3612 152648
3613 288078
3614 73216
3615 25691
3616 54919
3617 20868
3618 29345
3619 36617
3620 26785
3621 36623
3622 18310
3623 391865
3624 42596
3625 251719
3626 101209
3627 73213
3628 100517
3629 60302
3630 228272
3631 459681
3632 191566
3633 118314
3634 400274
3635 54917
3636 414245
3637 307471
3638 229308
3639 499757
3640 505983
3641 142692
3642 361173
3643 107801
3644 148596
3645 312213
3646 33387
3647 24983
3648 18314
3649 410480
3650 541449
3651 45908
3652 36616
3653 18314
3654 18311
3655 685363
3656 727852
3657 158111
3658 434365
3659 166919
3660 741732
3661 181429
3662 273509
3663 335129
3664 278327
3665 896265
3666 102023
3667 137968
3668 124025
3669 84133
3670 18263
3671 168462
3672 145255
3673 163283
3674 66248
3675 962922
3676 458401
3677 970163
3678 53824
3679 18314
3680 66847
3681 47367
3682 108699
3683 174758
3684 47179
3685 246144
3686 53247
3687 162050
3688 115379
3689 374709
3690 372711
3691 377210
3692 295711
3693 482823
3694 259638
3695 336535
3696 267271
3697 96434
3698 348441
3699 362704
3700 183676
3701 382650
3702 382769
3703 184846
3704 359977
3705 101342
3706 99515
3707 374942
3708 54927
3709 36624
3710 335667
3711 111474
3712 332290
3713 18315
3714 217266
3715 18315
3716 377026
3717 389146
3718 1132495
3719 175414
3720 898430
3721 1107949
3722 105703
3723 103375
3724 101865
3725 346339
3726 103828
3727 107229
3728 28248
3729 367117
3730 456627
3731 262652
3732 129082
3733 370740
3734 270179
3735 526803
3736 30846
3737 18313
3738 1652675
3739 1286435
3740 430522
3741 1620273
3742 457193
3743 75329
3744 125451
3745 26753
3746 1292869
3747 1609551
3748 129341
3749 239715
3750 1294783
3751 72135
3752 1288224
3753 18315
3754 258249
3755 1784823
3756 229161
3757 204722
3758 1720849
3759 212507
3760 77267
3761 36604
3762 18303
3763 159920
3764 468001
3765 144114
3766 252321
3767 298238
3768 70451
3769 140990
3770 1748501
3771 105644
3772 69710
3773 201020
3774 153440
3775 36615
3776 190237
3777 281937
3778 36612
3779 266059
3780 98764
3781 18310
3782 135622
3783 18307
3784 137661
3785 222807
3786 94152
3787 118905
3788 280447
3789 256620
3790 255597
3791 104502
3792 139346
3793 1538791
3794 45153
3795 307815
3796 94974
3797 188119
3798 108353
3799 36616
3800 54922
3801 192209
3802 34426
3803 55082
3804 54906
3805 149457
3806 1065711
3807 1595234
3808 1056092
3809 309110
3810 293071
3811 372844
3812 344938
3813 283863
3814 59300
3815 1447978
3816 2096247
3817 36622
3818 18301
3819 18313
3820 253022
3821 222906
3822 490621
3823 333707
3824 211911
3825 18313
3826 384489
3827 142452
3828 110643
3829 1089689
3830 28913
3831 135275
3832 69093
3833 680906
3834 344429
3835 218645
3836 157470
3837 64207
3838 165856
3839 18907
3840 61190
3841 154557
3842 135200
3843 328904
3844 72980
3845 553687
3846 18313
3847 224209
3848 397435
3849 308607
3850 83357
3851 151338
3852 117478
3853 131054
3854 88353
3855 128060
3856 109796
3857 235245
3858 57593
3859 18315
3860 236984
3861 117229
3862 73210
3863 95036
3864 18312
3865 624158
3866 18313
3867 99888
3868 73215
3869 119439
3870 36614
3871 24417
3872 24417
3873 54914
3874 164691
3875 39880
3876 73211
3877 111702
3878 36613
3879 3338562
3880 30493
3881 136380
3882 24431
3883 98815
3884 18306
3885 18312
3886 88382
3887 29296
3888 31116
3889 1122099
3890 123493
3891 2878759
3892 118435
3893 39016
3894 1154379
3895 121148
3896 54871
3897 81392
3898 36590
3899 18300
3900 187968
3901 128987
3902 171285
3903 3410185
3904 125762
3905 30466
3906 126040
3907 1756773
3908 809576
3909 23501
3910 1212297
3911 704493
3912 29647
3913 83253
3914 1434439
3915 33743
3916 109664
3917 58137
3918 36618
3919 91380
3920 18309
3921 1175926
3922 73101
3923 30495
3924 56810
3925 131973
3926 114997
3927 98398
3928 92733
3929 181277
3930 122378
3931 147865
3932 132550
3933 126324
3934 134057
3935 182763
3936 196776
3937 44422
3938 303862
3939 316472
3940 47502
3941 95033
3942 58678
3943 1287517
3944 1514106
3945 77591
3946 246966
3947 345149
3948 61355
3949 175485
3950 180557
3951 47359
3952 99178
3953 39070
3954 78050
3955 61803
3956 94896
3957 76946
3958 59219
3959 41721
3960 35274
3961 39798
3962 50261
3963 18286
3964 36570
3965 54850
3966 52329
3967 18312
3968 36618
3969 18309
3970 36613
3971 38271
3972 49098
3973 61051
3974 75340
3975 90947
3976 107713
3977 125684
3978 143786
3979 161946
3980 180110
3981 18311
3982 36618
3983 54920
3984 73215
3985 54925
3986 24417
3987 18314
3988 464932
3989 1266490
3990 884776
3991 1226073
3992 18313
3993 891365
3994 984970
3995 220891
3996 901571
3997 211946
3998 208409
3999 329854
4000 214684
4001 226332
4002 238853
4003 707381
4004 142018
4005 30322
4006 312063
4007 174746
4008 103693
4009 44621
4010 54925
4011 545462
4012 145887
4013 18314
4014 18314
4015 25906
4016 172166
4017 397909
4018 380455
4019 145043
4020 36436
4021 407916
4022 129264
4023 106145
4024 40372
4025 75961
4026 33525
4027 532645
4028 525508
4029 61944
4030 229562
4031 45244
4032 48141
4033 18307
4034 221239
4035 34452
4036 407125
4037 44404
4038 121343
4039 157451
4040 18311
4041 207851
4042 190286
4043 213622
4044 21076
4045 225900
4046 245515
4047 139804
4048 786931
4049 276102
4050 729965
4051 173199
4052 154040
4053 18312
4054 104263
4055 318445
4056 188744
4057 467722
4058 101612
4059 95046
4060 286320
4061 36618
4062 67151
4063 449832
4064 91486
4065 73214
4066 491565
4067 29788
4068 36611
4069 18312
4070 746061
4071 245944
4072 18305
4073 94672
4074 97574
4075 230861
4076 73199
4077 42427
4078 75894
4079 54907
4080 216927
4081 54917
4082 36609
4083 212426
4084 18307
4085 36616
4086 383190
4087 26066
4088 346737
4089 224978
4090 18308
4091 79513
4092 253490
4093 20377
4094 18309
4095 30992
4096 62371
4097 328621
4098 36666
4099 18315
4100 273895
4101 203733
4102 94297
4103 39587
4104 18313
4105 36603
4106 255795
4107 18304
4108 82716
4109 104143
4110 18315
4111 36624
4112 150640
4113 142464
4114 119128
4115 18313
4116 36621
4117 18315
4118 89184
4119 76369
4120 109486
4121 91400
4122 73203
4123 54909
4124 36610
4125 18307
4126 201160
4127 109789
4128 18311
4129 73209
4130 54917
4131 24412
4132 18311
4133 18296
4134 36589
4135 54881
4136 146284
4137 73177
4138 54891
4139 36600
4140 18303
4141 53949
4142 35651
4143 18286
4144 18315
4145 54880
4146 73163
4147 36592
4148 18299
4149 91442
4150 18314
4151 54870
4152 164020
4153 36586
4154 94279
4155 139952
4156 67561
4157 18315
4158 18315
4159 90156
4160 18294
4161 72505
4162 104276
4163 87409
4164 119394
4165 153691
4166 54916
4167 165630
4168 18311
4169 18310
4170 302910
4171 312203
4172 128016
4173 152743
4174 109750
4175 1188648
4176 54890
4177 36596
4178 36603
4179 18317
4180 18314
4181 729627
4182 711696
4183 693782
4184 18312
4185 675918
4186 658100
4187 640293
4188 626265
4189 99041
4190 128037
4191 385206
4192 109760
4193 367356
4194 91477
4195 80850
4196 62682
4197 73194
4198 44747
4199 374900
4200 295196
4201 91465
4202 317663
4203 128024
4204 222334
4205 109750
4206 73182
4207 54905
4208 187216
4209 91472
4210 54893
4211 32141
4212 73189
4213 36600
4214 36589
4215 18302
4216 179590
4217 18296
4218 54901
4219 36606
4220 18306
4221 36608
4222 31663
4223 38259
4224 18307
4225 327540
4226 271837
4227 284855
4228 121531
4229 99696
4230 104360
4231 114355
4232 328111
4233 239719
4234 314225
4235 72689
4236 18313
4237 565237
4238 57501
4239 186221
4240 273775
4241 381142
4242 255546
4243 43670
4244 237415
4245 187171
4246 344044
4247 73145
4248 36862
4249 24379
4250 146171
4251 30494
4252 18295
4253 91395
4254 84690
4255 52876
4256 224349
4257 54844
4258 79974
4259 36561
4260 24389
4261 45945
4262 18315
4263 18286
4264 18271
4265 93646
4266 18288
4267 18315
4268 109977
4269 561249
4270 231576
4271 246334
4272 3324044
4273 561666
4274 574384
4275 3269035
4276 3598513
4277 54918
4278 123279
4279 3236619
4280 54916
4281 3761813
4282 3150505
4283 36616
4284 3365362
4285 777442
4286 141264
4287 18310
4288 803157
4289 130975
4290 36614
4291 18309
4292 3576443
4293 73207
4294 18310
4295 844353
4296 54912
4297 36611
4298 109718
4299 18305
4300 3021815
4301 91442
4302 586344
4303 54876
4304 18300
4305 438528
4306 36589
4307 164557
4308 382784
4309 18297
4310 73213
4311 146291
4312 318639
4313 128019
4314 109742
4315 91458
4316 54917
4317 3830065
4318 73182
4319 18313
4320 73185
4321 36617
4322 54893
4323 36598
4324 18303
4325 36601
4326 18301
4327 750918
4328 18311
4329 18302
4330 36616
4331 18310
4332 1001119
4333 36621
4334 18313
4335 1822465
4336 18312
4337 18266
4338 24328
4339 199462
4340 208032
4341 1697018
4342 1502539
4343 1500512
4344 21390
4345 36620
4346 18312
4347 18314
4348 54918
4349 36617
4350 73215
4351 18311
4352 18314
4353 18313
4354 18315
4355 18316
4356 73221
4357 36617
4358 271909
4359 254790
4360 238171
4361 223272
4362 209862
4363 735677
4364 214330
4365 104491
4366 102586
4367 137111
4368 550141
4369 561158
4370 184015
4371 436341
4372 18222
4373 40055
4374 136699
4375 29244
4376 465651
4377 476413
4378 23586
4379 215412
4380 42497
4381 44477
4382 20840
4383 29393
4384 534787
4385 126303
4386 38370
4387 54136
4388 136156
4389 40035
4390 133521
4391 38527
4392 36611
4393 759447
4394 133350
4395 107329
4396 243750
4397 230171
4398 261408
4399 46874
4400 18314
4401 156687
4402 73218
4403 18308
4404 140793
4405 158574
4406 1017553
4407 25487
4408 166947
4409 1044640
4410 318003
4411 219282
4412 200408
4413 18312
4414 91512
4415 283738
4416 75433
4417 54921
4418 27642
4419 196508
4420 249549
4421 18310
4422 36617
4423 36620
4424 18312
4425 36611
4426 452565
4427 36618
4428 50340
4429 181416
4430 53106
4431 18312
4432 18309
4433 211032
4434 37098
4435 18308
4436 18314
4437 18310
4438 18313
4439 447289
4440 148422
4441 67166
4442 18312
4443 1597218
4444 100777
4445 18312
4446 117121
4447 69848
4448 339691
4449 293940
4450 62704
4451 101429
4452 55604
4453 42695
4454 557503
4455 313849
4456 1291158
4457 754089
4458 439284
4459 18309
4460 54283
4461 160192
4462 311648
4463 359429
4464 18315
4465 131365
4466 58757
4467 42380
4468 36930
4469 36290
4470 274060
4471 53899
4472 146498
4473 182831
4474 42549
4475 18967
4476 18307
4477 109761
4478 73194
4479 36603
4480 18303
4481 18307
4482 149454
4483 199512
4484 177845
4485 91463
4486 73178
4487 192463
4488 285714
4489 54887
4490 210246
4491 243865
4492 36596
4493 192553
4494 1047154
4495 174887
4496 36604
4497 1269047
4498 157242
4499 1014665
4500 18301
4501 768625
4502 1004239
4503 139652
4504 36612
4505 1281725
4506 122609
4507 18309
4508 18301
4509 106143
4510 90959
4511 18309
4512 63337
4513 97941
4514 83701
4515 73221
4516 84368
4517 30521
4518 24412
4519 18318
4520 206134
4521 42390
4522 151540
4523 505034
4524 541784
4525 386166
4526 300793
4527 386620
4528 358564
4529 248722
4530 313669
4531 99713
4532 265057
4533 73216
4534 281231
4535 24404
4536 107791
4537 36626
4538 109791
4539 382466
4540 24415
4541 251010
4542 28515
4543 255265
4544 126055
4545 60096
4546 30880
4547 73213
4548 18313
4549 265719
4550 299366
4551 73218
4552 325753
4553 36614
4554 18313
4555 30514
4556 416917
4557 97129
4558 24416
4559 18314
4560 18309
4561 18310
4562 331401
4563 319865
4564 73220
4565 54908
4566 30518
4567 24415
4568 36606
4569 18316
4570 18306
4571 345437
4572 408438
4573 54916
4574 36616
4575 1374879
4576 18311
4577 1044395
4578 726595
4579 18317
4580 18973
4581 304658
4582 288885
4583 284202
4584 44963
4585 260962
4586 153862
4587 18314
4588 109801
4589 318865
4590 124980
4591 18313
4592 288076
4593 18312
4594 115584
4595 73218
4596 348262
4597 88639
4598 18314
4599 30516
4600 24416
4601 18316
4602 84938
4603 110740
4604 251357
4605 27804
4606 118371
4607 227767
4608 189398
4609 99797
4610 190101
4611 26009
4612 108465
4613 90131
4614 123299
4615 32296
4616 20703
4617 125655
4618 48537
4619 107778
4620 25514
4621 110437
4622 25790
4623 89064
4624 68771
4625 72848
4626 18313
4627 66926
4628 36620
4629 18312
4630 54086
4631 18240
4632 36616
4633 18310
4634 70751
4635 83899
4636 18311
4637 18314
4638 36615
4639 18315
4640 52190
4641 19141
4642 571544
4643 738109
4644 213522
4645 144767
4646 129466
4647 54910
4648 36607
4649 18307
4650 113394
4651 18314
4652 36621
4653 18312
4654 325774
4655 167813
4656 151146
4657 520987
4658 173959
4659 73182
4660 54894
4661 535142
4662 36599
4663 550466
4664 18301
4665 671872
4666 109772
4667 36609
4668 24408
4669 30502
4670 18310
4671 18308
4672 18306
4673 36606
4674 54901
4675 1059633
4676 2743856
4677 2681843
4678 2703914
4679 53433
4680 57846
4681 1019742
4682 20100
4683 73196
4684 36592
4685 24417
4686 24404
4687 91480
4688 128047
4689 18309
4690 182854
4691 36610
4692 18308
4693 18307
4694 36597
4695 18295
4696 54899
4697 81119
4698 46006
4699 61956
4700 18313
4701 73182
4702 36598
4703 18305
4704 18306
4705 54909
4706 36609
4707 18302
4708 73179
4709 54893
4710 36600
4711 18302
4712 488671
4713 495522
4714 503970
4715 513647
4716 524423
4717 857013
4718 356602
4719 338516
4720 320517
4721 302638
4722 284926
4723 267559
4724 250529
4725 233613
4726 216817
4727 200172
4728 183886
4729 168617
4730 154274
4731 140905
4732 128536
4733 116460
4734 104693
4735 95290
4736 88130
4737 81382
4738 74966
4739 73095
4740 75888
4741 84008
4742 99653
4743 117718
4744 135817
4745 237880
4746 234279
4747 246146
4748 106704
4749 260275
4750 104132
4751 421940
4752 111870
4753 361912
4754 327980
4755 388458
4756 181411
4757 461066
4758 214655
4759 122852
4760 54903
4761 36602
4762 200244
4763 164809
4764 18297
4765 58267
4766 514250
4767 42175
4768 134407
4769 18313
4770 31834
4771 148566
4772 40288
4773 544351
4774 32792
4775 147006
4776 374417
4777 36620
4778 132697
4779 18312
4780 1398420
4781 347451
4782 1424348
4783 91506
4784 117013
4785 18309
4786 73217
4787 935178
4788 249731
4789 161246
4790 35306
4791 787260
4792 36612
4793 25726
4794 24417
4795 18309
4796 18314
4797 844713
4798 1439794
4799 103532
4800 54906
4801 36607
4802 18306
4803 141250
4804 286667
4805 140036
4806 1456464
4807 275596
4808 18313
4809 79968
4810 1679787
4811 72071
4812 201023
4813 73171
4814 30813
4815 24381
4816 30504
4817 18453
4818 18300
4819 78907
4820 24248
4821 176817
4822 225652
4823 286874
4824 18314
4825 156356
4826 299080
4827 151913
4828 1818341
4829 84922
4830 18314
4831 18312
4832 18314
4833 72503
4834 54797
4835 37126
4836 25016
4837 25097
4838 37319
4839 55600
4840 191153
4841 42516
4842 24323
4843 18224
4844 30317
4845 48513
4846 69125
4847 73215
4848 24416
4849 30511
4850 18313
4851 18314
4852 742234
4853 18313
4854 73183
4855 30503
4856 24401
4857 18305
4858 91461
4859 2128883
4860 127895
4861 115331
4862 23768
4863 101438
4864 73187
4865 54894
4866 36594
4867 18299
4868 18308
4869 43637
4870 44324
4871 57454
4872 96643
4873 78637
4874 98225
4875 133506
4876 86188
4877 680101
4878 113864
4879 628466
4880 67888
4881 143590
4882 78862
4883 89479
4884 98497
4885 614743
4886 120447
4887 601606
4888 113775
4889 589171
4890 577461
4891 566181
4892 706232
4893 391357
4894 555761
4895 617437
4896 546478
4897 538933
4898 661812
4899 532243
4900 525305
4901 571896
4902 473525
4903 146311
4904 128038
4905 109759
4906 91478
4907 73193
4908 469965
4909 54903
4910 36607
4911 18306
4912 468162
4913 468049
4914 468944
4915 470871
4916 492320
4917 264721
4918 256682
4919 270040
4920 253290
4921 252155
4922 253430
4923 255806
4924 259583
4925 317468
4926 73138
4927 54846
4928 36569
4929 18287
4930 401907
4931 114628
4932 399254
4933 109989
4934 409240
4935 448541
4936 224744
4937 269786
4938 230106
4939 241252
4940 273770
4941 279451
4942 54550
4943 60787
4944 47535
4945 131207
4946 118179
4947 133502
4948 108765
4949 100443
4950 124197
4951 95086
4952 1030537
4953 18313
4954 36622
4955 18314
4956 322598
4957 18277
4958 36585
4959 399483
4960 102879
4961 2145087
4962 2137829
4963 2251699
4964 2131845
4965 2192003
4966 70071
4967 59130
4968 73210
4969 58076
4970 36612
4971 18311
4972 18308
4973 460365
4974 418923
4975 168242
4976 1003945
4977 3746476
4978 1311172
4979 18315
4980 2011434
4981 706997
4982 1856246
4983 508301
4984 54736
4985 2042846
4986 36436
4987 18128
4988 955958
4989 182889
4990 316248
4991 170144
4992 1840669
4993 982238
4994 401962
4995 327645
4996 36481
4997 637808
4998 18244
4999 176328
5000 1854190
5001 392503
5002 114503
5003 941517
5004 153457
5005 54891
5006 73193
5007 318173
5008 1868234
5009 30501
5010 24412
5011 36593
5012 621319
5013 18310
5014 176541
5015 27480
5016 36620
5017 1947731
5018 315826
5019 354344
5020 727130
5021 18313
5022 465131
5023 18299
5024 19491
5025 86098
5026 710849
5027 605092
5028 45995
5029 442535
5030 73212
5031 589104
5032 24585
5033 30340
5034 28649
5035 1954518
5036 365704
5037 18313
5038 206714
5039 550857
5040 110476
5041 1969761
5042 18309
5043 330825
5044 284124
5045 217665
5046 60558
5047 682765
5048 573399
5049 190548
5050 1985264
5051 615318
5052 199680
5053 163126
5054 239207
5055 57230
5056 181891
5057 342899
5058 73207
5059 73629
5060 102961
5061 225567
5062 2001106
5063 431274
5064 541040
5065 154837
5066 126404
5067 39029
5068 164808
5069 280651
5070 18315
5071 598887
5072 90896
5073 36605
5074 48957
5075 530969
5076 34221
5077 57437
5078 598355
5079 18311
5080 56435
5081 148569
5082 36611
5083 230109
5084 18312
5085 545756
5086 493734
5087 48869
5088 59216
5089 18303
5090 88206
5091 60028
5092 18313
5093 252696
5094 18300
5095 165546
5096 26199
5097 190047
5098 2583311
5099 3176262
5100 3786996
5101 580505
5102 656755
5103 562947
5104 546036
5105 1000831
5106 652306
5107 102618
5108 2843781
5109 946405
5110 532464
5111 949543
5112 85307
5113 657693
5114 955587
5115 2858087
5116 1364353
5117 36620
5118 575724
5119 57151
5120 2592662
5121 281845
5122 383202
5123 1164684
5124 18313
5125 2042289
5126 18314
5127 264859
5128 30162
5129 1253570
5130 835588
5131 2009876
5132 50177
5133 70294
5134 857963
5135 534241
5136 715485
5137 506143
5138 1138507
5139 1277836
5140 249716
5141 1649978
5142 73185
5143 44550
5144 1926514
5145 109802
5146 198096
5147 18314
5148 65717
5149 36582
5150 1352457
5151 122715
5152 164579
5153 18315
5154 854080
5155 18303
5156 902483
5157 183069
5158 789875
5159 27263
5160 49791
5161 522899
5162 73217
5163 146351
5164 18314
5165 111528
5166 37873
5167 150015
5168 54908
5169 42454
5170 54921
5171 595857
5172 18310
5173 36620
5174 1963958
5175 1334470
5176 734552
5177 32515
5178 18313
5179 116064
5180 58611
5181 378920
5182 36610
5183 147816
5184 55915
5185 18307
5186 1490617
5187 599643
5188 134974
5189 73208
5190 1169408
5191 148276
5192 54914
5193 18313
5194 609118
5195 18315
5196 18309
5197 632761
5198 36614
5199 69052
5200 629377
5201 623716
5202 36622
5203 2307424
5204 157741
5205 488143
5206 218709
5207 18310
5208 18314
5209 228994
5210 148193
5211 1867949
5212 36622
5213 1152867
5214 91472
5215 583789
5216 1426125
5217 1418195
5218 1792287
5219 1214951
5220 200670
5221 422494
5222 115399
5223 414309
5224 91459
5225 73221
5226 116284
5227 73171
5228 24415
5229 316015
5230 30519
5231 1261199
5232 18316
5233 273380
5234 73216
5235 255149
5236 236914
5237 54881
5238 18315
5239 42721
5240 217834
5241 18310
5242 98983
5243 303822
5244 24400
5245 24402
5246 179048
5247 218757
5248 127420
5249 294880
5250 184516
5251 284275
5252 292191
5253 250144
5254 72561
5255 148922
5256 73198
5257 54273
5258 334995
5259 106872
5260 30491
5261 36387
5262 957431
5263 153935
5264 18197
5265 20923
5266 18308
5267 18313
5268 24422
5269 24895
5270 18308
5271 36608
5272 36617
5273 193207
5274 18307
5275 176260
5276 18311
5277 164348
5278 130111
5279 70923
5280 111332
5281 30194
5282 670413
5283 310502
5284 18400
5285 53910
5286 195733
5287 180243
5288 109312
5289 274160
5290 18314
5291 122523
5292 215918
5293 142667
5294 43172
5295 155051
5296 109768
5297 20095
5298 18313
5299 22067
5300 146355
5301 61813
5302 170706
5303 38211
5304 222013
5305 73195
5306 18314
5307 244637
5308 192239
5309 36603
5310 612620
5311 18303
5312 18310
5313 174344
5314 120414
5315 73209
5316 217937
5317 212589
5318 54918
5319 24413
5320 19161
5321 30511
5322 597833
5323 29645
5324 18313
5325 18307
5326 18312
5327 18313
5328 129927
5329 587890
5330 221491
5331 18311
5332 62331
5333 271785
5334 108587
5335 102266
5336 106246
5337 121421
5338 119426
5339 136571
5340 182920
5341 188303
5342 152409
5343 94192
5344 65297
5345 128566
5346 63918
5347 110147
5348 174164
5349 183744
5350 127492
5351 269984
5352 122175
5353 146278
5354 67784
5355 129043
5356 174152
5357 64071
5358 159171
5359 72471
5360 145741
5361 266566
5362 278902
5363 114092
5364 91472
5365 72518
5366 163031
5367 34536
5368 182563
5369 133429
5370 119713
5371 73169
5372 180441
5373 143549
5374 127884
5375 82919
5376 187312
5377 54875
5378 73188
5379 165343
5380 99000
5381 679660
5382 201572
5383 78232
5384 309146
5385 142128
5386 76478
5387 376765
5388 282831
5389 294879
5390 167082
5391 83694
5392 36590
5393 124277
5394 18828
5395 69567
5396 52161
5397 198804
5398 38523
5399 82855
5400 344408
5401 34256
5402 120860
5403 54899
5404 147392
5405 128021
5406 173910
5407 251859
5408 48133
5409 186095
5410 145892
5411 36215
5412 165904
5413 440600
5414 246764
5415 432917
5416 91468
5417 392349
5418 406615
5419 115280
5420 66957
5421 72032
5422 131760
5423 62061
5424 329968
5425 49625
5426 109747
5427 73185
5428 189345
5429 36619
5430 189693
5431 545037
5432 125484
5433 389664
5434 138154
5435 18312
5436 436320
5437 233123
5438 91469
5439 36603
5440 18313
5441 54896
5442 36613
5443 148504
5444 202817
5445 558183
5446 362539
5447 18303
5448 66841
5449 318566
5450 128028
5451 36615
5452 87529
5453 79666
5454 37043
5455 32795
5456 48024
5457 872038
5458 18307
5459 624549
5460 831010
5461 18304
5462 574374
5463 1146650
5464 1131472
5465 1116941
5466 175874
5467 177675
5468 135854
5469 32374
5470 70946
5471 246938
5472 91948
5473 240330
5474 25789
5475 84171
5476 77444
5477 34691
5478 319022
5479 163416
5480 44051
5481 63825
5482 309649
5483 91465
5484 18308
5485 325922
5486 73179
5487 36595
5488 30510
5489 18295
5490 31928
5491 28250
5492 443267
5493 32939
5494 120344
5495 47470
5496 442675
5497 107200
5498 460292
5499 131266
5500 91474
5501 78841
5502 73188
5503 96947
5504 42702
5505 115082
5506 18306
5507 24408
5508 1267523
5509 1251726
5510 1241540
5511 932204
5512 342775
5513 54916
5514 1259116
5515 384846
5516 18314
5517 36615
5518 49535
5519 1413573
5520 382575
5521 932281
5522 32884
5523 164437
5524 18309
5525 393930
5526 54911
5527 407700
5528 91305
5529 29367
5530 73015
5531 54767
5532 25113
5533 18260
5534 18260
5535 36611
5536 18308
5537 18314
5538 77523
5539 48718
5540 18312
5541 91943
5542 109805
5543 127896
5544 27721
5545 18314
5546 18313
5547 73458
5548 46816
5549 83683
5550 91621
5551 131301
5552 178474
5553 77355
5554 36604
5555 18303
5556 18309
5557 18307
5558 18313
5559 167655
5560 165220
5561 175346
5562 208479
5563 223630
5564 240039
5565 18310
5566 18309
5567 18313
5568 36618
5569 54920
5570 585598
5571 741453
5572 29382
5573 151965
5574 136808
5575 811955
5576 148572
5577 104002
5578 19091
5579 73202
5580 151198
5581 24411
5582 67620
5583 30506
5584 18312
5585 818255
5586 63167
5587 140680
5588 72923
5589 832949
5590 54626
5591 429581
5592 18310
5593 848079
5594 24412
5595 863626
5596 519516
5597 28401
5598 301367
5599 40370
5600 879365
5601 528971
5602 18589
5603 79680
5604 92907
5605 18311
5606 29827
5607 270949
5608 560489
5609 239193
5610 18309
5611 18313
5612 574372
5613 625026
5614 36569
5615 656732
5616 18287
5617 18308
5618 100411
5619 118510
5620 104850
5621 36615
5622 109663
5623 18310
5624 193141
5625 209972
5626 227019
5627 244134
5628 261376
5629 278792
5630 296371
5631 314099
5632 331938
5633 349859
5634 367845
5635 385850
5636 403870
5637 23069
5638 31700
5639 91422
5640 18312
5641 18307
5642 155124
5643 18312
5644 169473
5645 229395
5646 54842
5647 47716
5648 138280
5649 84548
5650 54907
5651 36607
5652 18301
5653 73184
5654 54896
5655 36605
5656 18306
5657 39144
5658 35720
5659 52834
5660 114386
5661 67867
5662 57088
5663 18312
5664 18311
5665 18310
5666 18314
5667 36622
5668 18312
5669 18305
5670 36602
5671 18307
5672 36613
5673 18314
5674 51900
5675 38595
5676 1534724
5677 573581
5678 1442602
5679 556723
5680 190156
5681 350190
5682 1456443
5683 173073
5684 332817
5685 315923
5686 299241
5687 18309
5688 194162
5689 202890
5690 127060
5691 108784
5692 90504
5693 72405
5694 121626
5695 54302
5696 36194
5697 18309
5698 18089
5699 18289
5700 2017308
5701 36597
5702 18307
5703 18309
5704 36597
5705 18307
5706 36610
5707 54908
5708 18306
5709 36606
5710 54903
5711 137546
5712 132753
5713 129214
5714 18299
5715 36604
5716 18304
5717 54903
5718 54911
5719 36613
5720 18310
5721 295347
5722 279731
5723 311548
5724 264709
5725 400359
5726 484783
5727 73211
5728 30516
5729 36616
5730 18309
5731 77413
5732 850857
5733 64521
5734 56565
5735 49642
5736 43200
5737 377019
5738 42707
5739 344127
5740 36600
5741 337998
5742 18296
5743 53960
5744 235281
5745 288794
5746 306608
5747 164552
5748 36616
5749 146289
5750 18310
5751 128022
5752 109747
5753 91468
5754 73181
5755 54894
5756 36601
5757 18300
5758 18312
5759 18311
5760 36616
5761 417401
5762 369260
5763 362602
5764 363990
5765 36609
5766 18302
5767 61009
5768 72328
5769 54248
5770 36170
5771 18089
5772 18099
5773 18309
5774 18312
5775 81095
5776 67622
5777 59903
5778 73217
5779 30513
5780 24417
5781 18313
5782 18311
5783 18308
5784 18313
5785 73137
5786 36572
5787 18290
5788 18293
5789 250031
5790 196973
5791 230848
5792 252375
5793 256610
5794 18310
5795 267540
5796 18250
5797 36523
5798 54790
5799 73052
5800 91310
5801 109562
5802 127640
5803 145893
5804 401008
5805 237241
5806 219020
5807 200796
5808 182564
5809 164327
5810 146084
5811 127837
5812 109585
5813 91330
5814 73071
5815 54809
5816 36543
5817 18272
5818 18310
5819 94798
5820 93664
5821 18296
5822 36590
5823 54878
5824 1789202
5825 1740265
5826 128023
5827 109750
5828 91471
5829 73185
5830 1791620
5831 1698067
5832 54896
5833 36601
5834 18305
5835 33254
5836 42054
5837 18313
5838 36608
5839 18305
5840 54908
5841 36610
5842 18307
5843 46116
5844 47868
5845 22380
5846 53063
5847 20651
5848 63140
5849 73889
5850 79787
5851 80357
5852 119269
5853 31475
5854 35753
5855 61476
5856 66538
5857 18312
5858 123064
5859 156963
5860 490782
5861 67540
5862 36603
5863 18303
5864 18300
5865 36597
5866 18308
5867 128034
5868 91477
5869 54897
5870 18305
5871 18304
5872 18306
5873 44143
5874 80728
5875 18306
5876 18316
5877 74616
5878 29081
5879 54787
5880 36530
5881 18266
5882 18313
5883 340617
5884 32106
5885 18312
5886 100429
5887 334236
5888 338064
5889 236810
5890 18304
5891 157202
5892 18312
5893 248658
5894 18304
5895 18307
5896 616092
5897 1451496
5898 18312
5899 40205
5900 18311
5901 73166
5902 54880
5903 36591
5904 18296
5905 54913
5906 36612
5907 18306
5908 18311
5909 230914
5910 241688
5911 253829
5912 267450
5913 18309
5914 18313
5915 36619
5916 18307
5917 67100
5918 30512
5919 109761
5920 18310
5921 24399
5922 18307
5923 419672
5924 243400
5925 140123
5926 188692
5927 36665
5928 103686
5929 18308
5930 152295
5931 24487
5932 24484
5933 67134
5934 73176
5935 61004
5936 18302
5937 42765
5938 48926
5939 24532
5940 18483
5941 18306
5942 18303
5943 36595
5944 18300
5945 18311
5946 954435
5947 1228075
5948 1234298
5949 145230
5950 161170
5951 177649
5952 194427
5953 621703
5954 1081459
5955 605983
5956 655758
5957 351794
5958 592721
5959 620539
5960 322526
5961 394535
5962 289080
5963 73211
5964 386609
5965 54917
5966 18306
5967 36617
5968 38444
5969 287550
5970 18311
5971 340762
5972 26898
5973 36614
5974 18308
5975 369958
5976 349737
5977 28797
5978 284192
5979 106386
5980 39349
5981 72197
5982 18311
5983 271768
5984 905720
5985 557707
5986 18310
5987 36615
5988 18312
5989 18309
5990 1137406
5991 18309
5992 18295
5993 1430293
5994 1417569
5995 1116469
5996 290879
5997 175298
5998 158109
5999 276860
6000 145345
6001 264950
6002 927194
6003 18312
6004 115995
6005 103795
6006 96814
6007 711525
6008 18301
6009 77636
6010 82674
6011 105697
6012 18311
6013 124218
6014 707960
6015 18312
6016 430487
6017 18310
6018 408208
6019 224455
6020 270689
6021 204722
6022 18310
6023 388552
6024 437595
6025 18312
6026 294504
6027 18310
6028 281695
6029 312419
6030 226897
6031 50337
6032 247029
6033 188862
6034 27129
6035 216887
6036 202369
6037 18260
6038 80117
6039 54899
6040 19461
6041 189045
6042 126242
6043 18301
6044 18301
6045 195277
6046 18311
6047 203227
6048 18307
6049 107410
6050 214530
6051 102880
6052 196505
6053 18312
6054 170492
6055 78788
6056 154703
6057 154086
6058 39533
6059 122787
6060 135103
6061 213268
6062 72021
6063 38745
6064 115396
6065 36616
6066 18310
6067 161838
6068 44342
6069 102116
6070 51491
6071 123759
6072 38264
6073 18311
6074 54915
6075 36616
6076 18310
6077 18310
6078 18308
6079 475096
6080 491193
6081 526077
6082 18313
6083 105706
6084 18312
6085 75543
6086 48913
6087 179597
6088 196511
6089 20026
6090 58604
6091 24276
6092 41075
6093 213978
6094 231776
6095 99927
6096 267706
6097 18295
6098 36597
6099 54891
6100 73185
6101 109770
6102 18313
6103 18312
6104 18309
