0 534717
1 544799
2 526236
3 555334
4 566243
5 520653
6 1060488
7 518063
8 509334
9 1045666
10 497427
11 518118
12 242784
13 242763
14 139711
15 127653
16 91224
17 230652
18 18406
19 85339
20 60874
21 1057038
22 55035
23 36576
24 218597
25 18310
26 30725
27 1068515
28 158002
29 49000
30 18592
31 48824
32 12209
33 1080078
34 55012
35 103518
36 18480
37 519279
38 30512
39 24407
40 48751
41 18585
42 24414
43 54791
44 18311
45 12209
46 12511
47 60817
48 12243
49 48748
50 535561
51 61128
52 42621
53 48812
54 473037
55 36615
56 464413
57 24414
58 459110
59 85600
60 12209
61 79965
62 457980
63 12209
64 81710
65 463778
66 2197230
67 84420
68 435129
69 41829
70 41087
71 40837
72 350140
73 41155
74 1468228
75 42511
76 351549
77 91561
78 24414
79 73340
80 974028
81 353136
82 1943956
83 106930
84 354828
85 468363
86 24416
87 120729
88 110110
89 970498
90 24410
91 346755
92 209269
93 445453
94 122148
95 12210
96 405069
97 36603
98 24409
99 337620
100 12208
101 392321
102 147998
103 36617
104 205553
105 400606
106 24404
107 150992
108 146172
109 146798
110 969571
111 12210
112 60946
113 243508
114 12207
115 48774
116 99655
117 52520
118 1950687
119 2438944
120 2408769
121 1954985
122 520473
123 1960807
124 2406111
125 1968214
126 3724585
127 512567
128 2143343
129 1468038
130 1961704
131 1345139
132 215252
133 491221
134 2157603
135 206461
136 87323
137 36322
138 2405720
139 2090406
140 480744
141 25940
142 318747
143 46599
144 24416
145 61010
146 1342200
147 413635
148 48817
149 45132
150 18312
151 300170
152 18312
153 20862
154 43798
155 12211
156 12210
157 136470
158 521049
159 2131829
160 1340813
161 324652
162 1981256
163 20236
164 251302
165 1472816
166 139613
167 232351
168 74059
169 133221
170 43587
171 1591339
172 303444
173 224387
174 145960
175 25585
176 137067
177 12209
178 499249
179 152353
180 217274
181 140332
182 48818
183 299268
184 1469471
185 243766
186 242877
187 12210
188 24414
189 150805
190 1186027
191 121140
192 12210
193 766171
194 831102
195 12209
196 303252
197 1654768
198 291138
199 86810
200 93919
201 506489
202 33641
203 156821
204 1510323
205 34436
206 1432253
207 262646
208 418724
209 420030
210 92411
211 36433
212 250863
213 95446
214 31723
215 759160
216 48818
217 295263
218 279020
219 121703
220 25241
221 18312
222 26031
223 149678
224 239225
225 18312
226 33640
227 788576
228 163812
229 103412
230 407040
231 12210
232 94186
233 227743
234 217901
235 220848
236 1475364
237 1481907
238 4853824
239 2290997
240 2705407
241 402848
242 3553964
243 1669620
244 806437
245 394943
246 222873
247 26272
248 1664241
249 799145
250 177157
251 13312
252 12206
253 2725527
254 435397
255 198007
256 550018
257 415586
258 1561591
259 382897
260 24408
261 1668085
262 107188
263 1390965
264 81619
265 12209
266 12206
267 13695
268 75781
269 2990295
270 3667178
271 62025
272 17484
273 3003443
274 12210
275 54110
276 1423174
277 135529
278 382790
279 13489
280 12210
281 2988913
282 37210
283 217621
284 116892
285 148873
286 17451
287 14632
288 238724
289 39572
290 3532808
291 102025
292 2717325
293 217682
294 933708
295 18254
296 146879
297 108272
298 24416
299 1079330
300 36160
301 890054
302 54054
303 108557
304 933829
305 91823
306 2861075
307 34442
308 246930
309 3376225
310 12210
311 38760
312 13229
313 1600446
314 44217
315 112519
316 82698
317 234470
318 36618
319 897709
320 98381
321 18313
322 12210
323 916379
324 98013
325 27757
326 2213411
327 27237
328 2578510
329 158299
330 93514
331 1173989
332 24413
333 36583
334 230997
335 196387
336 28484
337 978649
338 17972
339 2201306
340 24423
341 890321
342 94559
343 93823
344 12210
345 115757
346 39628
347 909805
348 903422
349 24393
350 25125
351 2019370
352 336379
353 102079
354 12206
355 2357500
356 2333145
357 2330883
358 4160696
359 1212040
360 1030402
361 199909
362 2065837
363 987201
364 1104321
365 320446
366 3003509
367 331505
368 676074
369 339239
370 1359282
371 25315
372 295077
373 350358
374 29070
375 12206
376 12203
377 103979
378 319148
379 2332944
380 187908
381 353766
382 419522
383 364468
384 1019659
385 164750
386 1349350
387 20143
388 878659
389 12210
390 1328752
391 154147
392 344174
393 3009117
394 12210
395 286915
396 649381
397 595776
398 379606
399 93798
400 186731
401 601361
402 176184
403 12210
404 1036778
405 77609
406 134988
407 320209
408 842876
409 111664
410 99748
411 165715
412 340022
413 532035
414 157143
415 232190
416 70834
417 98714
418 283889
419 109642
420 30291
421 532005
422 276107
423 218941
424 97486
425 552067
426 73126
427 206799
428 260411
429 67918
430 12210
431 48817
432 280640
433 12200
434 18312
435 842821
436 18312
437 194653
438 12211
439 19242
440 12210
441 57692
442 60952
443 12200
444 182503
445 36574
446 273327
447 12539
448 3140185
449 1010635
450 12200
451 541614
452 32304
453 12200
454 190786
455 34526
456 23910
457 12208
458 17709
459 191370
460 29575
461 14609
462 35006
463 259609
464 104643
465 154287
466 557570
467 12203
468 105948
469 2410442
470 24382
471 29187
472 509839
473 516990
474 524848
475 503743
476 533194
477 500744
478 541792
479 2272559
480 502169
481 1507841
482 841609
483 58004
484 786059
485 53671
486 50057
487 46743
488 1564850
489 783415
490 43778
491 1660128
492 1019030
493 41594
494 226449
495 41038
496 497003
497 1404887
498 46794
499 97519
500 88154
501 518478
502 683988
503 78796
504 67012
505 55744
506 305073
507 238169
508 199314
509 50576
510 66611
511 199645
512 1620860
513 51000
514 78884
515 759051
516 306189
517 54862
518 749114
519 108120
520 614455
521 200466
522 60612
523 258031
524 202495
525 44073
526 59792
527 12210
528 518374
529 34451
530 707735
531 86774
532 246445
533 519296
534 457804
535 1665895
536 1126040
537 302970
538 191300
539 727356
540 235497
541 168983
542 25270
543 303360
544 21967
545 48767
546 304163
547 67722
548 24391
549 24392
550 12197
551 12198
552 24816
553 305527
554 112031
555 509189
556 108741
557 12210
558 429775
559 24416
560 225271
561 448079
562 12210
563 219202
564 70419
565 12198
566 750790
567 48862
568 36618
569 36582
570 36612
571 506826
572 181715
573 12198
574 24416
575 798235
576 12198
577 316383
578 38306
579 12210
580 60023
581 1055200
582 936660
583 74991
584 33962
585 47841
586 35649
587 12209
588 12205
589 120007
590 2407512
591 1673120
592 3381035
593 7628664
594 2762065
595 3099020
596 1884858
597 3106348
598 24414
599 1877376
600 12209
601 731849
602 1861314
603 24412
604 97575
605 1860216
606 721553
607 1953378
608 73195
609 12208
610 948842
611 1014416
612 61005
613 12210
614 944810
615 48811
616 1264410
617 36614
618 328731
619 144929
620 951563
621 2568349
622 24413
623 720453
624 693114
625 381384
626 270549
627 2490331
628 12208
629 808336
630 498723
631 6021125
632 48814
633 24412
634 88768
635 1160869
636 274882
637 526406
638 12209
639 85724
640 1107103
641 24414
642 12209
643 136025
644 494067
645 265815
646 79305
647 12209
648 84242
649 456581
650 1090896
651 71463
652 1468152
653 262008
654 69271
655 129540
656 95397
657 1720698
658 71635
659 36599
660 89455
661 276783
662 1668270
663 871633
664 24403
665 12203
666 125460
667 1820490
668 344422
669 517763
670 74621
671 44127
672 777550
673 333150
674 248884
675 96666
676 24422
677 884889
678 77740
679 40111
680 176607
681 150747
682 947503
683 73015
684 940127
685 174825
686 538116
687 126505
688 126104
689 24414
690 1178170
691 275186
692 36603
693 84511
694 24406
695 12209
696 60837
697 464983
698 48225
699 12205
700 36618
701 1811923
702 12210
703 314727
704 527268
705 1032209
706 252930
707 48656
708 24416
709 12210
710 6021328
711 6896684
712 5820178
713 1953252
714 7603812
715 2590136
716 2077065
717 2070827
718 2228805
719 543586
720 1671841
721 1712292
722 908375
723 934677
724 685153
725 529543
726 985352
727 668008
728 540306
729 548193
730 519551
731 5162384
732 175236
733 978017
734 600822
735 382903
736 1476361
737 1411670
738 12199
739 510048
740 685630
741 381787
742 675452
743 229784
744 430417
745 665375
746 1107942
747 1113759
748 655387
749 1391020
750 646098
751 472743
752 938349
753 167162
754 1014450
755 827318
756 1371048
757 164050
758 58504
759 691629
760 637735
761 544064
762 470251
763 1109816
764 470853
765 1075164
766 287023
767 304220
768 55387
769 838283
770 1416818
771 100311
772 836760
773 630509
774 193110
775 682794
776 101680
777 552165
778 827702
779 1100354
780 12209
781 395272
782 649522
783 157045
784 777645
785 682646
786 22776
787 205506
788 1748164
789 294767
790 777306
791 826099
792 650948
793 521111
794 147688
795 127520
796 385922
797 307205
798 854782
799 387051
800 142976
801 326350
802 845269
803 5160405
804 54124
805 31262
806 903709
807 36601
808 340046
809 1706258
810 1117302
811 39417
812 46076
813 188323
814 48808
815 284717
816 24410
817 898010
818 12208
819 337649
820 1392588
821 143855
822 24282
823 12210
824 308845
825 274536
826 24406
827 1039891
828 12209
829 5576500
830 5577138
831 8365463
832 2185194
833 7660171
834 2174676
835 2285507
836 1140274
837 2818109
838 348827
839 1634558
840 1097459
841 1846895
842 341158
843 242543
844 1059133
845 2611145
846 48814
847 998541
848 36616
849 24414
850 12209
851 58990
852 335082
853 629117
854 947497
855 997885
856 1032427
857 36620
858 503726
859 36618
860 233101
861 24416
862 330646
863 182032
864 12210
865 73188
866 2485780
867 315428
868 328238
869 2334268
870 24416
871 218456
872 1148578
873 12210
874 38531
875 35642
876 60998
877 2057406
878 12210
879 1222046
880 2181611
881 48804
882 85259
883 33056
884 305155
885 1226393
886 408691
887 37953
888 36608
889 1134574
890 1821538
891 24409
892 12210
893 573843
894 306566
895 1188728
896 12206
897 2173231
898 242988
899 109715
900 73154
901 448734
902 1702123
903 119528
904 297076
905 36611
906 1004980
907 48862
908 401067
909 77516
910 108117
911 483693
912 1361061
913 230867
914 1353647
915 1221376
916 97361
917 139117
918 244868
919 2125208
920 72271
921 1333513
922 91961
923 197072
924 218835
925 1599077
926 85709
927 24409
928 151632
929 40321
930 847699
931 36618
932 97537
933 24416
934 389567
935 129505
936 993661
937 12210
938 1041660
939 117392
940 1228714
941 849054
942 1038614
943 12210
944 175144
945 24412
946 85373
947 6279060
948 6277349
949 9146156
950 2736886
951 6167914
952 2738464
953 3570031
954 200046
955 190883
956 2477334
957 308546
958 178275
959 3032112
960 2474068
961 173917
962 168984
963 799692
964 807956
965 3008385
966 2471214
967 200864
968 12204
969 277334
970 12210
971 162070
972 151712
973 2538039
974 2366494
975 273949
976 73197
977 3741433
978 643591
979 271344
980 61007
981 146890
982 3296597
983 48813
984 617500
985 2940052
986 152306
987 137100
988 136045
989 36615
990 347710
991 141166
992 337713
993 36615
994 24414
995 542307
996 161273
997 146188
998 419506
999 36617
1000 501475
1001 396768
1002 335284
1003 360828
1004 492800
1005 65224
1006 2367694
1007 134026
1008 36617
1009 3192029
1010 24414
1011 121876
1012 12210
1013 2367090
1014 48496
1015 195711
1016 54887
1017 12209
1018 44749
1019 12203
1020 3136243
1021 12209
1022 2350652
1023 24416
1024 168582
1025 327103
1026 42701
1027 2373903
1028 17470
1029 54840
1030 30518
1031 42658
1032 24415
1033 257087
1034 12205
1035 30475
1036 2044053
1037 484557
1038 21935
1039 18301
1040 24415
1041 12232
1042 12210
1043 18336
1044 3286610
1045 368108
1046 365901
1047 12210
1048 19876
1049 345840
1050 4543000
1051 636188
1052 233079
1053 12734
1054 3115794
1055 2607750
1056 12209
1057 2666700
1058 2479029
1059 2278725
1060 425995
1061 236515
1062 255914
1063 478210
1064 2458459
1065 3021949
1066 3015279
1067 466227
1068 285587
1069 47474
1070 171996
1071 180451
1072 16252
1073 79710
1074 172610
1075 650214
1076 114270
1077 67056
1078 613548
1079 1658903
1080 98990
1081 130713
1082 27489
1083 17602
1084 40383
1085 1063983
1086 36615
1087 105352
1088 14524
1089 12208
1090 22423
1091 24414
1092 100381
1093 12209
1094 156387
1095 603070
1096 48784
1097 1052624
1098 77713
1099 62368
1100 680476
1101 12201
1102 696355
1103 605348
1104 58769
1105 24398
1106 12185
1107 24413
1108 1041523
1109 83821
1110 12201
1111 129943
1112 63481
1113 198161
1114 85352
1115 1368392
1116 1031193
1117 1056232
1118 126072
1119 157025
1120 137969
1121 30411
1122 146697
1123 12209
1124 925995
1125 524399
1126 784262
1127 24416
1128 223043
1129 364968
1130 184643
1131 36605
1132 166752
1133 156948
1134 174023
1135 24403
1136 12210
1137 12197
1138 21701
1139 149310
1140 12208
1141 147568
1142 77159
1143 153760
1144 275205
1145 51733
1146 12209
1147 315598
1148 622844
1149 222612
1150 317269
1151 13466
1152 590823
1153 212486
1154 80740
1155 471650
1156 498722
1157 169051
1158 349005
1159 207939
1160 61583
1161 12210
1162 207802
1163 68525
1164 155735
1165 102023
1166 384545
1167 12207
1168 212840
1169 56201
1170 627386
1171 90046
1172 215173
1173 109667
1174 506222
1175 375913
1176 48135
1177 78031
1178 12207
1179 97516
1180 354744
1181 66162
1182 169143
1183 35655
1184 36591
1185 84457
1186 61087
1187 66166
1188 36896
1189 29721
1190 59546
1191 144695
1192 13699
1193 70731
1194 24197
1195 64660
1196 89539
1197 357050
1198 48278
1199 32665
1200 885423
1201 35362
1202 72886
1203 289688
1204 381707
1205 901831
1206 61887
1207 19985
1208 73611
1209 339959
1210 81618
1211 12209
1212 901599
1213 929134
1214 92706
1215 82019
1216 996848
1217 160717
1218 291046
1219 79137
1220 4273323
1221 103937
1222 724047
1223 4245558
1224 412566
1225 4434213
1226 4246347
1227 60145
1228 4408217
1229 1200847
1230 264853
1231 48455
1232 474993
1233 4247667
1234 1256174
1235 289839
1236 334198
1237 206243
1238 477302
1239 4386484
1240 550355
1241 185613
1242 164317
1243 158319
1244 12209
1245 483625
1246 56386
1247 4341353
1248 177086
1249 202998
1250 155868
1251 42293
1252 85940
1253 64619
1254 547189
1255 159180
1256 4370577
1257 63462
1258 1115564
1259 55983
1260 26149
1261 553614
1262 415203
1263 3264770
1264 910536
1265 48963
1266 2008001
1267 413290
1268 172999
1269 44727
1270 3664803
1271 24403
1272 2191514
1273 49842
1274 1824585
1275 1510102
1276 312414
1277 190472
1278 409127
1279 814933
1280 32924
1281 172028
1282 33401
1283 48211
1284 401113
1285 3415033
1286 945263
1287 2870388
1288 120262
1289 53387
1290 743135
1291 370523
1292 3169635
1293 1777069
1294 606176
1295 113209
1296 367351
1297 362094
1298 2243284
1299 50296
1300 32172
1301 841283
1302 35653
1303 356751
1304 18194
1305 348238
1306 15849
1307 724737
1308 17198
1309 376941
1310 17010
1311 54906
1312 1341018
1313 409550
1314 23212
1315 378769
1316 36920
1317 913738
1318 399367
1319 656968
1320 389983
1321 93300
1322 323818
1323 657626
1324 911876
1325 382005
1326 333986
1327 100540
1328 717679
1329 74073
1330 957214
1331 32805
1332 30962
1333 144270
1334 374774
1335 66353
1336 950911
1337 12207
1338 26355
1339 952338
1340 37221
1341 372333
1342 22061
1343 953057
1344 75724
1345 27437
1346 374878
1347 61677
1348 709378
1349 469370
1350 24411
1351 622573
1352 12207
1353 333804
1354 428395
1355 84869
1356 954506
1357 59724
1358 172836
1359 377967
1360 22571
1361 47585
1362 956833
1363 36615
1364 280304
1365 12209
1366 295036
1367 24414
1368 171357
1369 959617
1370 311293
1371 164831
1372 978231
1373 12209
1374 25530
1375 59541
1376 12209
1377 56675
1378 24405
1379 479335
1380 381480
1381 94889
1382 268746
1383 62109
1384 276382
1385 385811
1386 59916
1387 973106
1388 624621
1389 43075
1390 12205
1391 47016
1392 99772
1393 1511294
1394 188922
1395 48326
1396 12202
1397 24415
1398 546738
1399 38773
1400 268979
1401 1179250
1402 595859
1403 1634178
1404 538989
1405 656194
1406 24416
1407 193663
1408 724721
1409 132532
1410 720444
1411 12210
1412 135231
1413 12209
1414 127915
1415 1728148
1416 32927
1417 532004
1418 127027
1419 118857
1420 723084
1421 73198
1422 12208
1423 36608
1424 24412
1425 12208
1426 85372
1427 12208
1428 281986
1429 331855
1430 284062
1431 304864
1432 131598
1433 34092
1434 21893
1435 12206
1436 433697
1437 126690
1438 36604
1439 12204
1440 12205
1441 306145
1442 201302
1443 530869
1444 371650
1445 101549
1446 510995
1447 117017
1448 664642
1449 122957
1450 501301
1451 555324
1452 36570
1453 24383
1454 12207
1455 553669
1456 12193
1457 36597
1458 682885
1459 580635
1460 861200
1461 594975
1462 881935
1463 60976
1464 24402
1465 588454
1466 48786
1467 341993
1468 133949
1469 36593
1470 97420
1471 603781
1472 24398
1473 60999
1474 12201
1475 12209
1476 331829
1477 12203
1478 24260
1479 24413
1480 920224
1481 12056
1482 48806
1483 12208
1484 36610
1485 24410
1486 322374
1487 928298
1488 12207
1489 482534
1490 894643
1491 525881
1492 324721
1493 373783
1494 24414
1495 12209
1496 1056218
1497 359975
1498 338399
1499 350396
1500 646768
1501 59153
1502 48800
1503 281222
1504 66183
1505 12210
1506 488201
1507 255727
1508 36604
1509 368177
1510 217471
1511 287149
1512 24415
1513 284394
1514 366189
1515 24403
1516 367585
1517 134074
1518 74330
1519 12209
1520 348983
1521 544262
1522 375465
1523 121915
1524 83572
1525 311179
1526 109759
1527 60970
1528 12209
1529 24413
1530 46924
1531 12208
1532 12200
1533 105174
1534 376978
1535 51874
1536 327605
1537 13740
1538 12207
1539 121751
1540 36551
1541 24371
1542 48727
1543 12186
1544 133868
1545 24373
1546 146033
1547 12187
1548 12188
1549 182642
1550 24730
1551 24369
1552 12565
1553 12535
1554 12186
1555 24643
1556 36753
1557 3144569
1558 2463221
1559 2117433
1560 1105995
1561 1011451
1562 2767086
1563 129197
1564 1103802
1565 2826825
1566 80218
1567 1108409
1568 120796
1569 3217312
1570 1040100
1571 1782410
1572 2487164
1573 2448420
1574 12208
1575 114642
1576 34038
1577 1080258
1578 2451879
1579 44400
1580 2830685
1581 2813710
1582 1579533
1583 26060
1584 2820452
1585 110809
1586 60081
1587 685688
1588 1167249
1589 512900
1590 128445
1591 84899
1592 2321483
1593 37734
1594 35580
1595 34751
1596 122629
1597 516878
1598 2318362
1599 568259
1600 113580
1601 1784094
1602 32192
1603 15826
1604 75691
1605 19049
1606 492081
1607 86705
1608 2322827
1609 35581
1610 1304394
1611 69639
1612 281768
1613 491825
1614 496339
1615 19107
1616 67374
1617 42028
1618 70330
1619 38605
1620 2405875
1621 821118
1622 45905
1623 2407188
1624 34444
1625 65257
1626 919254
1627 561489
1628 100468
1629 165455
1630 335297
1631 1756125
1632 29037
1633 53577
1634 102195
1635 401969
1636 895329
1637 525927
1638 201452
1639 313050
1640 35757
1641 127689
1642 1299771
1643 75346
1644 534300
1645 132593
1646 330577
1647 347879
1648 1670810
1649 98026
1650 55108
1651 2571865
1652 109377
1653 30688
1654 2553272
1655 844753
1656 325098
1657 1650894
1658 20498
1659 807720
1660 342114
1661 282704
1662 19275
1663 58564
1664 872000
1665 2645509
1666 821513
1667 36715
1668 362010
1669 554043
1670 1652422
1671 338392
1672 304958
1673 770160
1674 97316
1675 123684
1676 106474
1677 742372
1678 560824
1679 83293
1680 52803
1681 516996
1682 549326
1683 710949
1684 51820
1685 838573
1686 19455
1687 17729
1688 109615
1689 63217
1690 66294
1691 135285
1692 741017
1693 18506
1694 526715
1695 267711
1696 552323
1697 545118
1698 122062
1699 278104
1700 724861
1701 41308
1702 565498
1703 27406
1704 248954
1705 94444
1706 2283221
1707 2869520
1708 12208
1709 1408999
1710 1376976
1711 286569
1712 12204
1713 68462
1714 35341
1715 2179655
1716 126496
1717 1835290
1718 1329877
1719 74253
1720 48787
1721 36593
1722 24395
1723 12194
1724 727554
1725 612805
1726 25678
1727 964684
1728 1267252
1729 975328
1730 269379
1731 272389
1732 700963
1733 717211
1734 1941810
1735 35494
1736 1973338
1737 41153
1738 23518
1739 432130
1740 28167
1741 1777077
1742 349601
1743 556290
1744 1412971
1745 1753604
1746 1258312
1747 162601
1748 328889
1749 125298
1750 116072
1751 48630
1752 111178
1753 23225
1754 649152
1755 1754712
1756 665823
1757 14243
1758 1059257
1759 1910351
1760 113520
1761 1059867
1762 775011
1763 1607651
1764 315994
1765 356554
1766 25810
1767 1028104
1768 772113
1769 280438
1770 663433
1771 1027310
1772 205510
1773 1043443
1774 56870
1775 274549
1776 661716
1777 99369
1778 1042410
1779 641076
1780 59157
1781 1054513
1782 56162
1783 307567
1784 197420
1785 345409
1786 640272
1787 41010
1788 55847
1789 405095
1790 993578
1791 37683
1792 55972
1793 274161
1794 72541
1795 43235
1796 35213
1797 207721
1798 106476
1799 259973
1800 44074
1801 263059
1802 979250
1803 2024195
1804 1224047
1805 882629
1806 1761200
1807 1210413
1808 861662
1809 1711318
1810 1752150
1811 430052
1812 771354
1813 1483305
1814 61691
1815 12209
1816 906787
1817 36598
1818 915598
1819 428399
1820 389758
1821 24402
1822 2029092
1823 1476826
1824 12202
1825 1730789
1826 51507
1827 379199
1828 44202
1829 12206
1830 37572
1831 2981711
1832 752661
1833 515862
1834 1440620
1835 3042401
1836 947284
1837 914866
1838 55231
1839 878161
1840 443650
1841 16766
1842 18026
1843 27337
1844 33545
1845 36616
1846 373665
1847 412024
1848 24415
1849 912053
1850 1409673
1851 864400
1852 147152
1853 12209
1854 70474
1855 15288
1856 33585
1857 218620
1858 895072
1859 12209
1860 36594
1861 135631
1862 24374
1863 32454
1864 401071
1865 702450
1866 24399
1867 966905
1868 124648
1869 900544
1870 3035236
1871 58428
1872 388137
1873 30842
1874 15263
1875 1387221
1876 3292284
1877 13781
1878 114033
1879 23708
1880 12189
1881 725978
1882 47836
1883 36615
1884 12210
1885 12201
1886 92881
1887 69937
1888 24414
1889 858346
1890 34348
1891 943296
1892 24414
1893 77671
1894 180120
1895 887327
1896 173173
1897 303022
1898 45764
1899 20724
1900 12209
1901 179423
1902 124427
1903 733081
1904 67063
1905 36615
1906 132345
1907 24413
1908 60447
1909 169912
1910 12208
1911 198309
1912 115941
1913 146372
1914 73483
1915 99623
1916 61001
1917 12204
1918 83906
1919 48808
1920 94425
1921 144309
1922 83285
1923 36610
1924 173330
1925 24412
1926 69526
1927 50637
1928 12209
1929 84511
1930 101960
1931 12207
1932 36833
1933 24409
1934 164347
1935 17516
1936 74859
1937 12208
1938 24416
1939 12206
1940 163500
1941 35289
1942 170869
1943 131971
1944 100680
1945 47072
1946 12210
1947 107303
1948 65893
1949 12209
1950 33825
1951 12208
1952 12209
1953 789919
1954 33543
1955 187558
1956 141936
1957 110037
1958 33537
1959 177832
1960 144130
1961 719837
1962 177789
1963 85364
1964 103881
1965 92814
1966 73179
1967 113087
1968 60990
1969 89074
1970 861351
1971 138600
1972 90533
1973 870798
1974 229840
1975 595626
1976 123489
1977 125226
1978 81262
1979 37572
1980 110740
1981 1331607
1982 101991
1983 48797
1984 42285
1985 140134
1986 36603
1987 40098
1988 164775
1989 24405
1990 43714
1991 61014
1992 12204
1993 107653
1994 24413
1995 44415
1996 80293
1997 24415
1998 58558
1999 140804
2000 104776
2001 105276
2002 75277
2003 111100
2004 1333020
2005 18294
2006 36619
2007 85393
2008 305701
2009 1306676
2010 12209
2011 149607
2012 12337
2013 12209
2014 51303
2015 73157
2016 315188
2017 12217
2018 311196
2019 24412
2020 12210
2021 12210
2022 51175
2023 48806
2024 12210
2025 813194
2026 48801
2027 292959
2028 180682
2029 263726
2030 159382
2031 78393
2032 48912
2033 1493582
2034 1296960
2035 180329
2036 194129
2037 1292601
2038 39362
2039 3718770
2040 136456
2041 201813
2042 154190
2043 150347
2044 93114
2045 222908
2046 80334
2047 2406662
2048 141602
2049 218331
2050 33120
2051 1430593
2052 106507
2053 71017
2054 93444
2055 3700814
2056 70459
2057 2223401
2058 55681
2059 71123
2060 22890
2061 62010
2062 104419
2063 48422
2064 2240664
2065 421942
2066 187373
2067 73871
2068 388411
2069 2186045
2070 71113
2071 47547
2072 2209106
2073 3215247
2074 64813
2075 580563
2076 97631
2077 17523
2078 466053
2079 140054
2080 110052
2081 143233
2082 46726
2083 131201
2084 72085
2085 1364973
2086 24410
2087 21285
2088 26052
2089 36236
2090 61626
2091 90287
2092 407083
2093 59844
2094 627416
2095 106996
2096 1918696
2097 47417
2098 12205
2099 340540
2100 264187
2101 372476
2102 96501
2103 405451
2104 95859
2105 48813
2106 60393
2107 99016
2108 206314
2109 18309
2110 389255
2111 18312
2112 21442
2113 375268
2114 615693
2115 12210
2116 103757
2117 109295
2118 25790
2119 59880
2120 414983
2121 241155
2122 74515
2123 12210
2124 74674
2125 33524
2126 576927
2127 61001
2128 223373
2129 24294
2130 43960
2131 93706
2132 227557
2133 26479
2134 1627680
2135 77293
2136 190133
2137 223304
2138 1578477
2139 1776740
2140 531029
2141 36610
2142 1205685
2143 87346
2144 207041
2145 1197723
2146 458131
2147 781964
2148 620155
2149 1119903
2150 610300
2151 85603
2152 662585
2153 75798
2154 397464
2155 687388
2156 70216
2157 1212159
2158 325816
2159 416074
2160 678210
2161 86636
2162 332352
2163 965798
2164 25711
2165 73780
2166 1513811
2167 97086
2168 13534
2169 12206
2170 48807
2171 36574
2172 12209
2173 323601
2174 24387
2175 24404
2176 12212
2177 12209
2178 476627
2179 114646
2180 533898
2181 364861
2182 256213
2183 12195
2184 12940
2185 232256
2186 362061
2187 526787
2188 24412
2189 89358
2190 372864
2191 100183
2192 54676
2193 302560
2194 12209
2195 525529
2196 1527653
2197 491440
2198 230268
2199 224732
2200 228511
2201 525695
2202 36610
2203 232018
2204 1601046
2205 12206
2206 12210
2207 54964
2208 63685
2209 250653
2210 12206
2211 279974
2212 12205
2213 36053
2214 12205
2215 66179
2216 794160
2217 12207
2218 278486
2219 136201
2220 12208
2221 639858
2222 283968
2223 622847
2224 65895
2225 291941
2226 71908
2227 157139
2228 12204
2229 1526646
2230 12210
2231 246672
2232 301873
2233 150377
2234 237498
2235 66070
2236 12210
2237 141801
2238 96233
2239 157193
2240 517097
2241 12205
2242 155786
2243 312004
2244 310703
2245 12208
2246 66317
2247 12208
2248 12205
2249 178302
2250 153475
2251 298814
2252 385004
2253 68548
2254 83697
2255 48812
2256 322480
2257 12202
2258 152166
2259 344737
2260 85510
2261 12206
2262 24409
2263 287170
2264 12210
2265 244515
2266 24282
2267 15718
2268 18359
2269 24364
2270 199899
2271 159693
2272 280089
2273 15633
2274 177934
2275 47382
2276 187783
2277 31051
2278 65310
2279 175665
2280 454245
2281 109720
2282 163570
2283 46445
2284 165194
2285 109079
2286 53273
2287 97545
2288 106848
2289 29393
2290 509481
2291 30965
2292 108635
2293 114500
2294 521001
2295 85365
2296 130239
2297 39764
2298 109327
2299 147904
2300 156204
2301 73182
2302 138420
2303 150168
2304 24415
2305 161940
2306 532728
2307 261951
2308 60995
2309 151500
2310 12210
2311 544496
2312 258710
2313 94830
2314 556270
2315 151965
2316 139435
2317 268994
2318 87045
2319 127371
2320 115389
2321 109575
2322 280039
2323 48804
2324 228226
2325 239066
2326 55471
2327 43373
2328 250816
2329 36609
2330 97401
2331 31378
2332 568081
2333 138206
2334 339461
2335 105334
2336 262575
2337 85377
2338 145501
2339 85238
2340 579956
2341 19545
2342 807037
2343 48788
2344 580715
2345 24394
2346 48804
2347 481629
2348 350294
2349 588203
2350 12202
2351 451912
2352 12202
2353 596820
2354 14114
2355 60961
2356 274346
2357 73191
2358 344586
2359 606156
2360 36608
2361 616211
2362 73070
2363 17701
2364 48775
2365 362049
2366 114539
2367 105263
2368 36585
2369 304150
2370 61002
2371 12199
2372 24408
2373 12198
2374 19767
2375 28884
2376 99884
2377 128425
2378 621087
2379 323499
2380 12206
2381 60899
2382 48724
2383 121029
2384 151437
2385 84547
2386 12209
2387 12209
2388 24400
2389 66242
2390 78247
2391 61043
2392 36897
2393 139032
2394 48998
2395 146021
2396 24423
2397 49641
2398 12207
2399 12281
2400 61819
2401 24409
2402 48816
2403 170173
2404 378125
2405 36616
2406 91914
2407 24415
2408 12208
2409 28935
2410 60014
2411 12210
2412 24421
2413 182224
2414 79630
2415 389888
2416 110016
2417 12206
2418 55392
2419 414053
2420 67504
2421 79230
2422 85494
2423 95491
2424 12209
2425 4834734
2426 4744613
2427 107519
2428 113807
2429 4816443
2430 4827697
2431 103131
2432 4735296
2433 93543
2434 4777924
2435 4642474
2436 4616517
2437 116201
2438 41821
2439 3041813
2440 111463
2441 229837
2442 57939
2443 3043949
2444 64687
2445 4636713
2446 4464838
2447 224751
2448 2970525
2449 37398
2450 2966199
2451 232720
2452 107583
2453 4440553
2454 220214
2455 84346
2456 100879
2457 4310336
2458 231015
2459 47458
2460 75028
2461 216965
2462 2287836
2463 705443
2464 34440
2465 89269
2466 215373
2467 55440
2468 236968
2469 158121
2470 13374
2471 868574
2472 59523
2473 2573674
2474 176683
2475 2385901
2476 26446
2477 147000
2478 648115
2479 1154813
2480 1671138
2481 180466
2482 67684
2483 672772
2484 450029
2485 136506
2486 1600003
2487 364423
2488 126694
2489 238187
2490 48810
2491 31226
2492 121856
2493 243435
2494 88445
2495 1298937
2496 885300
2497 267440
2498 1530770
2499 123568
2500 405629
2501 1077832
2502 772688
2503 377812
2504 762176
2505 36541
2506 24365
2507 423975
2508 12185
2509 661364
2510 61267
2511 97553
2512 85368
2513 658288
2514 350211
2515 766094
2516 46419
2517 36881
2518 356790
2519 27180
2520 12206
2521 349857
2522 73188
2523 27746
2524 769947
2525 30504
2526 960498
2527 30505
2528 18309
2529 12212
2530 18309
2531 12207
2532 327748
2533 940901
2534 963932
2535 322667
2536 665860
2537 316222
2538 315359
2539 512568
2540 731121
2541 241307
2542 470307
2543 110235
2544 244325
2545 113661
2546 248603
2547 482344
2548 848400
2549 253180
2550 808887
2551 326943
2552 168279
2553 485862
2554 471671
2555 159210
2556 170936
2557 211385
2558 314842
2559 364104
2560 47303
2561 90190
2562 38855
2563 180502
2564 302737
2565 152019
2566 88608
2567 353070
2568 83359
2569 226955
2570 24412
2571 160169
2572 52656
2573 290630
2574 441643
2575 36609
2576 87312
2577 13784
2578 1096766
2579 245245
2580 144764
2581 23736
2582 12207
2583 807584
2584 278520
2585 24409
2586 165971
2587 957762
2588 819494
2589 169643
2590 193880
2591 266411
2592 24408
2593 12206
2594 12206
2595 827659
2596 183605
2597 254298
2598 966828
2599 36607
2600 24400
2601 24408
2602 181683
2603 12206
2604 568579
2605 814449
2606 242182
2607 684378
2608 1080573
2609 186150
2610 291767
2611 1249825
2612 230064
2613 196526
2614 12201
2615 902981
2616 926311
2617 217941
2618 52017
2619 291351
2620 281871
2621 273758
2622 269282
2623 12194
2624 36572
2625 12194
2626 48756
2627 73126
2628 97479
2629 12199
2630 12200
2631 219397
2632 163413
2633 145996
2634 24397
2635 12199
2636 42483
2637 12206
2638 18921
2639 25243
2640 12207
2641 73086
2642 60994
2643 12299
2644 48778
2645 24457
2646 24392
2647 12201
2648 36612
2649 12200
2650 12207
2651 36611
2652 12207
2653 48786
2654 36607
2655 24429
2656 18325
2657 18320
2658 24421
2659 36606
2660 48791
2661 48802
2662 24400
2663 24408
2664 12206
2665 12208
2666 12113
2667 24224
2668 48439
2669 12116
2670 72639
2671 12116
2672 84724
2673 96813
2674 108901
2675 120985
2676 133065
2677 145145
2678 157282
2679 169417
2680 181552
2681 193685
2682 205815
2683 12207
2684 12209
2685 202637
2686 237832
2687 73177
2688 60988
2689 204090
2690 48798
2691 36605
2692 12206
2693 12206
2694 210542
2695 98279
2696 107879
2697 60915
2698 28341
2699 17672
2700 12203
2701 24405
2702 406494
2703 380921
2704 378667
2705 12197
2706 809731
2707 819399
2708 800205
2709 790847
2710 781628
2711 772569
2712 811607
2713 501356
2714 492041
2715 359982
2716 829430
2717 489753
2718 375608
2719 12208
2720 39373
2721 391470
2722 29349
2723 22770
2724 839905
2725 16211
2726 61005
2727 504558
2728 20032
2729 850537
2730 514992
2731 48812
2732 36615
2733 24414
2734 12209
2735 861276
2736 980266
2737 320343
2738 328420
2739 801408
2740 309908
2741 109741
2742 213225
2743 800578
2744 97564
2745 334011
2746 85383
2747 261333
2748 45249
2749 834075
2750 299536
2751 84743
2752 289756
2753 49861
2754 12204
2755 73197
2756 206690
2757 280692
2758 48020
2759 12207
2760 40622
2761 225172
2762 840061
2763 170954
2764 61008
2765 367891
2766 12207
2767 370871
2768 834200
2769 12209
2770 285036
2771 211634
2772 162393
2773 12208
2774 210082
2775 1085902
2776 12208
2777 69965
2778 348547
2779 187398
2780 48814
2781 343931
2782 48814
2783 36617
2784 12209
2785 24414
2786 12209
2787 169142
2788 12210
2789 12209
2790 12208
2791 12208
2792 47046
2793 60988
2794 303007
2795 207690
2796 304345
2797 138298
2798 210601
2799 12209
2800 36616
2801 12208
2802 50782
2803 12210
2804 12209
2805 12209
2806 199213
2807 511274
2808 223745
2809 12209
2810 85261
2811 203996
2812 1079428
2813 38613
2814 36601
2815 474180
2816 128788
2817 121893
2818 245917
2819 24405
2820 12209
2821 12204
2822 24414
2823 12204
2824 97450
2825 12194
2826 170429
2827 73102
2828 60928
2829 48750
2830 36568
2831 24382
2832 12193
2833 60928
2834 48750
2835 36568
2836 24381
2837 12193
2838 775333
2839 800989
2840 803715
2841 27993
2842 21365
2843 813349
2844 20299
2845 489856
2846 24919
2847 24413
2848 823180
2849 12208
2850 509768
2851 35283
2852 510466
2853 44287
2854 42834
2855 59677
2856 41790
2857 496050
2858 105427
2859 12209
2860 537212
2861 41303
2862 159368
2863 169628
2864 168120
2865 44898
2866 36602
2867 24405
2868 12205
2869 129086
2870 127716
2871 119245
2872 48810
2873 12210
2874 18309
2875 18310
2876 12210
2877 495954
2878 115148
2879 12210
2880 12210
2881 125302
2882 261399
2883 12209
2884 145162
2885 36613
2886 62470
2887 12208
2888 12209
2889 48807
2890 18307
2891 18310
2892 12210
2893 53200
2894 338088
2895 12209
2896 12210
2897 12207
2898 24411
2899 73201
2900 85374
2901 36613
2902 97555
2903 24413
2904 109731
2905 12208
2906 182794
2907 194853
2908 61000
2909 48808
2910 36611
2911 24411
2912 12207
2913 48741
2914 18262
2915 18303
2916 12192
2917 109630
2918 122543
2919 48758
2920 24385
2921 12194
2922 12194
2923 12186
2924 12209
2925 218426
2926 408375
2927 218118
2928 54041
2929 200277
2930 345842
2931 1518053
2932 1549260
2933 344784
2934 193797
2935 82122
2936 1511695
2937 189233
2938 434991
2939 1314421
2940 93807
2941 1512459
2942 60109
2943 1487676
2944 50684
2945 308867
2946 295408
2947 53331
2948 116631
2949 1384604
2950 88489
2951 146094
2952 1515646
2953 273926
2954 228068
2955 27097
2956 12207
2957 82773
2958 1520239
2959 36613
2960 133936
2961 29474
2962 1525039
2963 24413
2964 259247
2965 1499947
2966 292792
2967 121793
2968 12209
2969 100750
2970 259743
2971 237812
2972 24413
2973 234850
2974 173402
2975 91894
2976 244913
2977 12196
2978 170604
2979 160144
2980 12208
2981 658042
2982 109575
2983 168979
2984 201510
2985 157078
2986 649090
2987 24415
2988 152181
2989 1115360
2990 162350
2991 97453
2992 12209
2993 104729
2994 85300
2995 103006
2996 31553
2997 12207
2998 58742
2999 95315
3000 27188
3001 1043297
3002 24388
3003 48759
3004 12196
3005 407773
3006 45111
3007 86225
3008 12195
3009 24386
3010 945539
3011 32927
3012 12195
3013 27334
3014 24386
3015 20747
3016 687894
3017 273245
3018 12194
3019 16183
3020 51748
3021 171638
3022 28451
3023 156828
3024 19850
3025 25820
3026 1018346
3027 28080
3028 18844
3029 680096
3030 49296
3031 28071
3032 76395
3033 15607
3034 286409
3035 715179
3036 87272
3037 1006831
3038 250030
3039 246702
3040 85039
3041 57943
3042 81984
3043 12207
3044 60921
3045 61704
3046 59607
3047 53454
3048 12208
3049 66822
3050 24412
3051 12206
3052 259789
3053 222287
3054 24370
3055 12187
3056 12206
3057 12210
3058 83387
3059 59071
3060 12209
3061 35547
3062 12209
3063 25307
3064 12208
3065 12209
3066 12207
3067 12209
3068 141993
3069 167327
3070 129564
3071 136794
3072 724993
3073 132415
3074 12208
3075 193780
3076 673427
3077 229895
3078 134800
3079 775542
3080 82569
3081 193451
3082 85974
3083 61509
3084 89522
3085 713628
3086 24413
3087 672873
3088 722945
3089 170282
3090 238116
3091 121856
3092 62273
3093 235986
3094 57263
3095 665625
3096 166667
3097 74968
3098 24415
3099 12208
3100 94656
3101 72449
3102 111325
3103 12204
3104 114082
3105 665714
3106 234539
3107 12210
3108 46710
3109 233785
3110 109714
3111 691987
3112 12210
3113 237864
3114 173751
3115 630011
3116 1836407
3117 36548
3118 24532
3119 36594
3120 1981782
3121 25415
3122 1811080
3123 1199150
3124 60973
3125 27597
3126 2086733
3127 24414
3128 24399
3129 630353
3130 2666421
3131 1188504
3132 32824
3133 2172083
3134 1139661
3135 1167613
3136 12201
3137 1162878
3138 1145588
3139 1148945
3140 48786
3141 12209
3142 12198
3143 36595
3144 12205
3145 1147787
3146 2265248
3147 164833
3148 1154975
3149 166471
3150 1173905
3151 94598
3152 239961
3153 24400
3154 91377
3155 37154
3156 1012296
3157 211475
3158 85443
3159 2269922
3160 86478
3161 232472
3162 123259
3163 1031153
3164 101066
3165 168132
3166 48804
3167 12208
3168 1014771
3169 18310
3170 36603
3171 18304
3172 154282
3173 164022
3174 12206
3175 104151
3176 87063
3177 72747
3178 24401
3179 94276
3180 178350
3181 1166866
3182 184246
3183 12201
3184 193212
3185 12206
3186 223691
3187 202819
3188 12206
3189 12206
3190 36611
3191 12207
3192 990941
3193 914713
3194 995667
3195 48803
3196 36607
3197 12207
3198 907316
3199 24408
3200 12206
3201 912320
3202 856506
3203 851880
3204 850115
3205 60973
3206 48781
3207 36591
3208 849120
3209 24398
3210 12200
3211 848604
3212 848363
3213 1021824
3214 643763
3215 551825
3216 539856
3217 644253
3218 527894
3219 645197
3220 517218
3221 146097
3222 133943
3223 646527
3224 360458
3225 121786
3226 348490
3227 648221
3228 109633
3229 336531
3230 845257
3231 324572
3232 868003
3233 845673
3234 312617
3235 145176
3236 73101
3237 777001
3238 300676
3239 24381
3240 60927
3241 779053
3242 288748
3243 252636
3244 48752
3245 276828
3246 133044
3247 264930
3248 253049
3249 241172
3250 229300
3251 36574
3252 222776
3253 221699
3254 220745
3255 219923
3256 114325
3257 240688
3258 219275
3259 24395
3260 218719
3261 228761
3262 120918
3263 18302
3264 108790
3265 218947
3266 18295
3267 220181
3268 216840
3269 221688
3270 223267
3271 204930
3272 105203
3273 96714
3274 100351
3275 193041
3276 181176
3277 225108
3278 227206
3279 190778
3280 169331
3281 229435
3282 157511
3283 264382
3284 145706
3285 133906
3286 170301
3287 84702
3288 128297
3289 116350
3290 158368
3291 146444
3292 72707
3293 140295
3294 140021
3295 107758
3296 102509
3297 139897
3298 139836
3299 139793
3300 139802
3301 139859
3302 60754
3303 48840
3304 36933
3305 30888
3306 97582
3307 12208
3308 239930
3309 225991
3310 132083
3311 75291
3312 83120
3313 12210
3314 36438
3315 24294
3316 12146
3317 72867
3318 24301
3319 12153
3320 83033
3321 99904
3322 82111
3323 12207
3324 2289130
3325 12208
3326 12208
3327 36615
3328 12208
3329 12208
3330 19735
3331 247284
3332 257556
3333 238001
3334 231929
3335 12207
3336 227642
3337 30513
3338 12208
3339 13754
3340 19851
3341 1114214
3342 1088948
3343 1080089
3344 1095649
3345 170493
3346 158390
3347 36567
3348 943807
3349 942445
3350 12185
3351 109747
3352 12185
3353 48800
3354 48802
3355 12210
3356 24400
3357 12206
3358 36607
3359 24408
3360 12206
3361 949874
3362 2086110
3363 90603
3364 2036485
3365 33846
3366 24389
3367 44436
3368 50134
3369 1239753
3370 31789
3371 31406
3372 60194
3373 20004
3374 37133
3375 20476
3376 16830
3377 23758
3378 12210
3379 2035885
3380 15878
3381 32012
3382 51469
3383 146504
3384 25737
3385 94231
3386 34952
3387 1383028
3388 1848671
3389 97562
3390 207357
3391 85390
3392 81549
3393 12210
3394 61010
3395 1785195
3396 134068
3397 103061
3398 1233815
3399 36615
3400 72789
3401 12209
3402 36615
3403 12209
3404 34584
3405 12208
3406 12208
3407 12208
3408 24409
3409 51522
3410 575705
3411 94744
3412 12206
3413 1223737
3414 12209
3415 20443
3416 39224
3417 119333
3418 1223492
3419 24414
3420 48127
3421 12209
3422 2106139
3423 24415
3424 790852
3425 804190
3426 12209
3427 979273
3428 732421
3429 245310
3430 127718
3431 834326
3432 722491
3433 734469
3434 697347
3435 109293
3436 36611
3437 135967
3438 732597
3439 632819
3440 23212
3441 676399
3442 101129
3443 22451
3444 24410
3445 12204
3446 463921
3447 20539
3448 717387
3449 2481681
3450 2279319
3451 2280737
3452 777858
3453 36605
3454 736769
3455 60976
3456 694436
3457 48785
3458 36591
3459 24407
3460 24393
3461 12205
3462 600226
3463 12195
3464 108255
3465 122360
3466 80510
3467 57128
3468 74149
3469 45071
3470 73612
3471 82009
3472 591359
3473 93939
3474 115555
3475 468134
3476 105743
3477 33146
3478 96118
3479 457755
3480 85350
3481 129174
3482 95955
3483 27298
3484 60982
3485 772456
3486 48792
3487 375775
3488 73167
3489 36600
3490 24403
3491 60980
3492 12205
3493 48790
3494 427889
3495 376882
3496 12203
3497 384286
3498 384888
3499 17986
3500 395579
3501 36595
3502 25922
3503 974291
3504 24401
3505 34926
3506 12202
3507 489839
3508 482111
3509 477846
3510 776526
3511 303487
3512 138383
3513 50264
3514 128511
3515 342802
3516 39857
3517 120576
3518 41446
3519 286605
3520 126000
3521 773338
3522 436082
3523 32586
3524 119311
3525 432358
3526 23714
3527 286300
3528 735813
3529 833178
3530 1460813
3531 429178
3532 440504
3533 627666
3534 419672
3535 575121
3536 1143836
3537 36871
3538 98854
3539 523416
3540 117558
3541 716413
3542 426771
3543 892232
3544 154590
3545 525508
3546 516084
3547 110552
3548 434728
3549 639011
3550 34480
3551 704047
3552 46372
3553 90819
3554 732592
3555 927413
3556 27407
3557 73417
3558 32816
3559 143289
3560 40007
3561 51442
3562 132235
3563 89959
3564 91635
3565 121480
3566 22556
3567 500003
3568 776628
3569 12208
3570 36612
3571 173963
3572 24411
3573 131662
3574 12207
3575 184943
3576 196313
3577 207978
3578 525855
3579 139147
3580 553752
3581 29861
3582 310753
3583 556426
3584 109722
3585 300147
3586 506414
3587 33668
3588 25151
3589 256646
3590 541264
3591 22531
3592 244720
3593 97545
3594 42361
3595 23857
3596 46941
3597 232876
3598 85364
3599 82074
3600 73179
3601 70692
3602 60991
3603 221114
3604 74800
3605 48800
3606 209828
3607 133256
3608 30198
3609 36604
3610 18034
3611 112894
3612 144261
3613 229228
3614 48807
3615 18698
3616 36609
3617 13242
3618 12374
3619 24408
3620 19837
3621 24415
3622 12204
3623 332881
3624 31062
3625 174851
3626 100570
3627 48805
3628 61100
3629 43050
3630 135206
3631 324022
3632 210843
3633 73144
3634 216476
3635 36608
3636 220347
3637 324484
3638 217847
3639 367892
3640 376059
3641 121590
3642 349073
3643 181287
3644 124017
3645 349723
3646 24983
3647 18093
3648 12209
3649 212833
3650 400744
3651 33776
3652 24408
3653 12209
3654 12206
3655 531132
3656 572008
3657 169008
3658 219368
3659 173442
3660 581576
3661 182222
3662 287726
3663 217952
3664 193857
3665 686550
3666 83124
3667 122391
3668 223359
3669 71322
3670 12158
3671 26086
3672 97520
3673 144576
3674 59524
3675 751377
3676 285920
3677 753887
3678 47751
3679 12209
3680 66246
3681 36003
3682 73150
3683 26861
3684 29670
3685 281643
3686 29445
3687 138500
3688 106390
3689 294553
3690 293959
3691 293509
3692 218472
3693 354330
3694 175935
3695 246129
3696 188576
3697 81171
3698 251161
3699 259467
3700 124606
3701 200960
3702 151597
3703 129922
3704 198573
3705 88001
3706 89332
3707 215055
3708 36618
3709 24416
3710 200092
3711 95866
3712 209412
3713 12210
3714 205727
3715 12210
3716 259844
3717 231192
3718 1101451
3719 230576
3720 906184
3721 1060203
3722 158981
3723 128812
3724 123117
3725 156508
3726 129074
3727 121151
3728 17659
3729 172773
3730 199293
3731 94929
3732 144321
3733 173160
3734 97139
3735 308543
3736 33346
3737 12208
3738 1365852
3739 1224548
3740 156025
3741 1382243
3742 172119
3743 50101
3744 53271
3745 19635
3746 1234332
3747 1371754
3748 57705
3749 160201
3750 1242519
3751 51648
3752 1228906
3753 12210
3754 175439
3755 1482865
3756 162691
3757 137195
3758 1583516
3759 151126
3760 54280
3761 24398
3762 12200
3763 115294
3764 389203
3765 104434
3766 183416
3767 248985
3768 49695
3769 100169
3770 1536890
3771 79903
3772 51007
3773 155729
3774 129572
3775 24411
3776 148734
3777 237794
3778 24410
3779 226797
3780 79369
3781 12207
3782 117616
3783 12206
3784 73294
3785 146211
3786 82614
3787 106313
3788 161516
3789 219551
3790 155113
3791 95686
3792 98265
3793 1412996
3794 26970
3795 226923
3796 87384
3797 108213
3798 81186
3799 24391
3800 36612
3801 108470
3802 21237
3803 37148
3804 36594
3805 141067
3806 827565
3807 1112809
3808 819126
3809 195047
3810 184370
3811 218034
3812 199380
3813 176366
3814 37759
3815 988542
3816 1338411
3817 24414
3818 12196
3819 12208
3820 166581
3821 147574
3822 355422
3823 192088
3824 145348
3825 12208
3826 299442
3827 81752
3828 109474
3829 831619
3830 23151
3831 86140
3832 40515
3833 484938
3834 268450
3835 210965
3836 146908
3837 52395
3838 156575
3839 12474
3840 34602
3841 168655
3842 97163
3843 259190
3844 46827
3845 363780
3846 12208
3847 212563
3848 295125
3849 294394
3850 74217
3851 124973
3852 132586
3853 139108
3854 63598
3855 85374
3856 73198
3857 167388
3858 41518
3859 12210
3860 220759
3861 81190
3862 48807
3863 85598
3864 12208
3865 409075
3866 12208
3867 73263
3868 48811
3869 147947
3870 24407
3871 12213
3872 12210
3873 36610
3874 123359
3875 31812
3876 48802
3877 132897
3878 24409
3879 1522276
3880 24388
3881 119731
3882 12224
3883 81386
3884 12203
3885 12207
3886 72998
3887 25099
3888 22783
3889 2111215
3890 120355
3891 1142674
3892 89985
3893 24581
3894 1501949
3895 121546
3896 36559
3897 54071
3898 24380
3899 12194
3900 125729
3901 123730
3902 114834
3903 1488340
3904 78530
3905 26620
3906 68504
3907 1768678
3908 236005
3909 20164
3910 902464
3911 233490
3912 17955
3913 25032
3914 1208627
3915 12209
3916 73141
3917 39855
3918 24411
3919 60952
3920 12205
3921 876796
3922 48768
3923 18290
3924 19900
3925 78639
3926 67729
3927 57181
3928 57577
3929 147280
3930 111477
3931 125576
3932 116832
3933 118245
3934 128384
3935 166208
3936 174797
3937 32653
3938 249978
3939 258624
3940 31268
3941 67158
3942 37329
3943 1011942
3944 1108482
3945 55773
3946 191579
3947 205977
3948 45124
3949 146538
3950 93864
3951 35503
3952 32788
3953 31201
3954 63784
3955 41520
3956 46667
3957 34831
3958 29094
3959 29361
3960 34672
3961 45027
3962 55552
3963 12182
3964 24364
3965 36544
3966 12666
3967 12207
3968 24410
3969 12204
3970 24405
3971 19548
3972 26983
3973 34584
3974 44317
3975 56099
3976 67976
3977 80006
3978 92110
3979 104213
3980 116319
3981 12207
3982 24411
3983 36612
3984 48808
3985 36616
3986 18312
3987 12209
3988 355316
3989 888396
3990 569724
3991 890379
3992 12208
3993 953679
3994 1012100
3995 161252
3996 948975
3997 157661
3998 154377
3999 261305
4000 151571
4001 149343
4002 152584
4003 739375
4004 118101
4005 42430
4006 440146
4007 133064
4008 69058
4009 22991
4010 36615
4011 358053
4012 121050
4013 12209
4014 18312
4015 31143
4016 87764
4017 293070
4018 281464
4019 71470
4020 31962
4021 302163
4022 109192
4023 53088
4024 27398
4025 59522
4026 14035
4027 407833
4028 354619
4029 33006
4030 216767
4031 20931
4032 40211
4033 12206
4034 214950
4035 14924
4036 319771
4037 30614
4038 101515
4039 126845
4040 12209
4041 206338
4042 60757
4043 205786
4044 13474
4045 206302
4046 185751
4047 114938
4048 506812
4049 235366
4050 494914
4051 98858
4052 115664
4053 12209
4054 90882
4055 263545
4056 153188
4057 305095
4058 79368
4059 61536
4060 149979
4061 24410
4062 43809
4063 293153
4064 60986
4065 48809
4066 305625
4067 18936
4068 24407
4069 12207
4070 505180
4071 126653
4072 12202
4073 50463
4074 92403
4075 117474
4076 48796
4077 42301
4078 43811
4079 36603
4080 109385
4081 36611
4082 24405
4083 73986
4084 12204
4085 24410
4086 255393
4087 30361
4088 231091
4089 77571
4090 12204
4091 80399
4092 96573
4093 18493
4094 12209
4095 12647
4096 68700
4097 219014
4098 44973
4099 12210
4100 182537
4101 101870
4102 51599
4103 33477
4104 12208
4105 24395
4106 170474
4107 12199
4108 40546
4109 50442
4110 12209
4111 24415
4112 107676
4113 109273
4114 94908
4115 12209
4116 24414
4117 12210
4118 46894
4119 40280
4120 67950
4121 43937
4122 48795
4123 36600
4124 24402
4125 12202
4126 134091
4127 73185
4128 12206
4129 48801
4130 36607
4131 12206
4132 12206
4133 12197
4134 24391
4135 36582
4136 97498
4137 48769
4138 36582
4139 24392
4140 12198
4141 35655
4142 23453
4143 12186
4144 12210
4145 36569
4146 48752
4147 24383
4148 12194
4149 60934
4150 12209
4151 36570
4152 131786
4153 24384
4154 78416
4155 103329
4156 59356
4157 12200
4158 12200
4159 76094
4160 12192
4161 62344
4162 84886
4163 71948
4164 94195
4165 115336
4166 36577
4167 122348
4168 12196
4169 12195
4170 210885
4171 214199
4172 85253
4173 115360
4174 73088
4175 778078
4176 36555
4177 24369
4178 24377
4179 12201
4180 12197
4181 458323
4182 446385
4183 434474
4184 12197
4185 422598
4186 410756
4187 398924
4188 389945
4189 74828
4190 85301
4191 220878
4192 73127
4193 209016
4194 60949
4195 62740
4196 50740
4197 48768
4198 38803
4199 222257
4200 178800
4201 60914
4202 206906
4203 85261
4204 159877
4205 73090
4206 48738
4207 36583
4208 142811
4209 60917
4210 36558
4211 31677
4212 48741
4213 24374
4214 24362
4215 12188
4216 140798
4217 12182
4218 36562
4219 24378
4220 12191
4221 24392
4222 30583
4223 30721
4224 12198
4225 206525
4226 182829
4227 221043
4228 39658
4229 79265
4230 73431
4231 80480
4232 213477
4233 185694
4234 199034
4235 47743
4236 12209
4237 377188
4238 37277
4239 145985
4240 182490
4241 245212
4242 170338
4243 29508
4244 158254
4245 146301
4246 194024
4247 48759
4248 24223
4249 24382
4250 97429
4251 12197
4252 12197
4253 60921
4254 89791
4255 35007
4256 179772
4257 36557
4258 74279
4259 24365
4260 12190
4261 45640
4262 12210
4263 12189
4264 12172
4265 82153
4266 12189
4267 12206
4268 91973
4269 332816
4270 183425
4271 193611
4272 1543842
4273 331766
4274 338830
4275 1512881
4276 1653346
4277 36613
4278 108313
4279 1492773
4280 36607
4281 1992009
4282 1393548
4283 24412
4284 1502717
4285 679798
4286 120327
4287 12207
4288 713824
4289 137060
4290 24406
4291 12204
4292 1856925
4293 48799
4294 12208
4295 759018
4296 36603
4297 24403
4298 73118
4299 12200
4300 1488306
4301 60934
4302 392225
4303 36567
4304 12195
4305 298618
4306 24381
4307 109680
4308 267454
4309 12192
4310 48805
4311 97504
4312 228632
4313 85324
4314 73141
4315 60953
4316 36608
4317 1943819
4318 48773
4319 12208
4320 48795
4321 24409
4322 36602
4323 24392
4324 12198
4325 24405
4326 12198
4327 468277
4328 12206
4329 12203
4330 24408
4331 12205
4332 624284
4333 24413
4334 12208
4335 840733
4336 12207
4337 12199
4338 18297
4339 188211
4340 191160
4341 1575292
4342 1393269
4343 1391751
4344 14648
4345 24408
4346 12205
4347 12209
4348 36611
4349 24411
4350 48809
4351 12208
4352 12209
4353 12209
4354 12210
4355 12211
4356 48812
4357 24410
4358 207250
4359 195961
4360 185105
4361 175982
4362 168263
4363 494154
4364 164027
4365 77086
4366 75212
4367 91204
4368 322577
4369 326262
4370 118272
4371 242865
4372 12117
4373 29606
4374 75274
4375 22606
4376 252369
4377 280194
4378 12772
4379 123416
4380 31521
4381 30648
4382 19868
4383 26978
4384 334548
4385 60001
4386 29441
4387 35115
4388 64963
4389 34402
4390 93827
4391 30868
4392 24403
4393 478047
4394 91316
4395 72440
4396 165248
4397 137857
4398 171100
4399 35915
4400 12209
4401 80023
4402 48810
4403 12203
4404 133193
4405 82481
4406 621021
4407 20127
4408 65398
4409 675272
4410 146959
4411 187582
4412 167188
4413 12207
4414 61012
4415 123364
4416 47405
4417 36612
4418 18660
4419 83603
4420 99948
4421 12205
4422 24413
4423 24412
4424 12207
4425 24403
4426 309823
4427 24414
4428 41255
4429 64867
4430 25312
4431 12209
4432 12204
4433 93082
4434 25851
4435 12203
4436 12209
4437 12207
4438 12208
4439 307958
4440 43153
4441 51768
4442 12207
4443 1243265
4444 63145
4445 12207
4446 39941
4447 44385
4448 278883
4449 154899
4450 43318
4451 40530
4452 42294
4453 31128
4454 586936
4455 269920
4456 970982
4457 472611
4458 502431
4459 12205
4460 41311
4461 318419
4462 268478
4463 289276
4464 12208
4465 69804
4466 40357
4467 23965
4468 24602
4469 17872
4470 182663
4471 35668
4472 310559
4473 121831
4474 30341
4475 12217
4476 12202
4477 73157
4478 48784
4479 24395
4480 12198
4481 12202
4482 164065
4483 218989
4484 228303
4485 125644
4486 48770
4487 237960
4488 170849
4489 36578
4490 144322
4491 271600
4492 24388
4493 132710
4494 553297
4495 121126
4496 24396
4497 792902
4498 109563
4499 514240
4500 12196
4501 483156
4502 508034
4503 98277
4504 24404
4505 802216
4506 87319
4507 12204
4508 12196
4509 76438
4510 66314
4511 12204
4512 44651
4513 61340
4514 41022
4515 48814
4516 78182
4517 12212
4518 24409
4519 12211
4520 137895
4521 36207
4522 167531
4523 326487
4524 332030
4525 321815
4526 244709
4527 428264
4528 300371
4529 254975
4530 246835
4531 15920
4532 360600
4533 48807
4534 170329
4535 18300
4536 20313
4537 18317
4538 73188
4539 400198
4540 12208
4541 264089
4542 21202
4543 274433
4544 34891
4545 42260
4546 12897
4547 48804
4548 12208
4549 285282
4550 142149
4551 48809
4552 150983
4553 24407
4554 12208
4555 24409
4556 443215
4557 57770
4558 12209
4559 12209
4560 12205
4561 12205
4562 154042
4563 307213
4564 48812
4565 36603
4566 18310
4567 18311
4568 24402
4569 12210
4570 12203
4571 163498
4572 205894
4573 36605
4574 24406
4575 651013
4576 12205
4577 506746
4578 330476
4579 12209
4580 13135
4581 167986
4582 157638
4583 153937
4584 32139
4585 139883
4586 68002
4587 12209
4588 73197
4589 110978
4590 53613
4591 12208
4592 87126
4593 12207
4594 61770
4595 48810
4596 179653
4597 58065
4598 12209
4599 30512
4600 12209
4601 18311
4602 62994
4603 82886
4604 206937
4605 22141
4606 85301
4607 157616
4608 303847
4609 97712
4610 114953
4611 20499
4612 96343
4613 55322
4614 100775
4615 31816
4616 20085
4617 57710
4618 59611
4619 133821
4620 59967
4621 52551
4622 13445
4623 78385
4624 54595
4625 60492
4626 12207
4627 40075
4628 24412
4629 12207
4630 16387
4631 12135
4632 24410
4633 12207
4634 46761
4635 55362
4636 12206
4637 12210
4638 24408
4639 12210
4640 30020
4641 14104
4642 550503
4643 670592
4644 156702
4645 111049
4646 100908
4647 36613
4648 24411
4649 12208
4650 80181
4651 12209
4652 24413
4653 12207
4654 216619
4655 158387
4656 147228
4657 393726
4658 144644
4659 48774
4660 36585
4661 402984
4662 24391
4663 412913
4664 12196
4665 492057
4666 73176
4667 24402
4668 12204
4669 24401
4670 12204
4671 12203
4672 12203
4673 24402
4674 36597
4675 56247
4676 2158933
4677 2098459
4678 2104883
4679 27577
4680 37738
4681 973660
4682 13995
4683 48120
4684 18124
4685 17978
4686 12037
4687 60140
4688 84180
4689 12037
4690 120210
4691 24068
4692 12036
4693 12202
4694 24389
4695 12190
4696 36590
4697 55971
4698 39475
4699 50070
4700 12208
4701 48760
4702 18293
4703 18289
4704 12199
4705 36603
4706 24403
4707 12198
4708 48799
4709 36605
4710 24406
4711 12204
4712 474292
4713 471072
4714 471484
4715 475602
4716 481322
4717 673724
4718 221205
4719 209149
4720 197162
4721 185209
4722 173326
4723 161695
4724 150351
4725 139142
4726 128026
4727 116979
4728 106142
4729 96273
4730 87282
4731 79159
4732 72005
4733 65119
4734 58389
4735 53763
4736 51291
4737 49030
4738 46961
4739 49424
4740 58863
4741 70921
4742 82989
4743 95057
4744 107138
4745 188019
4746 178863
4747 189087
4748 93134
4749 199356
4750 91395
4751 341560
4752 94817
4753 332628
4754 184517
4755 350076
4756 136049
4757 411603
4758 52256
4759 101273
4760 36609
4761 24409
4762 50930
4763 125007
4764 12207
4765 52128
4766 445461
4767 40267
4768 108115
4769 12208
4770 28876
4771 114073
4772 14049
4773 394507
4774 18145
4775 115742
4776 365090
4777 24412
4778 103282
4779 12207
4780 927148
4781 346286
4782 945031
4783 61001
4784 92614
4785 12204
4786 48810
4787 531490
4788 280507
4789 124886
4790 16997
4791 444721
4792 24404
4793 19621
4794 12208
4795 12204
4796 12206
4797 487492
4798 955488
4799 83476
4800 36607
4801 24406
4802 12205
4803 109739
4804 76559
4805 116950
4806 966666
4807 69296
4808 12208
4809 48370
4810 1124407
4811 53496
4812 32764
4813 48767
4814 12504
4815 24379
4816 12197
4817 12349
4818 12195
4819 40297
4820 24245
4821 135165
4822 159273
4823 142696
4824 12209
4825 127963
4826 278829
4827 148688
4828 1233024
4829 90843
4830 12208
4831 12207
4832 12209
4833 54210
4834 42600
4835 31023
4836 18904
4837 12878
4838 19002
4839 31188
4840 108240
4841 24395
4842 12209
4843 12211
4844 24398
4845 36586
4846 25838
4847 48801
4848 18308
4849 18304
4850 12207
4851 12209
4852 707310
4853 12208
4854 48761
4855 18293
4856 18290
4857 12198
4858 60941
4859 1418349
4860 87269
4861 77370
4862 12208
4863 70996
4864 48796
4865 36600
4866 24399
4867 12201
4868 12203
4869 27621
4870 29432
4871 38679
4872 75565
4873 68016
4874 71082
4875 97101
4876 72573
4877 403214
4878 93232
4879 374002
4880 56068
4881 103030
4882 65183
4883 44647
4884 77502
4885 364513
4886 85907
4887 355640
4888 98024
4889 347157
4890 339466
4891 332618
4892 428442
4893 392219
4894 325888
4895 328192
4896 319616
4897 314727
4898 347916
4899 310394
4900 305963
4901 337522
4902 272330
4903 97523
4904 85341
4905 73155
4906 60970
4907 48784
4908 270026
4909 36594
4910 24400
4911 12201
4912 269534
4913 270796
4914 272833
4915 275633
4916 296815
4917 203489
4918 115712
4919 206224
4920 110679
4921 108606
4922 108236
4923 108832
4924 110591
4925 147303
4926 48733
4927 36540
4928 24364
4929 12184
4930 202474
4931 81107
4932 196772
4933 80254
4934 202069
4935 227103
4936 55777
4937 197917
4938 61234
4939 72530
4940 197961
4941 199410
4942 32178
4943 32848
4944 26719
4945 74013
4946 66575
4947 79896
4948 62579
4949 59016
4950 75907
4951 56749
4952 77678
4953 12208
4954 24414
4955 12209
4956 306693
4957 12172
4958 24377
4959 354281
4960 90114
4961 1777771
4962 1772171
4963 1783822
4964 1767969
4965 1813656
4966 54872
4967 50749
4968 48800
4969 52556
4970 24404
4971 12206
4972 12203
4973 66596
4974 51750
4975 59155
4976 993030
4977 2746939
4978 1156457
4979 12210
4980 968210
4981 376738
4982 864005
4983 240650
4984 36427
4985 998761
4986 24228
4987 12023
4988 457822
4989 65825
4990 175471
4991 59934
4992 864666
4993 488027
4994 280233
4995 234206
4996 24271
4997 330716
4998 12138
4999 103239
5000 873566
5001 310481
5002 115706
5003 471601
5004 136256
5005 36598
5006 48793
5007 234050
5008 882907
5009 24400
5010 12207
5011 24401
5012 319737
5013 12206
5014 86067
5015 14575
5016 24412
5017 936023
5018 240013
5019 342664
5020 387824
5021 12208
5022 303081
5023 12202
5024 12505
5025 57143
5026 377620
5027 308924
5028 34292
5029 391438
5030 48813
5031 298274
5032 18311
5033 18311
5034 22362
5035 940695
5036 362385
5037 12210
5038 82153
5039 579480
5040 31993
5041 950980
5042 12204
5043 168564
5044 182417
5045 218429
5046 44146
5047 362024
5048 287879
5049 62792
5050 961397
5051 290891
5052 206314
5053 88531
5054 85701
5055 67175
5056 194313
5057 180168
5058 48798
5059 30580
5060 75749
5061 69709
5062 971889
5063 279710
5064 600027
5065 122396
5066 128084
5067 55062
5068 182481
5069 183419
5070 12210
5071 280276
5072 58349
5073 24398
5074 32854
5075 606877
5076 19080
5077 19783
5078 276430
5079 12206
5080 46061
5081 170719
5082 24403
5083 167463
5084 12207
5085 622044
5086 320283
5087 40902
5088 31619
5089 12198
5090 99153
5091 23581
5092 12208
5093 207447
5094 12196
5095 89311
5096 21133
5097 80888
5098 1562456
5099 2022938
5100 2565237
5101 451211
5102 605009
5103 439907
5104 429035
5105 1236041
5106 605276
5107 68455
5108 1346017
5109 1209307
5110 420569
5111 1211048
5112 56822
5113 611684
5114 1213861
5115 1352991
5116 1487448
5117 24412
5118 479095
5119 40342
5120 1569053
5121 192474
5122 373718
5123 1120549
5124 12208
5125 1241933
5126 12209
5127 181417
5128 19506
5129 848061
5130 606651
5131 1219975
5132 37860
5133 46827
5134 676034
5135 41360
5136 499423
5137 328067
5138 880250
5139 973573
5140 171954
5141 1911829
5142 48775
5143 35967
5144 1163834
5145 73201
5146 164209
5147 12209
5148 50215
5149 18273
5150 1000695
5151 86664
5152 109707
5153 18312
5154 917459
5155 12199
5156 966452
5157 153847
5158 256916
5159 17487
5160 39989
5161 523300
5162 48812
5163 97556
5164 12209
5165 78427
5166 25250
5167 131671
5168 36601
5169 32892
5170 36615
5171 548116
5172 12206
5173 24414
5174 1168089
5175 1188533
5176 740333
5177 22886
5178 12209
5179 78402
5180 38311
5181 341724
5182 24404
5183 125121
5184 40339
5185 12204
5186 1353207
5187 129789
5188 126891
5189 48800
5190 1265769
5191 131779
5192 36605
5193 12207
5194 601816
5195 12210
5196 12204
5197 639189
5198 24406
5199 47605
5200 631471
5201 130610
5202 24414
5203 1830854
5204 139361
5205 257469
5206 111123
5207 12205
5208 12209
5209 155023
5210 128756
5211 1143192
5212 24414
5213 1255102
5214 60966
5215 209407
5216 827981
5217 823207
5218 1082863
5219 699846
5220 121838
5221 296671
5222 65302
5223 293136
5224 60962
5225 48812
5226 68813
5227 48771
5228 18310
5229 229578
5230 18312
5231 727603
5232 12211
5233 182258
5234 48811
5235 170104
5236 157947
5237 36578
5238 12210
5239 24414
5240 168153
5241 12208
5242 44690
5243 222142
5244 12196
5245 12197
5246 137535
5247 145842
5248 84951
5249 216863
5250 121041
5251 248983
5252 207154
5253 210498
5254 48379
5255 133775
5256 48798
5257 36188
5258 222614
5259 70635
5260 24384
5261 24401
5262 544795
5263 133790
5264 12203
5265 17983
5266 12204
5267 12208
5268 12223
5269 16268
5270 12203
5271 24404
5272 24409
5273 140155
5274 12204
5275 129589
5276 12206
5277 138764
5278 103038
5279 47350
5280 93612
5281 17863
5282 358531
5283 206974
5284 12565
5285 36677
5286 105363
5287 148923
5288 96899
5289 182747
5290 12209
5291 106641
5292 120387
5293 126468
5294 31429
5295 134542
5296 73164
5297 13990
5298 12208
5299 17993
5300 97559
5301 49008
5302 144536
5303 31725
5304 125350
5305 48785
5306 12210
5307 137008
5308 164641
5309 24395
5310 316314
5311 12198
5312 12205
5313 156057
5314 134936
5315 48801
5316 183213
5317 59730
5318 36608
5319 18308
5320 12634
5321 18304
5322 306320
5323 17877
5324 12207
5325 12202
5326 12207
5327 12208
5328 145032
5329 298894
5330 60906
5331 12206
5332 45301
5333 95114
5334 82387
5335 82702
5336 85411
5337 85902
5338 90746
5339 93709
5340 143218
5341 152634
5342 104307
5343 58293
5344 49344
5345 117397
5346 41034
5347 66226
5348 188140
5349 241031
5350 78019
5351 238345
5352 100990
5353 173905
5354 35160
5355 104003
5356 189424
5357 53584
5358 220174
5359 30348
5360 109720
5361 189136
5362 178240
5363 208297
5364 60967
5365 62747
5366 115734
5367 72939
5368 237516
5369 129852
5370 218777
5371 48761
5372 122405
5373 107345
5374 229417
5375 33668
5376 238811
5377 36566
5378 48781
5379 271733
5380 44651
5381 313980
5382 248360
5383 70675
5384 191305
5385 96322
5386 70789
5387 187411
5388 154657
5389 122306
5390 273125
5391 75904
5392 24382
5393 85560
5394 12700
5395 62912
5396 44390
5397 95505
5398 37916
5399 68798
5400 153786
5401 20048
5402 81546
5403 36592
5404 111949
5405 85328
5406 274340
5407 134515
5408 37894
5409 113671
5410 56247
5411 14901
5412 124026
5413 195565
5414 148901
5415 152990
5416 60964
5417 133746
5418 141063
5419 55692
5420 32297
5421 84650
5422 66797
5423 83768
5424 201598
5425 21017
5426 73147
5427 48778
5428 106524
5429 24412
5430 284275
5431 268181
5432 80323
5433 132636
5434 80007
5435 12208
5436 201563
5437 106931
5438 60964
5439 24398
5440 12208
5441 36589
5442 24410
5443 78008
5444 68134
5445 277875
5446 163999
5447 12199
5448 88864
5449 185918
5450 85335
5451 24408
5452 91262
5453 84317
5454 75319
5455 68257
5456 25648
5457 451213
5458 12200
5459 246360
5460 277044
5461 12199
5462 68418
5463 340460
5464 330002
5465 320223
5466 82233
5467 82855
5468 67405
5469 33945
5470 52464
5471 120557
5472 69152
5473 123576
5474 28114
5475 58568
5476 39267
5477 29092
5478 189653
5479 67612
5480 29595
5481 37591
5482 195313
5483 60960
5484 12203
5485 206466
5486 48771
5487 24387
5488 12201
5489 12190
5490 19745
5491 18312
5492 293056
5493 22976
5494 93687
5495 31415
5496 288094
5497 85798
5498 300023
5499 93793
5500 60974
5501 50532
5502 48784
5503 62597
5504 24394
5505 74684
5506 12203
5507 12201
5508 667590
5509 652576
5510 645230
5511 376243
5512 285325
5513 36609
5514 653236
5515 323540
5516 12209
5517 24409
5518 41199
5519 751752
5520 325481
5521 389576
5522 30330
5523 109628
5524 12205
5525 333623
5526 36610
5527 341999
5528 60871
5529 19391
5530 48678
5531 36510
5532 20119
5533 12173
5534 12173
5535 24411
5536 12207
5537 12210
5538 36637
5539 42164
5540 12207
5541 33495
5542 44980
5543 56981
5544 44035
5545 12209
5546 12208
5547 89172
5548 67178
5549 62967
5550 34188
5551 94791
5552 106816
5553 77901
5554 24397
5555 12199
5556 12207
5557 12202
5558 12208
5559 170590
5560 180453
5561 191262
5562 213794
5563 224490
5564 236136
5565 12205
5566 12207
5567 12209
5568 24412
5569 36613
5570 647296
5571 746966
5572 17698
5573 99652
5574 89818
5575 791760
5576 118216
5577 101522
5578 12258
5579 48801
5580 129084
5581 12208
5582 51267
5583 24403
5584 12207
5585 795640
5586 41308
5587 117468
5588 48515
5589 805481
5590 36317
5591 227609
5592 12205
5593 815689
5594 18307
5595 826259
5596 285348
5597 20804
5598 120635
5599 33545
5600 836942
5601 293202
5602 12209
5603 50874
5604 58451
5605 12207
5606 12212
5607 99980
5608 314643
5609 78514
5610 12204
5611 12208
5612 324258
5613 358023
5614 24387
5615 379056
5616 12195
5617 12207
5618 72171
5619 90032
5620 72387
5621 24407
5622 72746
5623 12205
5624 145901
5625 156970
5626 168255
5627 179641
5628 191093
5629 202613
5630 214193
5631 225839
5632 237562
5633 249327
5634 261159
5635 273081
5636 285053
5637 22996
5638 13390
5639 95634
5640 12207
5641 12202
5642 131236
5643 12207
5644 64853
5645 114601
5646 45822
5647 39225
5648 49394
5649 55115
5650 36599
5651 24400
5652 12197
5653 48776
5654 36587
5655 24397
5656 12201
5657 31599
5658 28453
5659 39000
5660 53831
5661 30109
5662 39777
5663 12207
5664 12207
5665 12205
5666 12209
5667 24414
5668 12207
5669 12201
5670 24396
5671 12203
5672 24406
5673 12209
5674 33610
5675 36554
5676 1385103
5677 492300
5678 1315013
5679 481057
5680 150559
5681 319713
5682 1323467
5683 139192
5684 308348
5685 297188
5686 286117
5687 12204
5688 162629
5689 173850
5690 84375
5691 72192
5692 60007
5693 48004
5694 118975
5695 35999
5696 23990
5697 12204
5698 11986
5699 12097
5700 982596
5701 24390
5702 12200
5703 12203
5704 24391
5705 12204
5706 24406
5707 36605
5708 12201
5709 24398
5710 36594
5711 159016
5712 147907
5713 137368
5714 12194
5715 24400
5716 12201
5717 36600
5718 36600
5719 24403
5720 12204
5721 126474
5722 115192
5723 137860
5724 104363
5725 194590
5726 252333
5727 48803
5728 12207
5729 24408
5730 12204
5731 47891
5732 432528
5733 40928
5734 38505
5735 36775
5736 35416
5737 188023
5738 34658
5739 171530
5740 24409
5741 170405
5742 12206
5743 40434
5744 161224
5745 196556
5746 208337
5747 109681
5748 24408
5749 97507
5750 12205
5751 85330
5752 73147
5753 60962
5754 48771
5755 36582
5756 24391
5757 12194
5758 12208
5759 12204
5760 24408
5761 290119
5762 259165
5763 257330
5764 259405
5765 24401
5766 12197
5767 36600
5768 48764
5769 36572
5770 24384
5771 12195
5772 12205
5773 12204
5774 12207
5775 39027
5776 31640
5777 30010
5778 48809
5779 24408
5780 12210
5781 12207
5782 12207
5783 12186
5784 12208
5785 48726
5786 24363
5787 12184
5788 12186
5789 138187
5790 109337
5791 119126
5792 130801
5793 131029
5794 12206
5795 137442
5796 12150
5797 24325
5798 36495
5799 48662
5800 60825
5801 72984
5802 84970
5803 97133
5804 267100
5805 158052
5806 145911
5807 133769
5808 121621
5809 109470
5810 97314
5811 85156
5812 72995
5813 60834
5814 48671
5815 36506
5816 24339
5817 12169
5818 12205
5819 91206
5820 96634
5821 12203
5822 24406
5823 36604
5824 1648045
5825 1609152
5826 85346
5827 73164
5828 60978
5829 48787
5830 1630663
5831 1577169
5832 36595
5833 24398
5834 12202
5835 21812
5836 27737
5837 12208
5838 24398
5839 12199
5840 36602
5841 24404
5842 12203
5843 26990
5844 35168
5845 16248
5846 33515
5847 20351
5848 45192
5849 48337
5850 56392
5851 25330
5852 78045
5853 48770
5854 17970
5855 66806
5856 77462
5857 12207
5858 130619
5859 274840
5860 548051
5861 175546
5862 24410
5863 12206
5864 12197
5865 24393
5866 12203
5867 85338
5868 60971
5869 36590
5870 12201
5871 18302
5872 12201
5873 25843
5874 38038
5875 12204
5876 12208
5877 49731
5878 22969
5879 36481
5880 24324
5881 12162
5882 12208
5883 345939
5884 27166
5885 12207
5886 37240
5887 305816
5888 305666
5889 274522
5890 12199
5891 128913
5892 12207
5893 59246
5894 12203
5895 12206
5896 101861
5897 930323
5898 12207
5899 39417
5900 12206
5901 48770
5902 36580
5903 24388
5904 12192
5905 36606
5906 24405
5907 12201
5908 12206
5909 219264
5910 226708
5911 234867
5912 243382
5913 12205
5914 12208
5915 24411
5916 12202
5917 36591
5918 12203
5919 73160
5920 12205
5921 24396
5922 12203
5923 279756
5924 170357
5925 85319
5926 133884
5927 24439
5928 61028
5929 12205
5930 109609
5931 12263
5932 12264
5933 36652
5934 48774
5935 48755
5936 12199
5937 36602
5938 24508
5939 24450
5940 12315
5941 12202
5942 12202
5943 24392
5944 12198
5945 12206
5946 809922
5947 908877
5948 915889
5949 155563
5950 166475
5951 177588
5952 188784
5953 387683
5954 691085
5955 376352
5956 313984
5957 108252
5958 365475
5959 356311
5960 214110
5961 129643
5962 205707
5963 48803
5964 110910
5965 36608
5966 12206
5967 24409
5968 24223
5969 185031
5970 12206
5971 94876
5972 18661
5973 24409
5974 12206
5975 91639
5976 73458
5977 21050
5978 55677
5979 147245
5980 26796
5981 48975
5982 12206
5983 48819
5984 184320
5985 183759
5986 12207
5987 24411
5988 12207
5989 12204
5990 1244716
5991 12208
5992 12201
5993 915569
5994 909893
5995 743651
5996 162426
5997 141264
5998 129919
5999 154003
6000 119815
6001 146876
6002 592267
6003 12207
6004 98014
6005 88587
6006 82907
6007 330128
6008 12203
6009 65970
6010 59886
6011 66606
6012 12207
6013 72943
6014 324669
6015 12207
6016 194326
6017 12203
6018 180179
6019 114749
6020 100811
6021 253814
6022 12205
6023 167898
6024 199364
6025 12207
6026 139769
6027 12206
6028 129783
6029 183057
6030 100837
6031 37396
6032 144981
6033 245041
6034 19420
6035 131970
6036 89874
6037 12155
6038 55283
6039 36589
6040 13350
6041 123222
6042 207058
6043 12196
6044 12196
6045 119692
6046 12205
6047 155067
6048 12202
6049 96180
6050 123216
6051 195334
6052 159726
6053 12207
6054 147145
6055 172737
6056 137722
6057 134092
6058 25117
6059 112382
6060 113824
6061 162319
6062 116648
6063 23763
6064 91803
6065 24398
6066 12200
6067 126031
6068 23054
6069 102756
6070 21042
6071 99478
6072 26041
6073 12206
6074 36606
6075 24408
6076 12205
6077 12205
6078 12203
6079 366541
6080 377049
6081 400004
6082 12206
6083 42199
6084 12207
6085 31174
6086 28202
6087 92721
6088 103898
6089 13435
6090 40576
6091 17832
6092 28810
6093 115529
6094 133426
6095 12206
6096 151144
6097 12191
6098 24391
6099 36584
6100 48779
6101 73168
6102 12208
6103 12207
6104 12203
