0 25439
1 30300
2 22100
3 35530
4 41089
5 21555
6 290819
7 23920
8 254688
9 286044
10 248719
11 28898
12 139583
13 103182
14 103233
15 97202
16 30471
17 97125
18 6208
19 60863
20 18305
21 291966
22 48738
23 30461
24 91122
25 12206
26 24477
27 297965
28 54744
29 30538
30 6273
31 18305
32 6105
33 303962
34 24505
35 48769
36 12296
37 34896
38 12207
39 18301
40 30445
41 6235
42 12208
43 12210
44 6106
45 6105
46 6243
47 42575
48 6130
49 36529
50 53383
51 30555
52 6149
53 24408
54 26735
55 18309
56 23230
57 12208
58 22919
59 51416
60 6105
61 56873
62 26606
63 6105
64 62555
65 34812
66 350962
67 68322
68 35216
69 13203
70 18128
71 23399
72 16600
73 29025
74 350992
75 34681
76 22395
77 74233
78 12208
79 52164
80 234240
81 28324
82 124962
83 42400
84 34264
85 232809
86 12208
87 75672
88 60238
89 236157
90 12204
91 146431
92 102870
93 74115
94 84087
95 6105
96 107202
97 18296
98 12203
99 140919
100 6104
101 46111
102 119200
103 18307
104 104793
105 107788
106 12197
107 104149
108 73041
109 119481
110 240574
111 6105
112 30463
113 164780
114 6103
115 24378
116 24152
117 15808
118 229991
119 232121
120 207996
121 235087
122 26794
123 240489
124 204840
125 246026
126 1028878
127 21113
128 884662
129 31120
130 982553
131 841252
132 127943
133 103224
134 896897
135 125082
136 31738
137 12752
138 203918
139 881943
140 97466
141 8204
142 240378
143 20446
144 12208
145 30505
146 843507
147 65310
148 24408
149 24834
150 12207
151 237912
152 6105
153 8860
154 29224
155 6106
156 6105
157 122249
158 172461
159 933728
160 847265
161 260945
162 862685
163 13325
164 138895
165 979777
166 122330
167 131936
168 56942
169 124236
170 34035
171 1112603
172 237628
173 129873
174 130676
175 18207
176 125144
177 6104
178 160577
179 131311
180 128514
181 128091
182 24409
183 234232
184 31063
185 150280
186 184366
187 6105
188 12207
189 132609
190 518850
191 70587
192 6105
193 134816
194 347683
195 6104
196 151233
197 1184872
198 145176
199 50942
200 66000
201 16114
202 18740
203 104909
204 1148941
205 19837
206 1123049
207 150774
208 385108
209 295848
210 69643
211 26079
212 144901
213 74291
214 16483
215 132155
216 24409
217 228340
218 139117
219 71855
220 14021
221 12207
222 9659
223 132990
224 139043
225 6105
226 22556
227 327571
228 110748
229 63513
230 379402
231 6105
232 76416
233 133193
234 127907
235 159225
236 35359
237 40154
238 1754248
239 84317
240 1840126
241 177127
242 1796374
243 1658574
244 171511
245 174858
246 126697
247 13867
248 1657382
249 172363
250 57773
251 7205
252 6101
253 1508539
254 285908
255 95839
256 100842
257 277453
258 846945
259 262144
260 12200
261 1660066
262 57377
263 735552
264 42177
265 6104
266 6101
267 7590
268 39261
269 2384418
270 130249
271 34823
272 11379
273 2406067
274 6105
275 30371
276 774518
277 87436
278 264657
279 6846
280 6105
281 2402333
282 17107
283 125965
284 91739
285 92431
286 11346
287 6927
288 173262
289 26265
290 2564383
291 73091
292 1504814
293 129707
294 789772
295 11399
296 96185
297 92417
298 12208
299 951183
300 14439
301 844350
302 26856
303 96407
304 788432
305 68973
306 1624501
307 16687
308 175023
309 121405
310 6105
311 21334
312 6895
313 799642
314 20387
315 100776
316 65932
317 164964
318 18309
319 824790
320 70742
321 12208
322 6105
323 836466
324 70050
325 15979
326 2189077
327 14357
328 1399353
329 103770
330 55392
331 1123024
332 12205
333 18274
334 214386
335 131076
336 18641
337 229918
338 11414
339 2188233
340 12208
341 840290
342 50353
343 70022
344 6105
345 41186
346 31539
347 842053
348 838335
349 12185
350 10370
351 1255121
352 165288
353 51789
354 6101
355 25761
356 11555
357 10577
358 170171
359 145305
360 104507
361 63627
362 359133
363 291270
364 169706
365 285963
366 106189
367 302216
368 20112
369 326801
370 337130
371 12940
372 217623
373 343227
374 22261
375 6101
376 6098
377 88196
378 8858
379 13816
380 57591
381 346585
382 380534
383 22722
384 124154
385 45873
386 332335
387 13598
388 155539
389 6105
390 322790
391 32230
392 13054
393 110571
394 6105
395 124884
396 509262
397 497878
398 31955
399 87502
400 133872
401 509245
402 129206
403 6105
404 196216
405 28154
406 110227
407 14717
408 147604
409 98909
410 8193
411 124599
412 142883
413 494886
414 120056
415 115834
416 26991
417 12954
418 31784
419 54771
420 12529
421 500122
422 118968
423 109357
424 48698
425 522260
426 36528
427 103286
428 31489
429 28973
430 6105
431 24408
432 69488
433 6095
434 12207
435 169629
436 6105
437 97213
438 6106
439 7035
440 6105
441 38698
442 30446
443 6095
444 91138
445 18267
446 86733
447 6433
448 374731
449 186663
450 6095
451 525789
452 19208
453 6095
454 25588
455 27536
456 17587
457 6103
458 11604
459 30457
460 17369
461 7891
462 22522
463 91047
464 24323
465 59053
466 533646
467 6098
468 36629
469 207504
470 12176
471 11438
472 17338
473 22904
474 28562
475 12253
476 34299
477 9862
478 40244
479 171165
480 11793
481 102216
482 152381
483 19663
484 139377
485 21007
486 22545
487 24190
488 163131
489 141600
490 26021
491 51956
492 352147
493 28228
494 93205
495 31669
496 326324
497 138643
498 36336
499 67539
500 64269
501 383258
502 501401
503 61007
504 55312
505 49625
506 270900
507 149155
508 149443
509 43950
510 30889
511 154156
512 368323
513 38279
514 35683
515 237280
516 284373
517 24850
518 232118
519 73814
520 473759
521 158918
522 39876
523 203408
524 163782
525 19157
526 43878
527 6105
528 130371
529 13819
530 553604
531 25316
532 197758
533 135878
534 110964
535 55102
536 259620
537 273786
538 147865
539 221052
540 192508
541 137465
542 8530
543 278681
544 8465
545 24359
546 283623
547 33487
548 12183
549 12184
550 6092
551 6093
552 13636
553 288591
554 105649
555 415513
556 53853
557 6105
558 98422
559 12208
560 187698
561 116803
562 6105
563 185471
564 54467
565 6093
566 389827
567 27780
568 18309
569 18273
570 18302
571 171110
572 165045
573 6093
574 12208
575 254185
576 6093
577 299294
578 23306
579 6105
580 29518
581 420427
582 182337
583 59823
584 23332
585 23433
586 27580
587 6104
588 6100
589 98913
590 205161
591 59367
592 124550
593 1662236
594 1049702
595 1434469
596 840647
597 1440030
598 12206
599 846980
600 6104
601 690840
602 846072
603 12204
604 48786
605 849352
606 686361
607 946090
608 36596
609 6103
610 277973
611 205754
612 30501
613 6105
614 933844
615 24404
616 112794
617 18306
618 138989
619 129293
620 944113
621 975776
622 12206
623 689582
624 672845
625 192775
626 107207
627 1077060
628 6104
629 488035
630 288583
631 718209
632 24405
633 12205
634 70808
635 14797
636 258079
637 227932
638 6104
639 73746
640 926827
641 12206
642 6104
643 125203
644 288873
645 253950
646 67418
647 6104
648 76367
649 274560
650 924642
651 64465
652 1273519
653 244258
654 61556
655 122148
656 82430
657 1236873
658 58688
659 18290
660 83303
661 243060
662 295459
663 85910
664 12195
665 6098
666 110937
667 710642
668 156329
669 224848
670 55975
671 34010
672 683726
673 254615
674 222276
675 48750
676 12208
677 19115
678 31478
679 31053
680 73211
681 111089
682 372233
683 36415
684 356100
685 70920
686 248051
687 21019
688 25146
689 12206
690 876853
691 137061
692 18294
693 42676
694 12198
695 6104
696 30332
697 240147
698 18213
699 6100
700 18309
701 706537
702 6105
703 279254
704 357119
705 122034
706 216518
707 24248
708 12208
709 6105
710 717442
711 724929
712 604358
713 129149
714 1213495
715 719107
716 403050
717 400796
718 422793
719 345698
720 621919
721 852440
722 829357
723 843609
724 499213
725 498530
726 126020
727 493598
728 347379
729 360004
730 493388
731 512942
732 33205
733 123974
734 367209
735 340414
736 1268809
737 463250
738 6095
739 488633
740 644177
741 343515
742 639603
743 53134
744 363542
745 635094
746 24717
747 889794
748 630608
749 1272372
750 626125
751 458140
752 11970
753 29589
754 952743
755 768739
756 1238730
757 29908
758 47686
759 670032
760 621783
761 487282
762 459914
763 894843
764 462914
765 201434
766 134389
767 251920
768 49268
769 773287
770 493252
771 94131
772 23648
773 618327
774 85961
775 670258
776 94968
777 491423
778 14150
779 21928
780 6105
781 348760
782 625015
783 118999
784 720915
785 670009
786 14478
787 146599
788 928663
789 133695
790 635675
791 11917
792 621775
793 461378
794 115192
795 47372
796 345446
797 250427
798 36487
799 350175
800 111455
801 277773
802 28151
803 511732
804 29674
805 13019
806 733727
807 18292
808 330618
809 625564
810 956445
811 33312
812 19647
813 86125
814 24404
815 242599
816 12205
817 730910
818 6104
819 328413
820 1210438
821 108288
822 12162
823 6105
824 248664
825 126406
826 12198
827 52575
828 6105
829 843722
830 845729
831 2198532
832 851738
833 1765813
834 846360
835 920243
836 993421
837 1337581
838 196378
839 853776
840 980903
841 737360
842 194684
843 189090
844 981548
845 1272122
846 24406
847 522531
848 18307
849 12206
850 6104
851 24036
852 194523
853 329144
854 645336
855 525793
856 976694
857 18310
858 477931
859 18309
860 184575
861 12208
862 195523
863 174273
864 6105
865 36588
866 1294964
867 302670
868 197886
869 982234
870 12208
871 168278
872 1092349
873 6105
874 21315
875 23546
876 30493
877 880197
878 6105
879 783537
880 1246110
881 24396
882 42605
883 25898
884 129036
885 782631
886 268926
887 30130
888 18299
889 1101671
890 733057
891 12201
892 6105
893 268751
894 107379
895 1155616
896 6101
897 1242528
898 121379
899 54842
900 36584
901 185120
902 735284
903 101051
904 236859
905 18302
906 554841
907 24469
908 161267
909 60215
910 95650
911 305387
912 874155
913 115323
914 871773
915 1166559
916 90251
917 21110
918 89112
919 939747
920 32054
921 447759
922 84855
923 16176
924 109314
925 692333
926 50854
927 12201
928 93929
929 24056
930 545646
931 18309
932 48753
933 12208
934 155387
935 65535
936 549168
937 6105
938 773362
939 82675
940 1168266
941 569620
942 773749
943 6105
944 64761
945 12204
946 42671
947 1108960
948 1108973
949 2890834
950 1906375
951 2525674
952 1912328
953 425904
954 176611
955 172977
956 1900116
957 21033
958 164083
959 1619587
960 1902140
961 154652
962 154394
963 312022
964 323077
965 1615373
966 1904402
967 115078
968 6099
969 18164
970 6105
971 124568
972 120929
973 1967999
974 1868694
975 20211
976 36597
977 1499800
978 222612
979 22963
980 30502
981 114059
982 1130358
983 24405
984 218113
985 1583338
986 127007
987 110173
988 91246
989 18306
990 133775
991 127050
992 134588
993 18306
994 12206
995 477074
996 132132
997 73060
998 224273
999 18308
1000 460462
1001 235361
1002 137289
1003 344249
1004 457769
1005 40848
1006 1874369
1007 66981
1008 18308
1009 1851151
1010 12206
1011 60908
1012 6105
1013 1878550
1014 39829
1015 39538
1016 24394
1017 6104
1018 6671
1019 6098
1020 1799247
1021 6104
1022 1876926
1023 12208
1024 113404
1025 132022
1026 18304
1027 1884663
1028 11365
1029 30442
1030 12216
1031 24354
1032 12207
1033 211093
1034 6100
1035 18266
1036 1875619
1037 455475
1038 10862
1039 12188
1040 12207
1041 6119
1042 6105
1043 6128
1044 1125540
1045 180891
1046 221002
1047 6105
1048 12998
1049 224986
1050 4337894
1051 236262
1052 18489
1053 6625
1054 1786032
1055 2461605
1056 6104
1057 2523203
1058 2444783
1059 2243047
1060 217245
1061 29889
1062 148889
1063 454987
1064 2262561
1065 120572
1066 115371
1067 79517
1068 43543
1069 38034
1070 34359
1071 47915
1072 10147
1073 40203
1074 79901
1075 327649
1076 65126
1077 33400
1078 323870
1079 839006
1080 59000
1081 90968
1082 15411
1083 11496
1084 21658
1085 594292
1086 18306
1087 93432
1088 8290
1089 6103
1090 10089
1091 12206
1092 81623
1093 6104
1094 140393
1095 324353
1096 24374
1097 588719
1098 64928
1099 49893
1100 322815
1101 6096
1102 361245
1103 333918
1104 51830
1105 12190
1106 6080
1107 12205
1108 583342
1109 64979
1110 6096
1111 99165
1112 54070
1113 81556
1114 71572
1115 629170
1116 577995
1117 589060
1118 104743
1119 56919
1120 109409
1121 19655
1122 51322
1123 6104
1124 484391
1125 272734
1126 502656
1127 12208
1128 142066
1129 277554
1130 50432
1131 18296
1132 135917
1133 117146
1134 88010
1135 12195
1136 6105
1137 6092
1138 15592
1139 113852
1140 6103
1141 116123
1142 19392
1143 116030
1144 203766
1145 43128
1146 6104
1147 241063
1148 406344
1149 95283
1150 236295
1151 6095
1152 344518
1153 192517
1154 37056
1155 336868
1156 337564
1157 66387
1158 251801
1159 193989
1160 10978
1161 6105
1162 195501
1163 30917
1164 60406
1165 54327
1166 284077
1167 6102
1168 197432
1169 24815
1170 440550
1171 48290
1172 197577
1173 54799
1174 282613
1175 281478
1176 22965
1177 42215
1178 6102
1179 48725
1180 272445
1181 36129
1182 79272
1183 16876
1184 18284
1185 51197
1186 42638
1187 41964
1188 18626
1189 18663
1190 44520
1191 75262
1192 6575
1193 50621
1194 18090
1195 53274
1196 74148
1197 299225
1198 32704
1199 22580
1200 862614
1201 7615
1202 62892
1203 258179
1204 374497
1205 883860
1206 34455
1207 9592
1208 66277
1209 292209
1210 71366
1211 6105
1212 885606
1213 897444
1214 76500
1215 35533
1216 898733
1217 48015
1218 260059
1219 37074
1220 3959646
1221 81699
1222 602225
1223 3948735
1224 388729
1225 4116415
1226 3950308
1227 47319
1228 4096830
1229 1184285
1230 184017
1231 41725
1232 421369
1233 3951922
1234 1214941
1235 186379
1236 328048
1237 162443
1238 423024
1239 4076601
1240 455073
1241 165379
1242 149812
1243 149496
1244 6104
1245 359717
1246 26799
1247 4056273
1248 161386
1249 153761
1250 149344
1251 36183
1252 53792
1253 36196
1254 452274
1255 149251
1256 4073437
1257 32480
1258 1014672
1259 38442
1260 17120
1261 456728
1262 154912
1263 3064606
1264 867022
1265 18590
1266 1808850
1267 359866
1268 158653
1269 33141
1270 3460103
1271 16938
1272 1782939
1273 35251
1274 1575541
1275 1403524
1276 124928
1277 166499
1278 401084
1279 808822
1280 16892
1281 134872
1282 17673
1283 33742
1284 392161
1285 3081829
1286 870270
1287 2666814
1288 70976
1289 35176
1290 471654
1291 247919
1292 2978524
1293 1557488
1294 371948
1295 65107
1296 354920
1297 337180
1298 1993224
1299 32612
1300 16779
1301 689780
1302 28558
1303 331911
1304 9333
1305 333316
1306 9416
1307 633895
1308 8116
1309 307254
1310 7339
1311 30797
1312 1231070
1313 375849
1314 10196
1315 305959
1316 27464
1317 848625
1318 371358
1319 615835
1320 367480
1321 25411
1322 297143
1323 616765
1324 845155
1325 364704
1326 292576
1327 27590
1328 652563
1329 25879
1330 841400
1331 20519
1332 18789
1333 53142
1334 362512
1335 22565
1336 833212
1337 6103
1338 19318
1339 823034
1340 24481
1341 360413
1342 15305
1343 819658
1344 37944
1345 20265
1346 358493
1347 22158
1348 653040
1349 414032
1350 12203
1351 483777
1352 6102
1353 238269
1354 204689
1355 38595
1356 816912
1357 46733
1358 151064
1359 356821
1360 15782
1361 40668
1362 814822
1363 18309
1364 196086
1365 6104
1366 71900
1367 12208
1368 155235
1369 812778
1370 187528
1371 148625
1372 814836
1373 6105
1374 14374
1375 52483
1376 6105
1377 50342
1378 12199
1379 350649
1380 355379
1381 86508
1382 187504
1383 38086
1384 191897
1385 354620
1386 48430
1387 804965
1388 521761
1389 36901
1390 6101
1391 35517
1392 59942
1393 1108518
1394 116012
1395 40190
1396 6097
1397 12207
1398 318888
1399 10936
1400 258310
1401 880500
1402 500433
1403 907600
1404 315432
1405 324262
1406 12208
1407 105268
1408 579960
1409 87280
1410 571901
1411 6105
1412 88700
1413 6104
1414 85331
1415 942174
1416 19035
1417 312439
1418 84212
1419 67381
1420 570218
1421 36593
1422 6103
1423 18301
1424 12204
1425 6103
1426 42679
1427 6103
1428 202612
1429 185445
1430 210076
1431 165286
1432 38845
1433 15783
1434 9685
1435 6101
1436 165152
1437 35842
1438 18294
1439 6099
1440 6100
1441 33975
1442 48494
1443 376727
1444 76903
1445 79246
1446 371947
1447 88554
1448 512221
1449 31579
1450 367117
1451 530365
1452 18261
1453 12175
1454 6102
1455 530572
1456 6088
1457 18297
1458 423719
1459 377263
1460 545816
1461 385518
1462 538703
1463 30476
1464 12200
1465 391758
1466 24382
1467 278574
1468 67040
1469 18287
1470 48778
1471 393216
1472 12192
1473 30494
1474 6097
1475 6104
1476 274463
1477 6101
1478 12204
1479 12205
1480 661782
1481 6103
1482 24398
1483 6103
1484 18301
1485 12202
1486 271060
1487 764485
1488 6102
1489 316848
1490 540473
1491 310153
1492 275779
1493 346091
1494 12208
1495 6105
1496 677488
1497 336940
1498 299381
1499 332794
1500 319988
1501 52769
1502 24392
1503 259844
1504 53768
1505 6105
1506 317038
1507 127859
1508 18295
1509 342102
1510 159825
1511 257980
1512 12207
1513 250065
1514 338563
1515 12195
1516 335173
1517 67029
1518 55861
1519 6104
1520 331196
1521 300054
1522 348584
1523 60948
1524 59040
1525 258885
1526 54883
1527 36562
1528 6104
1529 12205
1530 36958
1531 6103
1532 6095
1533 68485
1534 333726
1535 38433
1536 263318
1537 7187
1538 6102
1539 60765
1540 18242
1541 12163
1542 24317
1543 6081
1544 66823
1545 12165
1546 72905
1547 6082
1548 6083
1549 91253
1550 12436
1551 12161
1552 6357
1553 6338
1554 6081
1555 12381
1556 18426
1557 2638063
1558 2187895
1559 2095379
1560 1097415
1561 1002045
1562 2437236
1563 100202
1564 1097695
1565 2486287
1566 53317
1567 1098676
1568 97878
1569 2512196
1570 1021391
1571 1124798
1572 2465347
1573 2435263
1574 6103
1575 97132
1576 24065
1577 1073484
1578 2443415
1579 25396
1580 2808692
1581 2795357
1582 1021203
1583 19937
1584 2795571
1585 97996
1586 52317
1587 38515
1588 1077721
1589 61252
1590 112739
1591 52092
1592 2313724
1593 27862
1594 19891
1595 28636
1596 51937
1597 484436
1598 2312135
1599 17002
1600 54708
1601 1407617
1602 26044
1603 9079
1604 67771
1605 12942
1606 483576
1607 39061
1608 2312149
1609 28231
1610 1000878
1611 62710
1612 39256
1613 484567
1614 60529
1615 8033
1616 47332
1617 19116
1618 59123
1619 24156
1620 2382763
1621 804720
1622 35255
1623 2375838
1624 27177
1625 39208
1626 871625
1627 98704
1628 94282
1629 98352
1630 329006
1631 1350394
1632 18301
1633 9226
1634 77933
1635 394232
1636 411614
1637 475224
1638 31211
1639 306861
1640 18306
1641 121392
1642 1001018
1643 58607
1644 473912
1645 120897
1646 314182
1647 324438
1648 1135291
1649 80877
1650 17723
1651 2551844
1652 101880
1653 17895
1654 2545290
1655 789084
1656 306721
1657 1299149
1658 13841
1659 788277
1660 324425
1661 273873
1662 12996
1663 14813
1664 857425
1665 2618291
1666 759570
1667 20405
1668 317803
1669 473889
1670 1119774
1671 315565
1672 278412
1673 754490
1674 85304
1675 94382
1676 93678
1677 610295
1678 516347
1679 22047
1680 44101
1681 507085
1682 506750
1683 534741
1684 15821
1685 659353
1686 13354
1687 11624
1688 61165
1689 19917
1690 19030
1691 72452
1692 594095
1693 12205
1694 516792
1695 118504
1696 536265
1697 536383
1698 58486
1699 165545
1700 580733
1701 21540
1702 548401
1703 21101
1704 127925
1705 76427
1706 1873550
1707 1941960
1708 6103
1709 1295886
1710 761592
1711 164546
1712 6099
1713 25637
1714 19226
1715 1265860
1716 50928
1717 126898
1718 719845
1719 32675
1720 24379
1721 18284
1722 12187
1723 6089
1724 714137
1725 13667
1726 17435
1727 940428
1728 667908
1729 936064
1730 255285
1731 265367
1732 664298
1733 658021
1734 1005013
1735 22783
1736 1418806
1737 25076
1738 17382
1739 409550
1740 16160
1741 846087
1742 318603
1743 470849
1744 961398
1745 832164
1746 944930
1747 25881
1748 308811
1749 89196
1750 12076
1751 21144
1752 12086
1753 13475
1754 639025
1755 829761
1756 642004
1757 7922
1758 1034463
1759 1590254
1760 18112
1761 1035765
1762 750209
1763 1323545
1764 281205
1765 324679
1766 9945
1767 998786
1768 752029
1769 268667
1770 644647
1771 996868
1772 112165
1773 1003568
1774 46365
1775 268041
1776 647889
1777 80951
1778 999811
1779 634971
1780 52626
1781 1002872
1782 42258
1783 275173
1784 108917
1785 336120
1786 632087
1787 19875
1788 38206
1789 341293
1790 987381
1791 9285
1792 34255
1793 241820
1794 65405
1795 6099
1796 23399
1797 201271
1798 62480
1799 231924
1800 27190
1801 231612
1802 338763
1803 967048
1804 226714
1805 289425
1806 736359
1807 222444
1808 279335
1809 841423
1810 730930
1811 217614
1812 725962
1813 709246
1814 37283
1815 6104
1816 500345
1817 18289
1818 506686
1819 221283
1820 202655
1821 12194
1822 966998
1823 706870
1824 6097
1825 827870
1826 12201
1827 197055
1828 29389
1829 6101
1830 22432
1831 1008186
1832 512134
1833 496882
1834 676325
1835 1033010
1836 38375
1837 849706
1838 30507
1839 676222
1840 266849
1841 10206
1842 6527
1843 17635
1844 6116
1845 18307
1846 193953
1847 251324
1848 12207
1849 869322
1850 660930
1851 666315
1852 123628
1853 6104
1854 31039
1855 7154
1856 18100
1857 65912
1858 673912
1859 6104
1860 18285
1861 117949
1862 12166
1863 17351
1864 249084
1865 681538
1866 12191
1867 873960
1868 112454
1869 495432
1870 1028183
1871 18758
1872 241335
1873 18204
1874 8444
1875 647482
1876 1128942
1877 7675
1878 107182
1879 12215
1880 6084
1881 700567
1882 13910
1883 18306
1884 6105
1885 6096
1886 14256
1887 40110
1888 12206
1889 660496
1890 16755
1891 905715
1892 12206
1893 42664
1894 107694
1895 489263
1896 90789
1897 194772
1898 22072
1899 13887
1900 6104
1901 43680
1902 46092
1903 703262
1904 38110
1905 18306
1906 66971
1907 12205
1908 12752
1909 39038
1910 6103
1911 72042
1912 57236
1913 17464
1914 16153
1915 45931
1916 30496
1917 6099
1918 64477
1919 24400
1920 46509
1921 85049
1922 61978
1923 18301
1924 97880
1925 12204
1926 23793
1927 25063
1928 6104
1929 41476
1930 79195
1931 6102
1932 23293
1933 12201
1934 115868
1935 11234
1936 36486
1937 6103
1938 12208
1939 6101
1940 87220
1941 27681
1942 37358
1943 104359
1944 87454
1945 29259
1946 6105
1947 90211
1948 31942
1949 6104
1950 20265
1951 6103
1952 6104
1953 454566
1954 14657
1955 118330
1956 96169
1957 83587
1958 9261
1959 114209
1960 80543
1961 404587
1962 117541
1963 42671
1964 49257
1965 78259
1966 36579
1967 81857
1968 30485
1969 74306
1970 477549
1971 52816
1972 70461
1973 482109
1974 176047
1975 335485
1976 69526
1977 55019
1978 39253
1979 31193
1980 99275
1981 670027
1982 57104
1983 24389
1984 21957
1985 82076
1986 18294
1987 25816
1988 86582
1989 12197
1990 31823
1991 30506
1992 6099
1993 32418
1994 12205
1995 30123
1996 46776
1997 12207
1998 19171
1999 110299
2000 58670
2001 60759
2002 45279
2003 37149
2004 671614
2005 6101
2006 18309
2007 42691
2008 207315
2009 666342
2010 6104
2011 114342
2012 6196
2013 6104
2014 32990
2015 36556
2016 273664
2017 6098
2018 216379
2019 12205
2020 6105
2021 6105
2022 31715
2023 24398
2024 6105
2025 439118
2026 24393
2027 279730
2028 67163
2029 186640
2030 152350
2031 41930
2032 16083
2033 1198167
2034 1032169
2035 79528
2036 178573
2037 1029196
2038 10796
2039 3339009
2040 62533
2041 91525
2042 134391
2043 71507
2044 56988
2045 188131
2046 71381
2047 2217015
2048 131329
2049 66480
2050 19161
2051 1135123
2052 79792
2053 63973
2054 78025
2055 3367008
2056 59441
2057 2207141
2058 47700
2059 54936
2060 14098
2061 48490
2062 20078
2063 42275
2064 2233682
2065 411617
2066 68970
2067 51600
2068 382306
2069 2179891
2070 63122
2071 40709
2072 2195280
2073 2970463
2074 47277
2075 172306
2076 17977
2077 9416
2078 439952
2079 25375
2080 18303
2081 98980
2082 36531
2083 44582
2084 59559
2085 1070163
2086 12202
2087 13326
2088 12024
2089 23302
2090 43813
2091 47235
2092 139245
2093 42233
2094 158135
2095 89240
2096 1182653
2097 28690
2098 6100
2099 142765
2100 100495
2101 155892
2102 87081
2103 165102
2104 20507
2105 24404
2106 47755
2107 84955
2108 117382
2109 12204
2110 163183
2111 6105
2112 9459
2113 158961
2114 122190
2115 6105
2116 71460
2117 47787
2118 18231
2119 42104
2120 197764
2121 170307
2122 53058
2123 6105
2124 48534
2125 26731
2126 335127
2127 9488
2128 167863
2129 10178
2130 32136
2131 36025
2132 177044
2133 19144
2134 1530573
2135 46044
2136 175725
2137 172073
2138 1504600
2139 1547097
2140 308891
2141 18305
2142 1139974
2143 27548
2144 169080
2145 1127229
2146 282085
2147 740872
2148 318917
2149 780966
2150 314835
2151 62679
2152 371628
2153 57322
2154 218782
2155 674038
2156 53208
2157 825895
2158 217340
2159 221595
2160 668825
2161 43940
2162 201249
2163 708200
2164 13494
2165 45689
2166 938614
2167 65182
2168 7409
2169 6101
2170 24399
2171 18265
2172 6104
2173 224372
2174 12179
2175 12197
2176 6107
2177 6103
2178 99439
2179 33342
2180 514590
2181 116265
2182 151395
2183 6090
2184 6815
2185 192635
2186 114295
2187 508947
2188 12204
2189 42029
2190 128591
2191 41152
2192 34859
2193 152473
2194 6104
2195 503342
2196 975023
2197 123762
2198 196711
2199 56061
2200 201014
2201 497768
2202 18300
2203 210531
2204 1033864
2205 6101
2206 6105
2207 40245
2208 12200
2209 108491
2210 6101
2211 266579
2212 6100
2213 17734
2214 6100
2215 45877
2216 492675
2217 6102
2218 268051
2219 60501
2220 6104
2221 185028
2222 272775
2223 268970
2224 55799
2225 277531
2226 35299
2227 52158
2228 6099
2229 966471
2230 6105
2231 99764
2232 282332
2233 34050
2234 123262
2235 49940
2236 6105
2237 66049
2238 28355
2239 84868
2240 90562
2241 6100
2242 128643
2243 287182
2244 252120
2245 6103
2246 44145
2247 6103
2248 6100
2249 111675
2250 87169
2251 246299
2252 19662
2253 40321
2254 52836
2255 24403
2256 292065
2257 6098
2258 120676
2259 302468
2260 61134
2261 6101
2262 12202
2263 240633
2264 6105
2265 117973
2266 10173
2267 9176
2268 10183
2269 16130
2270 97516
2271 122874
2272 119230
2273 9146
2274 105674
2275 28174
2276 91459
2277 20012
2278 34428
2279 85400
2280 249554
2281 54847
2282 79345
2283 40340
2284 124647
2285 45574
2286 28498
2287 48761
2288 39633
2289 16771
2290 295466
2291 14597
2292 37188
2293 38509
2294 301160
2295 42672
2296 101271
2297 33659
2298 18309
2299 47774
2300 50749
2301 36582
2302 105399
2303 111272
2304 12207
2305 117146
2306 307030
2307 97440
2308 30490
2309 73296
2310 6105
2311 312918
2312 89939
2313 86171
2314 318805
2315 82830
2316 67250
2317 94451
2318 13320
2319 61202
2320 55151
2321 54702
2322 99694
2323 24396
2324 153317
2325 158621
2326 30884
2327 24809
2328 164498
2329 18300
2330 48617
2331 18739
2332 324716
2333 34612
2334 129323
2335 49369
2336 170376
2337 42684
2338 36444
2339 42545
2340 330665
2341 12675
2342 477824
2343 24379
2344 399654
2345 12187
2346 24396
2347 232031
2348 134746
2349 403327
2350 6097
2351 204884
2352 6097
2353 407738
2354 7095
2355 30456
2356 176264
2357 36591
2358 102804
2359 412647
2360 18299
2361 417640
2362 36470
2363 11596
2364 24367
2365 140622
2366 100151
2367 96873
2368 18276
2369 185956
2370 30497
2371 6094
2372 12200
2373 6093
2374 6764
2375 16838
2376 93676
2377 66640
2378 416972
2379 195710
2380 6101
2381 30394
2382 24316
2383 47963
2384 54041
2385 29747
2386 6104
2387 6104
2388 18295
2389 60064
2390 66048
2391 18368
2392 18585
2393 96510
2394 24651
2395 24422
2396 12208
2397 37372
2398 6102
2399 6171
2400 43438
2401 18284
2402 12229
2403 36511
2404 155504
2405 18307
2406 67552
2407 12207
2408 6103
2409 16715
2410 53802
2411 6105
2412 12213
2413 42533
2414 61374
2415 161440
2416 75373
2417 6101
2418 49245
2419 173517
2420 55307
2421 70946
2422 75256
2423 81258
2424 6105
2425 4465464
2426 4447020
2427 87260
2428 66130
2429 4512872
2430 4516396
2431 60764
2432 4509212
2433 55616
2434 4519682
2435 4373472
2436 4334358
2437 18288
2438 26690
2439 3017751
2440 17326
2441 198197
2442 24775
2443 3024690
2444 30838
2445 4365523
2446 4328610
2447 197304
2448 2956171
2449 26081
2450 2955951
2451 41686
2452 16776
2453 4319665
2454 196789
2455 78223
2456 15868
2457 4190896
2458 36327
2459 18770
2460 34693
2461 197292
2462 2272154
2463 690477
2464 26048
2465 9824
2466 198610
2467 33133
2468 33464
2469 133310
2470 6950
2471 854304
2472 34522
2473 2517340
2474 169523
2475 2356477
2476 8242
2477 128075
2478 620302
2479 1112872
2480 1409351
2481 169669
2482 38205
2483 648116
2484 426350
2485 123241
2486 1415866
2487 343939
2488 119033
2489 231344
2490 24405
2491 18793
2492 115042
2493 233122
2494 81443
2495 1000322
2496 847364
2497 251764
2498 1381742
2499 111769
2500 364279
2501 330589
2502 82727
2503 320134
2504 77551
2505 18301
2506 12203
2507 348543
2508 6103
2509 27476
2510 24454
2511 48769
2512 42675
2513 26292
2514 336701
2515 692785
2516 17686
2517 12999
2518 340550
2519 13728
2520 6101
2521 334367
2522 36586
2523 19504
2524 698056
2525 18298
2526 328973
2527 12200
2528 12202
2529 6105
2530 6103
2531 6102
2532 312951
2533 324282
2534 347134
2535 310475
2536 60959
2537 304807
2538 299354
2539 315354
2540 61389
2541 42373
2542 290175
2543 26829
2544 40204
2545 31960
2546 39221
2547 290823
2548 178812
2549 38333
2550 178796
2551 163026
2552 128975
2553 78907
2554 73238
2555 124573
2556 53829
2557 146259
2558 156978
2559 133947
2560 39200
2561 43424
2562 20546
2563 151072
2564 150928
2565 121439
2566 49425
2567 128228
2568 54649
2569 182097
2570 12204
2571 40093
2572 43930
2573 144878
2574 64185
2575 18300
2576 59912
2577 7676
2578 714159
2579 221798
2580 136363
2581 11531
2582 6102
2583 703500
2584 138825
2585 12201
2586 146390
2587 662563
2588 720173
2589 145737
2590 162332
2591 132770
2592 12200
2593 6101
2594 6101
2595 741775
2596 143473
2597 126713
2598 663695
2599 18298
2600 12192
2601 12200
2602 151745
2603 6101
2604 416021
2605 745887
2606 120655
2607 519141
2608 947959
2609 153790
2610 145799
2611 1071688
2612 114597
2613 158846
2614 6096
2615 817962
2616 807329
2617 108536
2618 11511
2619 239377
2620 234902
2621 231638
2622 231283
2623 6090
2624 18265
2625 6090
2626 24352
2627 36528
2628 48697
2629 6095
2630 6096
2631 116735
2632 107653
2633 105815
2634 12191
2635 6095
2636 23587
2637 6102
2638 11400
2639 12214
2640 6103
2641 36511
2642 30487
2643 6173
2644 24370
2645 12240
2646 12185
2647 6096
2648 18305
2649 6094
2650 6104
2651 18307
2652 6104
2653 30471
2654 24382
2655 18294
2656 12205
2657 6122
2658 6128
2659 12219
2660 18310
2661 24402
2662 6103
2663 12204
2664 6103
2665 6105
2666 6019
2667 12038
2668 24073
2669 6022
2670 36101
2671 6022
2672 42108
2673 48117
2674 54127
2675 60135
2676 66141
2677 72149
2678 78216
2679 84280
2680 90345
2681 96410
2682 102474
2683 6103
2684 6105
2685 107405
2686 145817
2687 36577
2688 30483
2689 148685
2690 24390
2691 18296
2692 6101
2693 6101
2694 154146
2695 57873
2696 62211
2697 42631
2698 11130
2699 6112
2700 6099
2701 12199
2702 347215
2703 339106
2704 341792
2705 6098
2706 666958
2707 671430
2708 662493
2709 658088
2710 653768
2711 649530
2712 691575
2713 390437
2714 385934
2715 343641
2716 676225
2717 385724
2718 333813
2719 6103
2720 17207
2721 315146
2722 12689
2723 14345
2724 681406
2725 8782
2726 30500
2727 392212
2728 8231
2729 686665
2730 301744
2731 24404
2732 18306
2733 12206
2734 6104
2735 691983
2736 757013
2737 187645
2738 247416
2739 741217
2740 183206
2741 54868
2742 165738
2743 746151
2744 48780
2745 82484
2746 42690
2747 199625
2748 9468
2749 784399
2750 178825
2751 28660
2752 174504
2753 19749
2754 6104
2755 36597
2756 158554
2757 170186
2758 29462
2759 6102
2760 33764
2761 179895
2762 795546
2763 155882
2764 30503
2765 131394
2766 6102
2767 74719
2768 800772
2769 6104
2770 171890
2771 152640
2772 147729
2773 6103
2774 150099
2775 1047834
2776 6103
2777 27973
2778 42421
2779 143899
2780 24404
2781 31387
2782 24406
2783 18308
2784 6104
2785 12206
2786 6104
2787 120817
2788 6105
2789 6104
2790 6103
2791 6103
2792 17188
2793 30480
2794 251655
2795 123488
2796 72507
2797 114681
2798 146170
2799 6104
2800 18307
2801 6103
2802 30075
2803 6105
2804 6104
2805 6104
2806 153145
2807 250632
2808 104131
2809 6104
2810 64252
2811 78900
2812 1049974
2813 23987
2814 18292
2815 244389
2816 110595
2817 107787
2818 149858
2819 12197
2820 6104
2821 6099
2822 12206
2823 6099
2824 48660
2825 6089
2826 85101
2827 36502
2828 30423
2829 24342
2830 18259
2831 12174
2832 6088
2833 30423
2834 24342
2835 18259
2836 12173
2837 6088
2838 70901
2839 86205
2840 85984
2841 20308
2842 14232
2843 90493
2844 8171
2845 20352
2846 7310
2847 12205
2848 95096
2849 6103
2850 45557
2851 11729
2852 43543
2853 30732
2854 24655
2855 43368
2856 18894
2857 33872
2858 35365
2859 6104
2860 71160
2861 13604
2862 48963
2863 65118
2864 87574
2865 12328
2866 18293
2867 12197
2868 6100
2869 84836
2870 89331
2871 92596
2872 24405
2873 6105
2874 12205
2875 6105
2876 6105
2877 110812
2878 100049
2879 6105
2880 6105
2881 45366
2882 87763
2883 6104
2884 54790
2885 18304
2886 20004
2887 6103
2888 6104
2889 24399
2890 12202
2891 6103
2892 6104
2893 15717
2894 110825
2895 6104
2896 6105
2897 6102
2898 12203
2899 36595
2900 42681
2901 18304
2902 48771
2903 12205
2904 54858
2905 6103
2906 91384
2907 97413
2908 30495
2909 24400
2910 18302
2911 12203
2912 6102
2913 24373
2914 12167
2915 6116
2916 6096
2917 54830
2918 61210
2919 24388
2920 12197
2921 6099
2922 6099
2923 6083
2924 6104
2925 187465
2926 335885
2927 189613
2928 33253
2929 164733
2930 287896
2931 1354817
2932 1371643
2933 286503
2934 159575
2935 30067
2936 1368428
2937 154962
2938 364029
2939 1173218
2940 26110
2941 1371071
2942 39777
2943 1266430
2944 39950
2945 239700
2946 212074
2947 40829
2948 93020
2949 1181165
2950 16684
2951 72966
2952 1373714
2953 207550
2954 156153
2955 11537
2956 6104
2957 8120
2958 1376373
2959 18304
2960 66891
2961 10713
2962 1379046
2963 12205
2964 169905
2965 1277804
2966 242229
2967 60825
2968 6104
2969 88073
2970 212359
2971 134424
2972 12207
2973 138748
2974 123953
2975 85295
2976 143576
2977 6091
2978 139791
2979 116294
2980 6104
2981 556268
2982 96476
2983 128677
2984 122124
2985 129404
2986 516507
2987 12207
2988 114709
2989 918270
2990 104698
2991 48669
2992 6104
2993 47393
2994 42599
2995 75391
2996 23150
2997 6102
2998 45803
2999 42953
3000 18801
3001 916316
3002 12180
3003 24349
3004 6091
3005 116836
3006 26803
3007 38625
3008 6090
3009 12178
3010 591081
3011 20718
3012 6090
3013 14504
3014 12178
3015 14638
3016 355428
3017 247352
3018 6089
3019 10076
3020 41471
3021 107537
3022 10321
3023 23139
3024 7646
3025 19715
3026 897208
3027 9777
3028 12269
3029 345704
3030 37276
3031 16814
3032 40998
3033 8579
3034 249444
3035 340692
3036 37850
3037 891530
3038 129242
3039 219561
3040 42353
3041 32253
3042 35026
3043 6102
3044 47666
3045 52882
3046 36718
3047 25514
3048 6103
3049 20750
3050 12204
3051 6101
3052 96659
3053 110315
3054 12162
3055 6082
3056 6101
3057 6105
3058 37027
3059 24889
3060 6104
3061 12751
3062 6104
3063 12287
3064 6103
3065 6104
3066 6102
3067 6104
3068 33732
3069 48393
3070 32232
3071 44029
3072 221445
3073 49732
3074 6103
3075 33235
3076 175028
3077 141214
3078 95699
3079 271505
3080 36730
3081 137466
3082 54908
3083 33350
3084 61599
3085 269174
3086 12205
3087 169477
3088 287505
3089 136185
3090 202291
3091 60928
3092 39145
3093 205056
3094 44880
3095 289102
3096 138679
3097 19405
3098 12207
3099 6103
3100 75652
3101 58846
3102 73744
3103 6099
3104 100028
3105 293713
3106 208258
3107 6105
3108 12330
3109 211895
3110 54858
3111 648645
3112 6105
3113 215646
3114 143862
3115 587081
3116 1758724
3117 6233
3118 8612
3119 18297
3120 1875995
3121 14498
3122 1730482
3123 1152221
3124 30488
3125 20394
3126 1921606
3127 12206
3128 12199
3129 582025
3130 2495115
3131 1147003
3132 6103
3133 2089587
3134 1028415
3135 1135723
3136 6100
3137 1130567
3138 1026150
3139 1119491
3140 24394
3141 6104
3142 6093
3143 18298
3144 6100
3145 1114337
3146 2101979
3147 96881
3148 1115034
3149 100868
3150 1045606
3151 66283
3152 112695
3153 12200
3154 13089
3155 20942
3156 903103
3157 175866
3158 12881
3159 2104072
3160 45381
3161 186079
3162 69045
3163 900260
3164 61031
3165 158125
3166 24395
3167 6103
3168 880433
3169 6103
3170 18294
3171 12199
3172 56056
3173 155079
3174 6101
3175 50708
3176 39794
3177 57831
3178 12193
3179 41447
3180 160254
3181 912595
3182 162669
3183 6100
3184 166340
3185 6101
3186 178809
3187 170073
3188 6101
3189 6101
3190 18301
3191 6102
3192 875969
3193 829070
3194 886065
3195 24395
3196 18298
3197 6102
3198 823409
3199 12200
3200 6101
3201 818900
3202 783913
3203 778267
3204 772633
3205 30477
3206 24382
3207 18289
3208 767231
3209 12195
3210 6098
3211 762139
3212 757231
3213 775308
3214 413771
3215 379779
3216 373833
3217 409233
3218 367893
3219 404996
3220 362821
3221 73089
3222 67008
3223 401023
3224 284661
3225 60926
3226 278715
3227 397219
3228 54847
3229 272779
3230 426587
3231 266842
3232 387271
3233 337910
3234 260907
3235 83286
3236 42657
3237 266595
3238 254975
3239 6111
3240 36567
3241 262783
3242 249044
3243 86742
3244 30476
3245 243114
3246 77221
3247 237185
3248 231257
3249 225329
3250 219404
3251 24383
3252 213482
3253 207559
3254 201635
3255 195711
3256 88153
3257 80822
3258 189787
3259 18291
3260 183866
3261 74920
3262 71161
3263 12200
3264 65099
3265 178604
3266 6109
3267 174031
3268 69021
3269 169514
3270 165070
3271 63128
3272 84764
3273 59056
3274 82058
3275 57253
3276 51394
3277 160889
3278 156965
3279 150194
3280 45539
3281 153173
3282 39688
3283 163307
3284 33839
3285 27990
3286 150314
3287 53045
3288 101955
3289 95999
3290 144372
3291 138438
3292 47049
3293 132508
3294 126586
3295 91066
3296 87173
3297 120668
3298 114750
3299 108831
3300 102911
3301 96992
3302 41092
3303 35173
3304 29257
3305 23340
3306 83533
3307 6103
3308 85109
3309 66140
3310 75033
3311 61811
3312 66161
3313 6105
3314 18132
3315 12088
3316 6042
3317 36267
3318 12095
3319 6049
3320 34814
3321 43502
3322 34645
3323 6102
3324 2113633
3325 6103
3326 6104
3327 18308
3328 6104
3329 6103
3330 7806
3331 59004
3332 64167
3333 54585
3334 52239
3335 6102
3336 55001
3337 12206
3338 6104
3339 7647
3340 13745
3341 896122
3342 881071
3343 876737
3344 885379
3345 85205
3346 79154
3347 18258
3348 808865
3349 804703
3350 6080
3351 54858
3352 6080
3353 24392
3354 24394
3355 6105
3356 12193
3357 6100
3358 18298
3359 12200
3360 6101
3361 789522
3362 808139
3363 55814
3364 799201
3365 20361
3366 17000
3367 29773
3368 34879
3369 68816
3370 23855
3371 19184
3372 24403
3373 13882
3374 18531
3375 14059
3376 10717
3377 11561
3378 6105
3379 795805
3380 9485
3381 15514
3382 24038
3383 56933
3384 14502
3385 44012
3386 17927
3387 124652
3388 688392
3389 48782
3390 118518
3391 42696
3392 51200
3393 6105
3394 30506
3395 641179
3396 79302
3397 75550
3398 574542
3399 18308
3400 48375
3401 6105
3402 18305
3403 6105
3404 11274
3405 6103
3406 6104
3407 6103
3408 12201
3409 33740
3410 63122
3411 73042
3412 6101
3413 569472
3414 6105
3415 13422
3416 31465
3417 81239
3418 565168
3419 12206
3420 28203
3421 6104
3422 838570
3423 12207
3424 638037
3425 631793
3426 6104
3427 359077
3428 716045
3429 203004
3430 99604
3431 316686
3432 711537
3433 297565
3434 583055
3435 100808
3436 18302
3437 105371
3438 710996
3439 543614
3440 9896
3441 578479
3442 90781
3443 10354
3444 12202
3445 6099
3446 285501
3447 13307
3448 704309
3449 2447166
3450 2239144
3451 2235837
3452 322443
3453 18296
3454 304654
3455 30471
3456 297528
3457 24377
3458 18282
3459 12199
3460 12185
3461 6100
3462 249333
3463 6090
3464 67455
3465 87027
3466 68385
3467 38818
3468 66648
3469 32842
3470 65343
3471 67798
3472 245183
3473 73761
3474 48562
3475 193659
3476 44831
3477 26907
3478 41288
3479 188463
3480 42657
3481 90970
3482 47116
3483 21011
3484 30477
3485 516786
3486 24384
3487 363150
3488 36567
3489 18291
3490 12195
3491 30475
3492 6100
3493 24382
3494 171339
3495 365099
3496 6098
3497 368120
3498 368126
3499 8928
3500 373764
3501 18286
3502 12235
3503 342775
3504 12193
3505 15860
3506 6097
3507 218879
3508 215411
3509 212803
3510 147589
3511 174391
3512 102188
3513 22796
3514 97908
3515 112523
3516 23750
3517 94499
3518 20540
3519 178047
3520 100631
3521 494499
3522 390188
3523 22745
3524 94438
3525 392431
3526 17583
3527 182927
3528 463971
3529 682910
3530 600567
3531 395072
3532 402671
3533 322945
3534 397500
3535 467168
3536 437745
3537 12793
3538 75664
3539 226347
3540 109299
3541 642343
3542 400865
3543 201197
3544 102133
3545 456979
3546 451730
3547 104261
3548 404801
3549 632906
3550 16489
3551 292033
3552 7035
3553 71834
3554 337810
3555 209590
3556 19204
3557 42609
3558 23375
3559 96911
3560 26568
3561 14812
3562 91932
3563 64252
3564 19734
3565 87101
3566 11273
3567 220375
3568 682631
3569 6103
3570 18303
3571 75372
3572 12203
3573 55513
3574 6102
3575 80707
3576 86403
3577 92329
3578 218277
3579 65397
3580 229150
3581 10665
3582 121218
3583 230538
3584 54849
3585 116403
3586 219389
3587 23253
3588 18497
3589 88945
3590 214148
3591 13863
3592 82912
3593 48761
3594 25707
3595 9383
3596 31359
3597 76949
3598 42671
3599 38310
3600 36579
3601 44873
3602 30486
3603 71066
3604 61308
3605 24392
3606 65436
3607 91471
3608 12809
3609 18295
3610 6739
3611 41685
3612 97323
3613 139261
3614 24400
3615 12276
3616 18301
3617 6471
3618 6207
3619 12201
3620 12007
3621 12207
3622 6100
3623 212683
3624 17794
3625 47644
3626 75733
3627 24401
3628 29948
3629 23833
3630 128712
3631 238937
3632 87977
3633 35965
3634 198451
3635 18302
3636 193008
3637 238121
3638 89517
3639 335508
3640 338874
3641 93659
3642 260039
3643 75595
3644 11517
3645 242623
3646 14974
3647 11805
3648 6104
3649 181486
3650 352717
3651 18234
3652 12202
3653 6104
3654 6102
3655 365677
3656 385945
3657 76383
3658 177030
3659 76423
3660 390021
3661 80614
3662 137167
3663 167820
3664 147998
3665 441348
3666 51947
3667 92715
3668 70712
3669 46236
3670 6053
3671 18922
3672 48730
3673 103466
3674 40530
3675 465493
3676 147809
3677 462945
3678 34850
3679 6104
3680 29608
3681 29196
3682 36546
3683 14396
3684 23551
3685 69250
3686 17921
3687 92891
3688 85930
3689 244819
3690 248429
3691 252051
3692 161881
3693 308400
3694 131497
3695 234864
3696 135057
3697 55733
3698 238399
3699 243166
3700 85153
3701 170922
3702 102759
3703 87669
3704 173193
3705 57952
3706 57717
3707 189122
3708 18309
3709 12208
3710 186874
3711 60214
3712 190191
3713 6105
3714 91081
3715 6105
3716 207556
3717 148294
3718 1032488
3719 91376
3720 840360
3721 1021282
3722 19148
3723 85669
3724 88595
3725 140738
3726 84205
3727 92499
3728 8886
3729 147643
3730 40242
3731 66393
3732 90528
3733 151075
3734 68910
3735 279881
3736 8802
3737 6103
3738 1160926
3739 1115188
3740 35803
3741 1146193
3742 42613
3743 43500
3744 27960
3745 10781
3746 1125043
3747 1132275
3748 26264
3749 69370
3750 1131968
3751 45165
3752 1133553
3753 6105
3754 87687
3755 1174084
3756 93503
3757 68419
3758 1337983
3759 87767
3760 38177
3761 12196
3762 6098
3763 69867
3764 205946
3765 64020
3766 118765
3767 104880
3768 34938
3769 58769
3770 1298862
3771 65008
3772 32762
3773 109641
3774 95395
3775 12203
3776 107554
3777 98917
3778 12202
3779 92997
3780 67508
3781 6102
3782 89499
3783 6101
3784 45818
3785 129211
3786 71155
3787 84231
3788 124673
3789 87510
3790 123314
3791 79588
3792 59695
3793 1314638
3794 11266
3795 134619
3796 75161
3797 93773
3798 41624
3799 12200
3800 18302
3801 90814
3802 10401
3803 22151
3804 18288
3805 42259
3806 706759
3807 925225
3808 702243
3809 160724
3810 155700
3811 177278
3812 168543
3813 152545
3814 18390
3815 807902
3816 878441
3817 12206
3818 6091
3819 6103
3820 148243
3821 138296
3822 123346
3823 165297
3824 134382
3825 6103
3826 112176
3827 55188
3828 98434
3829 765811
3830 11470
3831 45570
3832 24083
3833 379614
3834 97208
3835 203089
3836 119114
3837 31918
3838 122947
3839 6105
3840 23516
3841 116165
3842 66195
3843 92677
3844 33199
3845 218705
3846 6103
3847 206070
3848 217662
3849 225300
3850 65528
3851 116068
3852 94874
3853 99515
3854 42190
3855 42681
3856 36594
3857 97911
3858 27511
3859 6105
3860 209861
3861 25403
3862 24399
3863 70927
3864 6103
3865 237473
3866 6103
3867 46092
3868 24402
3869 55910
3870 12201
3871 6107
3872 6105
3873 18301
3874 65471
3875 21811
3876 24393
3877 46578
3878 12201
3879 834145
3880 12181
3881 110734
3882 6119
3883 56881
3884 6098
3885 6102
3886 52354
3887 16897
3888 12374
3889 893854
3890 105854
3891 617838
3892 63335
3893 8077
3894 903582
3895 101259
3896 18253
3897 11316
3898 12174
3899 6090
3900 53446
3901 97473
3902 48513
3903 753309
3904 35955
3905 8718
3906 31785
3907 1006652
3908 184711
3909 8188
3910 567082
3911 165430
3912 11675
3913 17413
3914 595225
3915 6104
3916 36545
3917 16064
3918 12203
3919 30451
3920 6100
3921 554398
3922 24364
3923 12184
3924 10215
3925 59017
3926 54185
3927 49709
3928 50362
3929 123672
3930 82773
3931 114251
3932 110626
3933 111085
3934 115144
3935 142820
3936 146931
3937 24762
3938 192613
3939 195498
3940 21036
3941 42981
3942 21056
3943 652348
3944 696641
3945 37139
3946 119076
3947 158102
3948 32026
3949 95282
3950 54083
3951 27639
3952 26683
3953 23465
3954 36144
3955 31860
3956 34506
3957 28684
3958 22872
3959 17063
3960 16295
3961 20569
3962 25006
3963 6077
3964 12156
3965 18235
3966 6557
3967 6102
3968 12202
3969 6099
3970 12197
3971 6876
3972 12758
3973 18642
3974 24533
3975 30433
3976 36410
3977 42456
3978 48501
3979 54545
3980 60592
3981 6102
3982 12203
3983 18303
3984 24400
3985 18307
3986 6104
3987 6104
3988 321621
3989 562012
3990 253182
3991 575715
3992 6103
3993 211243
3994 234696
3995 91163
3996 207537
3997 92809
3998 94686
3999 67016
4000 96785
4001 99229
4002 102242
4003 180034
4004 36535
4005 12061
4006 82470
4007 25255
4008 23303
4009 16886
4010 18306
4011 149062
4012 19228
4013 6104
4014 6104
4015 6512
4016 51696
4017 92261
4018 86424
4019 41493
4020 13632
4021 110739
4022 13279
4023 28925
4024 14945
4025 27963
4026 7388
4027 250292
4028 209019
4029 20828
4030 183970
4031 14745
4032 15783
4033 6101
4034 187783
4035 8660
4036 181942
4037 12228
4038 11047
4039 76298
4040 6104
4041 190023
4042 27103
4043 194005
4044 6692
4045 198378
4046 103225
4047 70383
4048 237581
4049 214335
4050 221362
4051 60591
4052 69444
4053 6104
4054 58386
4055 229048
4056 73039
4057 153898
4058 52580
4059 45231
4060 56013
4061 12202
4062 34579
4063 147986
4064 30481
4065 24401
4066 164714
4067 11157
4068 12199
4069 6102
4070 225717
4071 46339
4072 6097
4073 39510
4074 42662
4075 43144
4076 24388
4077 18305
4078 29846
4079 18294
4080 41014
4081 18302
4082 12197
4083 56588
4084 6099
4085 12202
4086 127593
4087 12328
4088 115442
4089 60002
4090 6099
4091 36731
4092 68337
4093 6353
4094 6104
4095 6298
4096 31088
4097 109404
4098 19356
4099 6105
4100 91176
4101 39324
4102 30744
4103 13598
4104 6103
4105 12187
4106 85150
4107 6094
4108 16750
4109 16355
4110 6105
4111 12208
4112 91699
4113 93867
4114 80519
4115 6104
4116 12206
4117 6105
4118 23916
4119 22610
4120 37723
4121 15207
4122 24387
4123 18291
4124 12194
4125 6097
4126 67022
4127 36581
4128 6101
4129 24393
4130 18298
4131 6101
4132 6101
4133 6092
4134 12183
4135 18273
4136 48702
4137 24361
4138 18273
4139 12184
4140 6093
4141 17346
4142 11245
4143 6081
4144 6105
4145 18263
4146 24348
4147 12177
4148 6090
4149 30433
4150 6104
4151 18291
4152 81830
4153 12196
4154 18770
4155 81583
4156 52717
4157 6105
4158 6105
4159 10957
4160 6097
4161 55954
4162 13748
4163 59778
4164 17012
4165 78940
4166 18298
4167 79977
4168 6101
4169 6100
4170 120035
4171 117478
4172 42630
4173 26048
4174 36545
4175 283230
4176 18278
4177 12184
4178 12190
4179 6104
4180 6101
4181 153621
4182 147658
4183 141706
4184 6102
4185 135774
4186 129860
4187 123953
4188 119428
4189 26254
4190 42678
4191 46008
4192 36587
4193 40136
4194 30494
4195 20202
4196 14174
4197 24400
4198 8146
4199 59132
4200 51883
4201 30461
4202 85701
4203 42638
4204 86925
4205 36550
4206 24372
4207 18304
4208 87975
4209 30462
4210 18281
4211 6865
4212 24373
4213 12188
4214 12174
4215 6094
4216 91955
4217 6087
4218 18283
4219 12190
4220 6096
4221 12204
4222 11541
4223 17433
4224 6103
4225 172637
4226 155406
4227 167173
4228 32435
4229 62843
4230 64133
4231 67043
4232 168410
4233 126349
4234 153727
4235 28541
4236 6104
4237 241468
4238 22971
4239 138172
4240 91125
4241 104957
4242 85050
4243 17625
4244 79013
4245 135901
4246 62148
4247 24351
4248 13190
4249 12175
4250 48635
4251 6092
4252 6091
4253 30413
4254 66319
4255 16063
4256 144311
4257 18248
4258 67750
4259 12157
4260 6085
4261 19894
4262 6105
4263 6084
4264 6067
4265 70890
4266 6084
4267 6105
4268 75033
4269 179263
4270 144002
4271 148768
4272 933295
4273 180315
4274 184570
4275 932139
4276 904148
4277 18304
4278 102208
4279 927539
4280 18298
4281 1417996
4282 794485
4283 12204
4284 731373
4285 638005
4286 102019
4287 6102
4288 656895
4289 106564
4290 12198
4291 6099
4292 1294623
4293 24391
4294 6103
4295 677502
4296 18294
4297 12195
4298 36523
4299 6095
4300 1022568
4301 30431
4302 285606
4303 18261
4304 6091
4305 234698
4306 12175
4307 54823
4308 211524
4309 6088
4310 24397
4311 48735
4312 186579
4313 42645
4314 36553
4315 30458
4316 18299
4317 1159237
4318 24371
4319 6103
4320 24387
4321 12201
4322 18293
4323 12188
4324 6095
4325 12197
4326 6095
4327 253146
4328 6101
4329 6098
4330 12200
4331 6100
4332 267037
4333 12205
4334 6103
4335 121170
4336 6102
4337 6094
4338 6094
4339 177593
4340 180829
4341 1498510
4342 1318072
4343 1313341
4344 7645
4345 12204
4346 6102
4347 6104
4348 18302
4349 12203
4350 24401
4351 6103
4352 6104
4353 6104
4354 6105
4355 6105
4356 24404
4357 12203
4358 74436
4359 68763
4360 63428
4361 59721
4362 57370
4363 257719
4364 58062
4365 44810
4366 48598
4367 21949
4368 205621
4369 220349
4370 13493
4371 228625
4372 6012
4373 15298
4374 15604
4375 6614
4376 238592
4377 260630
4378 6615
4379 7280
4380 14148
4381 19254
4382 6245
4383 11835
4384 287775
4385 10510
4386 18144
4387 23305
4388 14498
4389 17420
4390 62876
4391 22195
4392 12195
4393 302377
4394 65153
4395 52732
4396 120949
4397 12207
4398 125251
4399 26308
4400 6104
4401 18596
4402 24403
4403 6098
4404 126773
4405 21302
4406 383999
4407 6892
4408 13873
4409 407240
4410 87260
4411 158681
4412 159965
4413 6102
4414 30503
4415 75791
4416 29063
4417 18304
4418 11489
4419 23436
4420 64206
4421 6100
4422 12205
4423 12205
4424 6102
4425 12195
4426 196735
4427 12206
4428 7241
4429 41271
4430 17814
4431 6104
4432 6099
4433 27848
4434 12420
4435 6098
4436 6104
4437 6102
4438 6104
4439 195034
4440 30195
4441 12269
4442 6102
4443 581775
4444 18191
4445 6102
4446 19663
4447 11605
4448 215653
4449 44702
4450 16620
4451 14673
4452 21678
4453 6962
4454 203915
4455 236439
4456 355058
4457 244383
4458 176369
4459 6100
4460 26770
4461 84105
4462 246505
4463 261987
4464 6105
4465 26350
4466 31885
4467 17860
4468 6533
4469 11766
4470 91348
4471 29059
4472 79825
4473 60941
4474 24235
4475 6112
4476 6097
4477 36553
4478 24374
4479 12187
4480 6093
4481 6097
4482 95702
4483 121172
4484 125439
4485 30453
4486 24362
4487 129910
4488 101088
4489 18269
4490 85716
4491 145732
4492 12180
4493 80186
4494 298487
4495 74684
4496 12188
4497 428719
4498 69201
4499 279831
4500 6091
4501 249752
4502 277116
4503 63771
4504 12196
4505 433799
4506 58398
4507 6099
4508 6091
4509 53038
4510 48070
4511 6099
4512 37064
4513 30832
4514 34917
4515 24405
4516 29899
4517 6107
4518 12202
4519 6106
4520 67907
4521 24504
4522 95187
4523 295029
4524 304955
4525 206133
4526 134130
4527 307867
4528 190265
4529 140496
4530 163404
4531 8394
4532 236232
4533 24402
4534 125132
4535 12195
4536 13152
4537 6113
4538 36584
4539 260993
4540 6104
4541 144656
4542 9020
4543 149678
4544 22796
4545 18830
4546 6761
4547 24394
4548 6103
4549 154713
4550 98627
4551 24400
4552 89651
4553 12199
4554 6103
4555 12202
4556 188411
4557 23009
4558 6104
4559 6104
4560 6100
4561 6100
4562 89704
4563 187535
4564 24403
4565 18294
4566 12205
4567 6104
4568 12194
4569 6105
4570 6098
4571 93658
4572 112880
4573 18298
4574 12200
4575 388676
4576 6101
4577 333959
4578 226963
4579 6104
4580 6339
4581 102833
4582 97411
4583 95575
4584 15274
4585 84952
4586 50584
4587 6104
4588 36593
4589 53105
4590 41334
4591 6103
4592 47569
4593 6102
4594 38476
4595 24402
4596 73436
4597 29612
4598 6104
4599 12204
4600 6104
4601 6104
4602 28723
4603 30873
4604 74339
4605 9158
4606 28387
4607 89070
4608 73494
4609 84099
4610 63263
4611 12906
4612 88710
4613 29266
4614 93924
4615 13726
4616 8086
4617 49677
4618 12243
4619 32925
4620 8402
4621 44868
4622 7330
4623 35736
4624 14606
4625 29620
4626 6103
4627 21323
4628 12204
4629 6102
4630 10205
4631 6030
4632 12202
4633 6102
4634 28434
4635 32057
4636 6101
4637 6104
4638 12201
4639 6105
4640 17585
4641 6105
4642 497050
4643 569554
4644 81672
4645 59026
4646 54062
4647 18304
4648 12203
4649 6103
4650 43843
4651 6104
4652 12205
4653 6102
4654 117314
4655 81337
4656 76251
4657 180618
4658 76310
4659 24366
4660 18276
4661 184647
4662 12183
4663 188964
4664 6091
4665 227123
4666 36569
4667 12195
4668 6099
4669 12193
4670 6099
4671 6098
4672 6098
4673 12194
4674 18288
4675 25740
4676 868058
4677 841019
4678 838218
4679 7714
4680 12698
4681 920497
4682 7890
4683 24379
4684 12186
4685 6105
4686 6099
4687 30470
4688 42651
4689 6099
4690 60906
4691 12194
4692 6098
4693 6097
4694 12181
4695 6085
4696 18281
4697 31116
4698 33216
4699 38163
4700 6103
4701 24392
4702 12198
4703 6102
4704 6103
4705 18294
4706 12195
4707 6093
4708 24391
4709 18296
4710 12198
4711 6099
4712 456704
4713 458957
4714 461343
4715 463850
4716 466412
4717 528080
4718 95441
4719 89442
4720 83513
4721 77618
4722 71789
4723 66209
4724 60904
4725 55684
4726 50484
4727 45312
4728 40311
4729 36192
4730 32883
4731 30373
4732 28731
4733 27254
4734 25823
4735 26430
4736 29029
4737 31664
4738 34326
4739 38674
4740 44683
4741 50692
4742 56703
4743 62714
4744 68737
4745 131307
4746 129817
4747 134067
4748 64869
4749 138343
4750 64183
4751 216847
4752 65560
4753 198873
4754 112476
4755 206909
4756 75444
4757 241266
4758 32258
4759 67233
4760 18300
4761 12201
4762 25097
4763 69396
4764 6102
4765 28907
4766 258939
4767 23016
4768 69229
4769 6103
4770 17126
4771 63397
4772 6760
4773 97133
4774 11439
4775 71886
4776 89567
4777 12204
4778 57443
4779 6102
4780 341075
4781 78025
4782 350134
4783 30496
4784 51500
4785 6099
4786 24401
4787 125427
4788 43077
4789 75874
4790 10892
4791 95152
4792 12196
4793 7414
4794 6103
4795 6099
4796 6104
4797 117148
4798 355683
4799 46296
4800 18298
4801 12198
4802 6100
4803 76778
4804 19502
4805 81654
4806 361468
4807 23526
4808 6103
4809 13419
4810 414374
4811 30649
4812 24778
4813 24358
4814 6399
4815 12172
4816 6092
4817 6243
4818 6090
4819 6920
4820 12038
4821 80878
4822 51346
4823 109577
4824 6104
4825 87448
4826 195224
4827 113222
4828 504246
4829 38420
4830 6104
4831 6102
4832 6104
4833 29830
4834 24316
4835 18827
4836 12785
4837 6748
4838 6776
4839 12866
4840 56234
4841 12190
4842 6102
4843 6103
4844 12191
4845 18281
4846 13976
4847 24401
4848 6105
4849 12201
4850 6103
4851 6104
4852 699768
4853 6103
4854 24393
4855 12198
4856 6103
4857 6102
4858 30486
4859 681798
4860 40686
4861 36454
4862 6103
4863 35938
4864 24388
4865 18291
4866 12191
4867 6096
4868 6098
4869 13358
4870 12070
4871 17089
4872 58864
4873 61480
4874 48315
4875 70462
4876 66463
4877 249704
4878 81438
4879 244903
4880 38217
4881 70334
4882 41248
4883 6218
4884 46360
4885 240162
4886 79461
4887 235565
4888 58000
4889 231107
4890 226663
4891 222268
4892 267164
4893 275384
4894 217929
4895 273718
4896 213616
4897 209854
4898 287720
4899 206125
4900 201936
4901 208603
4902 167167
4903 48751
4904 42660
4905 36567
4906 30476
4907 24385
4908 164405
4909 18292
4910 12197
4911 6099
4912 162127
4913 160380
4914 159219
4915 158531
4916 168416
4917 131232
4918 47109
4919 131426
4920 41028
4921 35925
4922 32024
4923 28742
4924 26489
4925 36446
4926 24325
4927 18231
4928 12156
4929 6079
4930 44105
4931 33557
4932 35490
4933 36806
4934 35959
4935 49377
4936 44771
4937 19413
4938 50283
4939 56259
4940 14646
4941 11099
4942 20609
4943 16531
4944 19298
4945 25023
4946 23496
4947 15871
4948 25226
4949 27347
4950 19712
4951 30384
4952 7376
4953 6103
4954 12206
4955 6104
4956 272666
4957 6067
4958 12169
4959 316226
4960 82221
4961 1559120
4962 1554289
4963 1563977
4964 1550545
4965 1582630
4966 45416
4967 42672
4968 24390
4969 41729
4970 12196
4971 6101
4972 6098
4973 53992
4974 36536
4975 11152
4976 986038
4977 1812982
4978 1121683
4979 6105
4980 541708
4981 205252
4982 471609
4983 164417
4984 18118
4985 569712
4986 12020
4987 5918
4988 243411
4989 41936
4990 123377
4991 40708
4992 485796
4993 276275
4994 191475
4995 172819
4996 12065
4997 181733
4998 6034
4999 78539
5000 490188
5001 206619
5002 75063
5003 270724
5004 83796
5005 18289
5006 24385
5007 172217
5008 494737
5009 12193
5010 6102
5011 12193
5012 176021
5013 6100
5014 63825
5015 7453
5016 12204
5017 520800
5018 173040
5019 222753
5020 242187
5021 6103
5022 178523
5023 6097
5024 6215
5025 44802
5026 236519
5027 170397
5028 17002
5029 261383
5030 24404
5031 164846
5032 12206
5033 6104
5034 10988
5035 522742
5036 249172
5037 6105
5038 53608
5039 383876
5040 18030
5041 527910
5042 6099
5043 55000
5044 135799
5045 134769
5046 11159
5047 226965
5048 159346
5049 38192
5050 533106
5051 199344
5052 128720
5053 80628
5054 36256
5055 24056
5056 122670
5057 60633
5058 24388
5059 14853
5060 64396
5061 18531
5062 538338
5063 106497
5064 394842
5065 89051
5066 90412
5067 18030
5068 116673
5069 142208
5070 6105
5071 193567
5072 46348
5073 12190
5074 12373
5075 398469
5076 12370
5077 9668
5078 189754
5079 6101
5080 19109
5081 110740
5082 12195
5083 137204
5084 6102
5085 403365
5086 126351
5087 12221
5088 17949
5089 6093
5090 47911
5091 17436
5092 6103
5093 179064
5094 6091
5095 40452
5096 8487
5097 45096
5098 547800
5099 969245
5100 1466502
5101 416498
5102 451001
5103 411049
5104 405812
5105 678997
5106 451401
5107 36179
5108 873609
5109 663444
5110 401778
5111 664397
5112 30415
5113 453505
5114 666348
5115 874402
5116 695652
5117 12204
5118 387675
5119 22065
5120 554371
5121 107099
5122 277847
5123 338996
5124 6103
5125 550838
5126 6104
5127 101439
5128 9082
5129 674674
5130 281119
5131 542186
5132 24283
5133 25412
5134 392853
5135 12216
5136 273786
5137 130261
5138 701888
5139 741917
5140 96725
5141 1007390
5142 24367
5143 26969
5144 514694
5145 36597
5146 140663
5147 6104
5148 36793
5149 12168
5150 757771
5151 58265
5152 54842
5153 6105
5154 752521
5155 6093
5156 796356
5157 135856
5158 230951
5159 9816
5160 31172
5161 501250
5162 24404
5163 48768
5164 6104
5165 55130
5166 14697
5167 124994
5168 18295
5169 21208
5170 18306
5171 527467
5172 6101
5173 12206
5174 519723
5175 944372
5176 636357
5177 16719
5178 6104
5179 34970
5180 31215
5181 327192
5182 12198
5183 109641
5184 26601
5185 6100
5186 1114405
5187 34218
5188 119882
5189 24396
5190 1079953
5191 108167
5192 18299
5193 6103
5194 593900
5195 6105
5196 6099
5197 611883
5198 12200
5199 19038
5200 608224
5201 31259
5202 12206
5203 749492
5204 103789
5205 207680
5206 44476
5207 6101
5208 6104
5209 122917
5210 91819
5211 554465
5212 12206
5213 1074846
5214 30460
5215 144525
5216 453689
5217 449873
5218 581953
5219 392388
5220 55768
5221 166244
5222 28225
5223 167181
5224 30457
5225 24404
5226 36085
5227 24363
5228 12205
5229 138536
5230 6105
5231 403446
5232 6105
5233 90896
5234 24403
5235 84819
5236 78741
5237 18269
5238 6105
5239 12206
5240 102579
5241 6103
5242 24574
5243 136641
5244 6091
5245 6092
5246 80358
5247 72689
5248 42250
5249 136855
5250 73043
5251 155582
5252 143508
5253 170567
5254 23971
5255 51335
5256 24392
5257 17879
5258 162903
5259 46767
5260 12185
5261 12193
5262 303940
5263 46356
5264 6098
5265 6103
5266 6100
5267 6103
5268 6113
5269 9851
5270 6098
5271 12196
5272 12201
5273 104358
5274 6099
5275 99568
5276 6101
5277 46272
5278 83473
5279 35198
5280 82076
5281 11758
5282 211444
5283 103446
5284 6106
5285 29618
5286 82292
5287 51051
5288 84524
5289 91334
5290 6104
5291 91336
5292 92956
5293 94635
5294 24054
5295 97198
5296 36560
5297 7885
5298 6103
5299 6104
5300 48763
5301 23904
5302 101111
5303 18555
5304 97738
5305 24375
5306 6105
5307 104062
5308 108535
5309 12187
5310 195393
5311 6093
5312 6100
5313 113220
5314 104900
5315 24392
5316 128945
5317 16133
5318 18298
5319 6101
5320 6530
5321 12199
5322 190072
5323 11772
5324 6102
5325 6097
5326 6102
5327 6103
5328 109809
5329 185572
5330 19147
5331 6101
5332 8098
5333 35806
5334 10905
5335 10937
5336 13192
5337 14479
5338 17363
5339 19855
5340 44869
5341 50163
5342 25622
5343 51845
5344 23126
5345 10290
5346 18502
5347 57692
5348 31976
5349 16746
5350 63727
5351 80481
5352 53673
5353 20580
5354 13908
5355 59165
5356 28997
5357 30922
5358 12730
5359 9422
5360 65196
5361 68951
5362 74827
5363 12774
5364 30469
5365 35553
5366 71248
5367 12375
5368 17393
5369 47891
5370 18800
5371 24353
5372 77307
5373 53609
5374 24832
5375 10226
5376 21682
5377 18257
5378 24379
5379 30876
5380 16239
5381 202730
5382 26530
5383 32623
5384 86423
5385 34599
5386 38710
5387 132271
5388 102194
5389 108155
5390 12373
5391 50351
5392 12174
5393 28741
5394 6581
5395 56294
5396 19693
5397 69525
5398 24626
5399 62321
5400 119435
5401 6169
5402 29225
5403 18288
5404 98740
5405 42635
5406 11864
5407 79401
5408 30440
5409 25014
5410 31002
5411 6136
5412 105598
5413 147448
5414 127382
5415 89535
5416 30463
5417 77627
5418 79444
5419 22273
5420 18290
5421 25009
5422 28328
5423 19336
5424 154637
5425 12195
5426 36547
5427 24374
5428 25412
5429 12204
5430 16980
5431 149024
5432 32414
5433 70938
5434 36370
5435 6103
5436 171566
5437 43635
5438 30459
5439 12194
5440 6103
5441 18283
5442 12202
5443 34387
5444 43073
5445 154067
5446 152248
5447 6097
5448 19000
5449 82130
5450 42642
5451 12201
5452 20090
5453 17420
5454 13477
5455 11201
5456 13143
5457 378800
5458 6100
5459 218020
5460 218884
5461 6094
5462 19516
5463 201622
5464 196344
5465 191325
5466 59707
5467 61801
5468 23724
5469 13902
5470 46174
5471 87259
5472 46936
5473 91323
5474 11892
5475 30416
5476 22704
5477 13983
5478 123740
5479 18080
5480 17338
5481 20397
5482 126151
5483 30455
5484 6098
5485 131842
5486 24363
5487 12179
5488 6096
5489 6085
5490 13586
5491 12185
5492 168618
5493 10801
5494 49433
5495 13161
5496 157875
5497 47248
5498 163779
5499 56751
5500 30469
5501 39807
5502 24375
5503 45820
5504 12188
5505 51837
5506 6097
5507 6096
5508 606105
5509 597987
5510 580034
5511 343631
5512 258140
5513 18300
5514 580008
5515 271672
5516 6104
5517 12201
5518 19074
5519 622907
5520 268481
5521 341779
5522 13689
5523 54743
5524 6100
5525 271167
5526 18301
5527 274007
5528 30369
5529 7494
5530 24273
5531 18204
5532 8698
5533 6069
5534 6069
5535 12203
5536 6102
5537 6105
5538 23872
5539 17275
5540 6102
5541 27310
5542 33216
5543 39130
5544 13092
5545 6104
5546 6103
5547 43197
5548 32443
5549 29227
5550 24012
5551 70867
5552 85621
5553 62874
5554 12189
5555 6094
5556 6102
5557 6097
5558 6103
5559 124883
5560 130474
5561 136292
5562 148145
5563 153903
5564 159778
5565 6100
5566 6102
5567 6104
5568 12204
5569 18304
5570 418843
5571 501955
5572 11593
5573 86685
5574 81631
5575 519738
5576 89377
5577 69722
5578 6153
5579 24392
5580 69985
5581 6103
5582 28280
5583 12196
5584 6102
5585 520690
5586 23055
5587 49680
5588 24107
5589 525285
5590 18008
5591 80247
5592 6100
5593 530162
5594 6099
5595 535295
5596 104512
5597 13900
5598 43751
5599 21336
5600 540451
5601 108354
5602 6104
5603 27262
5604 28748
5605 6102
5606 6104
5607 33284
5608 118681
5609 22415
5610 6099
5611 6103
5612 123197
5613 139875
5614 12179
5615 150156
5616 6090
5617 6102
5618 55133
5619 59009
5620 56299
5621 12199
5622 57557
5623 6100
5624 86252
5625 91862
5626 97597
5627 103351
5628 109145
5629 114974
5630 120831
5631 126708
5632 132602
5633 138512
5634 144439
5635 150369
5636 156299
5637 10858
5638 7285
5639 54806
5640 6102
5641 6097
5642 89782
5643 6102
5644 41125
5645 81771
5646 35955
5647 30022
5648 30194
5649 24736
5650 18290
5651 12192
5652 6092
5653 24368
5654 18278
5655 12189
5656 6096
5657 11101
5658 7493
5659 15831
5660 27957
5661 16268
5662 15686
5663 6102
5664 6102
5665 6100
5666 6104
5667 12206
5668 6102
5669 6097
5670 12190
5671 6098
5672 12198
5673 6104
5674 26085
5675 24970
5676 513985
5677 327896
5678 440169
5679 322217
5680 99161
5681 217480
5682 443214
5683 93288
5684 211620
5685 205862
5686 200107
5687 6099
5688 64314
5689 84385
5690 41682
5691 35592
5692 29502
5693 23596
5694 73858
5695 17690
5696 11782
5697 6099
5698 5881
5699 6080
5700 543660
5701 12184
5702 6094
5703 6097
5704 12185
5705 6099
5706 12198
5707 18296
5708 6096
5709 12190
5710 18285
5711 104836
5712 99476
5713 94651
5714 6089
5715 12192
5716 6096
5717 18291
5718 18293
5719 12197
5720 6100
5721 81908
5722 76554
5723 87331
5724 71374
5725 102305
5726 130112
5727 24395
5728 6102
5729 12200
5730 6099
5731 11850
5732 146185
5733 10967
5734 14612
5735 18868
5736 23367
5737 25493
5738 28266
5739 26852
5740 12201
5741 31536
5742 6101
5743 33748
5744 93662
5745 110816
5746 116564
5747 54814
5748 12200
5749 48729
5750 6100
5751 42643
5752 36553
5753 30463
5754 24369
5755 18279
5756 12187
5757 6091
5758 6103
5759 6103
5760 12204
5761 40552
5762 27063
5763 30720
5764 36671
5765 12193
5766 6092
5767 18291
5768 24356
5769 18263
5770 12176
5771 6090
5772 6100
5773 6099
5774 6102
5775 9228
5776 7934
5777 12395
5778 24400
5779 12201
5780 6105
5781 6102
5782 6102
5783 6098
5784 6103
5785 24320
5786 12158
5787 6080
5788 6082
5789 91709
5790 87936
5791 71419
5792 72163
5793 67427
5794 6101
5795 68110
5796 6045
5797 12117
5798 18186
5799 24254
5800 30320
5801 36384
5802 42277
5803 48349
5804 133154
5805 78849
5806 72789
5807 66730
5808 60667
5809 54603
5810 48536
5811 42469
5812 36401
5813 30334
5814 24267
5815 18200
5816 12133
5817 6065
5818 6100
5819 16811
5820 19238
5821 6098
5822 12198
5823 18295
5824 1545433
5825 1529320
5826 42654
5827 36565
5828 30474
5829 24380
5830 1533212
5831 1504281
5832 18287
5833 12191
5834 6098
5835 12593
5836 16956
5837 6103
5838 12192
5839 6095
5840 18293
5841 12196
5842 6098
5843 20675
5844 23280
5845 10143
5846 14682
5847 8150
5848 27400
5849 23159
5850 32514
5851 17512
5852 42274
5853 19220
5854 11846
5855 31122
5856 35719
5857 6102
5858 93054
5859 92674
5860 326900
5861 18720
5862 12202
5863 6101
5864 6093
5865 12187
5866 6098
5867 42640
5868 30463
5869 18281
5870 6096
5871 6095
5872 6096
5873 13633
5874 19730
5875 6099
5876 6103
5877 25806
5878 10765
5879 18172
5880 12116
5881 6057
5882 6103
5883 269626
5884 8885
5885 6102
5886 31134
5887 27599
5888 22732
5889 6108
5890 6094
5891 85184
5892 6102
5893 21679
5894 6098
5895 6101
5896 52802
5897 342012
5898 6102
5899 15789
5900 6101
5901 24365
5902 18274
5903 12183
5904 6090
5905 18298
5906 12198
5907 6097
5908 6101
5909 200139
5910 203582
5911 207661
5912 212013
5913 6100
5914 6103
5915 12203
5916 6097
5917 18283
5918 6098
5919 36556
5920 6099
5921 12189
5922 6098
5923 139764
5924 85084
5925 42653
5926 66859
5927 12239
5928 30539
5929 6100
5930 54739
5931 6157
5932 6152
5933 18354
5934 24364
5935 24353
5936 6094
5937 18293
5938 12289
5939 12234
5940 6189
5941 6097
5942 6097
5943 12184
5944 6093
5945 6101
5946 760532
5947 798277
5948 802284
5949 114794
5950 119989
5951 125357
5952 130779
5953 253485
5954 520265
5955 247691
5956 269147
5957 89176
5958 242148
5959 237955
5960 175868
5961 84104
5962 164368
5963 24395
5964 55040
5965 18299
5966 6101
5967 12201
5968 16710
5969 82333
5970 6101
5971 28034
5972 11806
5973 12201
5974 6101
5975 20880
5976 24726
5977 9318
5978 14275
5979 42702
5980 9713
5981 19878
5982 6101
5983 12132
5984 94692
5985 93788
5986 6102
5987 12203
5988 6102
5989 6100
5990 1069859
5991 6103
5992 6096
5993 479291
5994 476029
5995 396270
5996 76925
5997 86014
5998 80750
5999 72592
6000 76715
6001 68941
6002 305044
6003 6102
6004 66949
6005 63041
6006 60975
6007 272314
6008 6098
6009 53090
6010 50025
6011 48688
6012 6102
6013 42877
6014 276778
6015 6102
6016 161352
6017 6100
6018 155129
6019 77611
6020 56194
6021 29511
6022 6100
6023 149292
6024 159469
6025 6102
6026 127074
6027 6101
6028 123084
6029 130998
6030 88485
6031 31246
6032 118745
6033 24899
6034 13307
6035 110743
6036 71469
6037 6050
6038 25226
6039 18279
6040 7245
6041 102853
6042 20396
6043 6091
6044 6091
6045 69413
6046 6101
6047 94747
6048 6097
6049 33624
6050 72411
6051 16005
6052 70142
6053 6102
6054 65420
6055 12925
6056 61377
6057 60457
6058 18253
6059 41814
6060 41931
6061 86484
6062 9041
6063 12178
6064 30074
6065 12200
6066 6100
6067 82655
6068 6127
6069 71525
6070 14937
6071 74356
6072 13833
6073 6101
6074 18297
6075 12200
6076 6100
6077 6100
6078 6098
6079 312392
6080 316959
6081 327837
6082 6103
6083 24502
6084 6102
6085 16655
6086 12695
6087 51048
6088 56177
6089 7126
6090 22473
6091 11633
6092 16714
6093 61740
6094 67476
6095 6101
6096 79138
6097 6086
6098 12183
6099 18275
6100 24371
6101 36564
6102 6103
6103 6102
6104 6099
