0 467580
1 482486
2 454462
3 497935
4 513883
5 444393
6 1253850
7 437567
8 763266
9 1231074
10 745367
11 434053
12 400134
13 327378
14 279119
15 254957
16 103314
17 309228
18 24562
19 146097
20 66985
21 1248042
22 115844
23 97216
24 291145
25 42680
26 85488
27 1265297
28 85141
29 61027
30 30964
31 67123
32 24392
33 1282810
34 42833
35 67104
36 49266
37 432286
38 42659
39 30521
40 206399
41 31136
42 36586
43 151885
44 18298
45 18296
46 25058
47 54834
48 18349
49 67066
50 460512
51 128227
52 115560
53 73148
54 380996
55 54870
56 367280
57 36586
58 356893
59 121048
60 18296
61 117925
62 350662
63 18307
64 128146
65 352842
66 2346437
67 141016
68 302199
69 62082
70 61568
71 64811
72 49040
73 72245
74 1428531
75 82739
76 45228
77 154632
78 36609
79 127722
80 409878
81 45635
82 2076760
83 275218
84 54260
85 948797
86 36614
87 184852
88 286386
89 404648
90 36598
91 765349
92 235013
93 441693
94 318234
95 18310
96 909321
97 54901
98 36603
99 749553
100 18303
101 395727
102 369938
103 54916
104 225970
105 908161
106 36606
107 337655
108 219282
109 371893
110 408273
111 18310
112 79227
113 591850
114 18305
115 60965
116 61892
117 52041
118 2541743
119 3261432
120 3206616
121 2550800
122 776890
123 2561254
124 3202298
125 2572554
126 5522433
127 763013
128 2651427
129 3216690
130 2702501
131 953482
132 739773
133 1098800
134 2659049
135 725569
136 109502
137 49131
138 3201640
139 2564575
140 1083395
141 33699
142 834974
143 50761
144 36624
145 91515
146 944378
147 980977
148 73225
149 43833
150 30519
151 471097
152 24417
153 29145
154 42893
155 18317
156 18315
157 478164
158 1090902
159 2625307
160 937313
161 490505
162 2414587
163 33916
164 323426
165 1364916
166 159606
167 297965
168 114374
169 468719
170 53486
171 1497469
172 432892
173 293960
174 464699
175 44930
176 151402
177 18309
178 1054637
179 448473
180 291413
181 154832
182 73226
183 410182
184 3223400
185 454482
186 529409
187 18315
188 42723
189 171174
190 1177404
191 275586
192 24418
193 744957
194 1249153
195 18314
196 455255
197 1546698
198 437084
199 134389
200 130416
201 752208
202 267335
203 348563
204 1473542
205 135774
206 1383070
207 197861
208 427212
209 686414
210 128929
211 52045
212 180266
213 134307
214 121795
215 733724
216 73227
217 315527
218 418907
219 149121
220 253538
221 36622
222 87167
223 240634
224 163086
225 18315
226 44822
227 1146438
228 367815
229 134415
230 410031
231 18316
232 88626
233 151448
234 248983
235 870027
236 3234789
237 3247058
238 9295739
239 6149098
240 2861912
241 459657
242 6780719
243 2251568
244 334252
245 447823
246 166047
247 105288
248 2153832
249 317270
250 284995
251 45090
252 18311
253 4697660
254 520190
255 297474
256 1827883
257 487860
258 1040536
259 436633
260 36616
261 2147314
262 138989
263 795504
264 64290
265 18314
266 18311
267 44925
268 74834
269 2872609
270 8871925
271 62541
272 58879
273 2764610
274 18315
275 64442
276 941341
277 208824
278 432628
279 42772
280 18315
281 2742823
282 57572
283 155821
284 167320
285 263067
286 27985
287 19137
288 245169
289 51204
290 3901694
291 128698
292 4684889
293 151548
294 969306
295 23812
296 186852
297 149488
298 36624
299 1250668
300 58949
301 1140382
302 87947
303 148897
304 969998
305 112413
306 4853451
307 69200
308 241479
309 8447863
310 18315
311 51316
312 19647
313 1676290
314 85055
315 152932
316 101822
317 206178
318 54928
319 1018125
320 119873
321 24418
322 24418
323 1034202
324 143003
325 33858
326 3172241
327 38585
328 4352944
329 202551
330 136569
331 1183809
332 36621
333 54892
334 254650
335 482505
336 35715
337 420142
338 23723
339 2289790
340 36624
341 1145475
342 141020
343 111915
344 18315
345 925152
346 907336
347 984816
348 1206379
349 36601
350 30131
351 1487613
352 248764
353 154624
354 18311
355 3306093
356 3269631
357 3264776
358 6837259
359 1886908
360 1561648
361 345714
362 4071789
363 1448966
364 1653536
365 633131
366 4770266
367 638724
368 820553
369 644231
370 2929839
371 37355
372 391608
373 645209
374 47685
375 18311
376 18307
377 110197
378 648809
379 3264719
380 327605
381 370787
382 474628
383 173140
384 1489561
385 292255
386 2915458
387 447707
388 907811
389 18315
390 2886022
391 252897
392 407281
393 4780040
394 18315
395 345873
396 1083749
397 1015439
398 323289
399 122986
400 242032
401 1016981
402 227252
403 18315
404 2534316
405 285762
406 136338
407 645005
408 867588
409 123898
410 138165
411 216314
412 785015
413 735649
414 207834
415 347747
416 274080
417 131674
418 555787
419 164297
420 168482
421 729875
422 328777
423 328511
424 146058
425 744788
426 109508
427 310298
428 498414
429 266353
430 18315
431 73225
432 477028
433 18305
434 42723
435 725834
436 18315
437 292079
438 24419
439 55509
440 18315
441 76916
442 91242
443 18305
444 273854
445 54665
446 446457
447 42796
448 4537518
449 2497584
450 18305
451 720605
452 51322
453 18305
454 43125
455 42895
456 150280
457 18313
458 35903
459 158457
460 29780
461 31627
462 49792
463 439022
464 133264
465 202211
466 741468
467 18308
468 126132
469 3209575
470 36372
471 49671
472 751064
473 761288
474 773127
475 741725
476 786661
477 738887
478 800731
479 3997999
480 743882
481 2704347
482 1370922
483 92114
484 1277082
485 81748
486 72665
487 65009
488 2757372
489 1269187
490 58804
491 3127895
492 1518416
493 53797
494 398779
495 52236
496 756864
497 2427199
498 61480
499 133156
500 117704
501 794742
502 978188
503 102267
504 84404
505 67124
506 441726
507 374456
508 310800
509 57071
510 88289
511 308442
512 2711276
513 58626
514 116972
515 1013531
516 409496
517 70979
518 998672
519 197489
520 718849
521 307854
522 134483
523 483370
524 311507
525 54959
526 130697
527 18315
528 771721
529 40584
530 850391
531 143104
532 466005
533 769212
534 582334
535 3139386
536 1976705
537 435725
538 223319
539 966266
540 449346
541 189834
542 28654
543 434042
544 28108
545 73175
546 434476
547 189129
548 36599
549 36600
550 18302
551 30507
552 41632
553 436045
554 135480
555 576753
556 163629
557 18315
558 535281
559 36624
560 433416
561 546656
562 18315
563 422818
564 137711
565 18303
566 1044568
567 49703
568 54927
569 54891
570 54922
571 587739
572 357945
573 30509
574 36624
575 1086725
576 18303
577 448518
578 38192
579 18315
580 90528
581 749010
582 1678179
583 136481
584 41579
585 72249
586 55373
587 18314
588 18310
589 160517
590 3204668
591 3153372
592 8457023
593 15173282
594 3889867
595 5389606
596 2061801
597 5404098
598 36608
599 2037405
600 18307
601 1035889
602 2004947
603 36620
604 146366
605 2000434
606 1019699
607 2099832
608 109796
609 18313
610 1897968
611 2019059
612 91511
613 18315
614 2053338
615 73220
616 331562
617 54924
618 806361
619 192041
620 2374650
621 4529993
622 36622
623 1014394
624 943799
625 861513
626 308209
627 4436584
628 18314
629 1154875
630 497604
631 12617764
632 73221
633 24415
634 109522
635 617051
636 872297
637 273085
638 30518
639 514084
640 1311124
641 36622
642 18316
643 178231
644 487494
645 859498
646 94244
647 18314
648 515996
649 432179
650 1307759
651 86220
652 3105301
653 928336
654 84884
655 177798
656 526202
657 2672992
658 85640
659 54908
660 106379
661 910174
662 1040972
663 1617750
664 36611
665 18308
666 180509
667 3396814
668 444781
669 260188
670 91178
671 91294
672 933563
673 403995
674 741781
675 119624
676 45398
677 171867
678 175181
679 89729
680 957158
681 170917
682 854721
683 109604
684 798003
685 943526
686 370062
687 915459
688 908920
689 36622
690 1141964
691 377229
692 54912
693 101556
694 36614
695 18314
696 91331
697 315885
698 734369
699 18310
700 54927
701 3536386
702 18311
703 775046
704 1249271
705 647764
706 281642
707 73053
708 36624
709 18315
710 12619285
711 13398834
712 12089123
713 2091237
714 15681897
715 3533884
716 1679275
717 1668719
718 2054410
719 1885290
720 3549188
721 1580678
722 1040325
723 1086302
724 2579690
725 574800
726 965906
727 2553313
728 1877554
729 1882626
730 558956
731 12233989
732 96324
733 953812
734 743138
735 1793072
736 3555573
737 1252036
738 18305
739 544563
740 734027
741 1787670
742 717354
743 296584
744 1806169
745 700976
746 1419323
747 1261189
748 684956
749 2913307
750 669316
751 781455
752 425897
753 82727
754 1687260
755 1754758
756 3208209
757 76519
758 145096
759 720775
760 655716
761 847002
762 778522
763 1261773
764 781348
765 1051225
766 190849
767 345636
768 118003
769 1738591
770 880140
771 127645
772 418248
773 649291
774 279136
775 703400
776 134561
777 552951
778 37348
779 1407045
780 18315
781 378844
782 672801
783 158198
784 784197
785 706757
786 27089
787 193661
788 2509310
789 297111
790 2077913
791 27799
792 666865
793 477003
794 148121
795 684531
796 368752
797 350485
798 61568
799 417981
800 143113
801 346664
802 427210
803 12232040
804 71132
805 56953
806 1047215
807 62709
808 400626
809 2011377
810 2429218
811 50663
812 58633
813 267647
814 73223
815 328779
816 36620
817 1047820
818 18314
819 409216
820 2986428
821 143901
822 36578
823 18315
824 367863
825 268190
826 36614
827 1604106
828 18308
829 11598962
830 11598543
831 17152332
832 2922512
833 14767682
834 2906035
835 3030096
836 1430531
837 6299292
838 528641
839 2289958
840 1357543
841 3007548
842 514964
843 267808
844 1267575
845 5976098
846 73210
847 1199118
848 54913
849 36614
850 18310
851 105222
852 502901
853 1078513
854 1396108
855 1194529
856 1217502
857 54930
858 726941
859 54927
860 263982
861 36624
862 492023
863 406141
864 18315
865 109788
866 4456454
867 320804
868 483278
869 3084111
870 36624
871 392637
872 1331660
873 18315
874 66598
875 58242
876 91503
877 2168880
878 18315
879 1377265
880 3607421
881 73212
882 127892
883 50862
884 393480
885 1373886
886 558529
887 45504
888 54917
889 1332417
890 2961197
891 36617
892 18315
893 1107644
894 1729459
895 1266273
896 18311
897 3594106
898 364556
899 164576
900 109744
901 948685
902 861422
903 144871
904 355488
905 54920
906 2018020
907 73304
908 877540
909 95495
910 128110
911 1135826
912 1794032
913 346370
914 1781593
915 1272886
916 111689
917 2116388
918 1637963
919 2233817
920 102763
921 1460032
922 101850
923 170512
924 328304
925 1843497
926 117604
927 36617
928 181716
929 49157
930 820864
931 54927
932 146309
933 36624
934 860154
935 163683
936 2001141
937 18315
938 1220026
939 184781
940 1283054
941 1074437
942 1210587
943 18315
944 173567
945 36620
946 128063
947 12658548
948 12653926
949 15796422
950 4114014
951 9381066
952 4114058
953 5865040
954 226838
955 212376
956 3993540
957 264956
958 191904
959 2983618
960 3985458
961 189842
962 179433
963 1235336
964 1238164
965 2939424
966 3977874
967 362022
968 18309
969 198599
970 18315
971 232509
972 215221
973 4051354
974 3096800
975 189948
976 109797
977 7059598
978 940786
979 182709
980 91512
981 158055
982 5711803
983 73221
984 881398
985 2832246
986 211659
987 125684
988 914211
989 54924
990 278607
991 190418
992 248360
993 69638
994 36622
995 630185
996 186624
997 219316
998 597647
999 54926
1000 565289
1001 586339
1002 247612
1003 1224486
1004 550758
1005 86934
1006 3270468
1007 201071
1008 54926
1009 3911130
1010 36622
1011 182842
1012 18315
1013 3266310
1014 61919
1015 364493
1016 79283
1017 18314
1018 643724
1019 18308
1020 3845570
1021 18314
1022 1906826
1023 36624
1024 251201
1025 477702
1026 61004
1027 1948505
1028 821154
1029 85332
1030 42728
1031 67056
1032 36623
1033 753214
1034 18309
1035 48779
1036 1892165
1037 536962
1038 1361821
1039 30511
1040 36623
1041 18347
1042 18315
1043 24451
1044 5697232
1045 429714
1046 719859
1047 18315
1048 1355696
1049 710531
1050 4595568
1051 970476
1052 79231
1053 811397
1054 3019871
1055 2981356
1056 18314
1057 2989422
1058 2498147
1059 2343447
1060 676663
1061 1405628
1062 563913
1063 525270
1064 2541937
1065 4803002
1066 4790774
1067 1118140
1068 373539
1069 60364
1070 379026
1071 381190
1072 23368
1073 86662
1074 358914
1075 843606
1076 123472
1077 68513
1078 785589
1079 3361660
1080 290667
1081 166930
1082 38905
1083 29696
1084 60949
1085 2153450
1086 54918
1087 149978
1088 27414
1089 18313
1090 36233
1091 36618
1092 495163
1093 18312
1094 230121
1095 774907
1096 73194
1097 2136618
1098 90054
1099 318960
1100 1335940
1101 18306
1102 1327471
1103 865785
1104 310129
1105 36606
1106 18290
1107 36621
1108 2120039
1109 160901
1110 18306
1111 158529
1112 302437
1113 222562
1114 157118
1115 2926434
1116 2103598
1117 2141036
1118 144733
1119 165758
1120 163209
1121 41519
1122 154688
1123 18314
1124 1887370
1125 543441
1126 1432804
1127 36624
1128 343851
1129 385375
1130 222164
1131 54914
1132 526661
1133 294202
1134 123110
1135 36611
1136 18315
1137 18302
1138 28692
1139 282113
1140 18313
1141 294995
1142 115847
1143 190838
1144 434711
1145 155690
1146 18314
1147 345520
1148 1179185
1149 274022
1150 377166
1151 78749
1152 613936
1153 238940
1154 136219
1155 609628
1156 593947
1157 174310
1158 318777
1159 228306
1160 93019
1161 18315
1162 221975
1163 171061
1164 156170
1165 144012
1166 418996
1167 18312
1168 220496
1169 122351
1170 815371
1171 156278
1172 273798
1173 164531
1174 1045665
1175 404321
1176 108327
1177 78815
1178 18312
1179 146303
1180 371035
1181 60537
1182 349853
1183 90062
1184 54898
1185 153904
1186 127333
1187 54184
1188 63697
1189 50236
1190 121086
1191 372747
1192 25576
1193 123717
1194 30326
1195 69317
1196 106921
1197 893728
1198 72854
1199 36992
1200 920388
1201 64900
1202 82660
1203 543323
1204 479948
1205 920827
1206 97791
1207 32088
1208 82994
1209 775522
1210 94757
1211 18308
1212 905914
1213 938476
1214 111540
1215 125208
1216 1230655
1217 780204
1218 512873
1219 102351
1220 4234312
1221 128783
1222 1307263
1223 4201738
1224 434500
1225 4483295
1226 4199179
1227 74231
1228 4440121
1229 1241986
1230 807738
1231 59470
1232 754869
1233 4198787
1234 1237568
1235 849659
1236 377557
1237 263356
1238 754719
1239 4428889
1240 849640
1241 268536
1242 183599
1243 171400
1244 18313
1245 951142
1246 65082
1247 4380714
1248 258503
1249 265942
1250 162748
1251 54175
1252 120244
1253 85510
1254 848951
1255 165160
1256 4434413
1257 217578
1258 1274539
1259 71551
1260 50155
1261 859947
1262 550986
1263 3182804
1264 890005
1265 185839
1266 2500019
1267 652498
1268 255219
1269 57804
1270 3960586
1271 185646
1272 3233350
1273 62326
1274 1888598
1275 1697908
1276 463914
1277 298765
1278 430247
1279 1213040
1280 36901
1281 349127
1282 41565
1283 61339
1284 569988
1285 3558945
1286 925449
1287 2979870
1288 117614
1289 73864
1290 696005
1291 861940
1292 3367757
1293 1701064
1294 1369843
1295 104693
1296 501643
1297 593224
1298 2541144
1299 66719
1300 34659
1301 1467953
1302 44313
1303 589435
1304 25285
1305 555966
1306 40032
1307 838228
1308 33878
1309 420131
1310 23727
1311 65405
1312 1478579
1313 444164
1314 35044
1315 417396
1316 44978
1317 1006484
1318 429434
1319 701282
1320 415809
1321 40210
1322 420843
1323 704036
1324 1001650
1325 405001
1326 423368
1327 48218
1328 801901
1329 80396
1330 1039971
1331 51503
1332 59686
1333 101776
1334 398012
1335 68652
1336 1024505
1337 18308
1338 38646
1339 1019834
1340 43179
1341 392760
1342 45788
1343 1022240
1344 117118
1345 33859
1346 391194
1347 65709
1348 791257
1349 566715
1350 36619
1351 834426
1352 18312
1353 542301
1354 310276
1355 117199
1356 1027054
1357 85202
1358 204165
1359 395706
1360 46052
1361 66979
1362 1033099
1363 54920
1364 476916
1365 18312
1366 697648
1367 36619
1368 283704
1369 1039722
1370 253590
1371 201482
1372 1072865
1373 18312
1374 116354
1375 493083
1376 18313
1377 499814
1378 36615
1379 705242
1380 403070
1381 668643
1382 450600
1383 86587
1384 453515
1385 412186
1386 507024
1387 1070523
1388 797756
1389 51090
1390 18311
1391 48102
1392 645331
1393 1729496
1394 198704
1395 86762
1396 18307
1397 36623
1398 682663
1399 36956
1400 283090
1401 1137464
1402 742303
1403 2382687
1404 669270
1405 1240667
1406 36620
1407 215092
1408 838024
1409 125833
1410 817359
1411 18311
1412 121451
1413 18314
1414 114149
1415 2486518
1416 39176
1417 657634
1418 105216
1419 152736
1420 821075
1421 109797
1422 30490
1423 42734
1424 36618
1425 18312
1426 128058
1427 18312
1428 387298
1429 360602
1430 364790
1431 318318
1432 233890
1433 52400
1434 34100
1435 18310
1436 323499
1437 223634
1438 54914
1439 18309
1440 18310
1441 134359
1442 416005
1443 910399
1444 230035
1445 127499
1446 901946
1447 139261
1448 1113802
1449 281439
1450 739967
1451 1159959
1452 54879
1453 36591
1454 18312
1455 1156867
1456 18298
1457 54915
1458 803278
1459 887689
1460 1315189
1461 634761
1462 1354025
1463 91486
1464 36616
1465 833695
1466 73198
1467 453906
1468 201154
1469 54905
1470 146358
1471 643596
1472 36608
1473 91499
1474 18307
1475 18314
1476 437681
1477 18311
1478 36617
1479 36621
1480 1054014
1481 18311
1482 73210
1483 18313
1484 54916
1485 36616
1486 422179
1487 1040973
1488 18311
1489 599363
1490 1376720
1491 647640
1492 418122
1493 383467
1494 36624
1495 18315
1496 1629693
1497 376494
1498 418468
1499 361364
1500 1216445
1501 93606
1502 73204
1503 308752
1504 99656
1505 18315
1506 607351
1507 383619
1508 54909
1509 373482
1510 298167
1511 304322
1512 36623
1513 285559
1514 367653
1515 36607
1516 368070
1517 201119
1518 110333
1519 18314
1520 354167
1521 586370
1522 395553
1523 182887
1524 125629
1525 312191
1526 164659
1527 109745
1528 18314
1529 36621
1530 61545
1531 18313
1532 18303
1533 159364
1534 388139
1535 51679
1536 328536
1537 21490
1538 18309
1539 182737
1540 54860
1541 36579
1542 73137
1543 18291
1544 200913
1545 36581
1546 219161
1547 18292
1548 18293
1549 273967
1550 36959
1551 36577
1552 18760
1553 18773
1554 18291
1555 36949
1556 55129
1557 3677747
1558 2860309
1559 2623775
1560 1115706
1561 1508958
1562 3001630
1563 140088
1564 1114332
1565 3420784
1566 456454
1567 1121539
1568 126702
1569 3453488
1570 1701121
1571 2024322
1572 2479048
1573 2466546
1574 18312
1575 115809
1576 41659
1577 1289339
1578 2473901
1579 232312
1580 2843112
1581 2814432
1582 1669083
1583 32776
1584 2836976
1585 112768
1586 64671
1587 534276
1588 1276576
1589 139549
1590 147192
1591 472099
1592 2331517
1593 63833
1594 65544
1595 46223
1596 108646
1597 557471
1598 2324760
1599 29650
1600 125540
1601 2965052
1602 46797
1603 41231
1604 103576
1605 25230
1606 510478
1607 203976
1608 2331419
1609 67235
1610 1312459
1611 95768
1612 339348
1613 500462
1614 94316
1615 51137
1616 60835
1617 500888
1618 95530
1619 208957
1620 2423349
1621 844084
1622 83084
1623 2457161
1624 78495
1625 61158
1626 961541
1627 161742
1628 107447
1629 194814
1630 370081
1631 2967950
1632 248168
1633 64522
1634 119757
1635 434876
1636 728565
1637 546860
1638 236679
1639 319164
1640 491231
1641 136246
1642 1303697
1643 144423
1644 560813
1645 146273
1646 349310
1647 570518
1648 1650500
1649 103358
1650 90027
1651 2608154
1652 116408
1653 483448
1654 2566416
1655 951965
1656 325303
1657 2188758
1658 36820
1659 863423
1660 564172
1661 301955
1662 50234
1663 41013
1664 925219
1665 2645013
1666 960633
1667 53220
1668 412812
1669 582688
1670 1639146
1671 370498
1672 319190
1673 846341
1674 149094
1675 394231
1676 181992
1677 1432440
1678 546578
1679 305334
1680 56652
1681 527194
1682 540027
1683 1105943
1684 29971
1685 1533396
1686 269626
1687 23860
1688 99147
1689 102634
1690 59384
1691 98988
1692 1383345
1693 44451
1694 554789
1695 955604
1696 588625
1697 557259
1698 104068
1699 241910
1700 1352397
1701 76418
1702 603153
1703 72014
1704 432181
1705 135146
1706 3535313
1707 4320593
1708 18313
1709 2135802
1710 1368721
1711 275249
1712 18309
1713 126354
1714 62495
1715 3881700
1716 686521
1717 2917311
1718 1317498
1719 121124
1720 73195
1721 54902
1722 36603
1723 18299
1724 740739
1725 578669
1726 44257
1727 977861
1728 1271705
1729 1078395
1730 289660
1731 291033
1732 768175
1733 749674
1734 2862779
1735 146394
1736 2063159
1737 730267
1738 140474
1739 516247
1740 197841
1741 2735655
1742 344144
1743 590601
1744 1474788
1745 2011530
1746 1337863
1747 140134
1748 323806
1749 187142
1750 46635
1751 90192
1752 35478
1753 695494
1754 743038
1755 2013453
1756 759556
1757 35197
1758 1142677
1759 2056922
1760 47595
1761 1178649
1762 827484
1763 1584395
1764 484859
1765 400978
1766 92936
1767 1228367
1768 833309
1769 292092
1770 748750
1771 1178351
1772 137202
1773 1861170
1774 78085
1775 280243
1776 742183
1777 258665
1778 1862741
1779 721259
1780 81786
1781 1884185
1782 66220
1783 337948
1784 145939
1785 415979
1786 727880
1787 103330
1788 58984
1789 432460
1790 1005485
1791 42594
1792 57024
1793 321791
1794 88496
1795 76314
1796 36037
1797 231843
1798 166709
1799 289537
1800 45019
1801 297690
1802 1739353
1803 2558702
1804 282014
1805 1584080
1806 2262611
1807 273831
1808 1554135
1809 3361133
1810 2259252
1811 256022
1812 2245536
1813 2149268
1814 1223879
1815 18314
1816 1128811
1817 54907
1818 1143709
1819 273306
1820 228388
1821 36610
1822 2568269
1823 2126847
1824 18307
1825 2250414
1826 92023
1827 218186
1828 73781
1829 18311
1830 68824
1831 2627673
1832 1645865
1833 1138825
1834 2085933
1835 1098318
1836 4242669
1837 930171
1838 80389
1839 1090519
1840 1530133
1841 23016
1842 26996
1843 70300
1844 62618
1845 54925
1846 310600
1847 933210
1848 36623
1849 943060
1850 2038892
1851 1072237
1852 148944
1853 18314
1854 83360
1855 129552
1856 611954
1857 144344
1858 1168938
1859 18314
1860 54903
1861 137192
1862 36582
1863 48434
1864 920613
1865 768306
1866 36607
1867 1063834
1868 131412
1869 1685460
1870 1095736
1871 54060
1872 865385
1873 50429
1874 27271
1875 2021418
1876 5712945
1877 20404
1878 131699
1879 30529
1880 18294
1881 753068
1882 38610
1883 54924
1884 18315
1885 18306
1886 4373930
1887 122002
1888 36622
1889 1048102
1890 46752
1891 944551
1892 36622
1893 120313
1894 277382
1895 1651725
1896 282146
1897 736473
1898 64267
1899 41184
1900 18314
1901 82370
1902 227799
1903 726813
1904 104248
1905 54924
1906 200519
1907 36621
1908 147299
1909 73637
1910 18313
1911 499157
1912 412474
1913 75510
1914 34870
1915 121367
1916 91501
1917 18309
1918 487939
1919 73212
1920 379761
1921 551816
1922 167915
1923 54916
1924 588292
1925 36620
1926 87909
1927 86145
1928 18314
1929 364508
1930 219413
1931 18312
1932 61319
1933 36615
1934 339059
1935 23654
1936 349759
1937 18313
1938 36624
1939 18310
1940 569608
1941 62251
1942 89346
1943 155410
1944 119512
1945 73084
1946 18315
1947 119821
1948 335687
1949 18314
1950 49208
1951 18313
1952 18314
1953 1507826
1954 37655
1955 321248
1956 411620
1957 181810
1958 37405
1959 306096
1960 216226
1961 1405648
1962 305587
1963 128057
1964 126322
1965 177657
1966 109779
1967 316856
1968 91495
1969 164173
1970 1619595
1971 128332
1972 157417
1973 1625739
1974 448444
1975 1017238
1976 171810
1977 205333
1978 122113
1979 59284
1980 143283
1981 1756057
1982 160731
1983 73205
1984 43884
1985 222112
1986 54912
1987 47029
1988 253269
1989 36613
1990 60534
1991 91522
1992 18309
1993 70396
1994 36621
1995 226510
1996 121883
1997 36623
1998 116587
1999 171326
2000 191184
2001 164085
2002 127785
2003 209054
2004 1756891
2005 30483
2006 54929
2007 128075
2008 452327
2009 1729717
2010 18314
2011 127397
2012 141750
2013 18314
2014 230686
2015 109760
2016 301655
2017 18326
2018 299749
2019 36621
2020 18310
2021 18315
2022 102545
2023 73209
2024 18310
2025 1040239
2026 73206
2027 307809
2028 170397
2029 508832
2030 170073
2031 316066
2032 58037
2033 1729448
2034 1448688
2035 390253
2036 261849
2037 1456007
2038 42674
2039 3762382
2040 120390
2041 487868
2042 225963
2043 189003
2044 226962
2045 362255
2046 129943
2047 2558754
2048 230653
2049 453034
2050 56935
2051 1787941
2052 235843
2053 88435
2054 234823
2055 3663705
2056 77207
2057 2417075
2058 65492
2059 72645
2060 42169
2061 168052
2062 142090
2063 54488
2064 2418500
2065 456169
2066 352042
2067 75947
2068 423358
2069 2197816
2070 131944
2071 54647
2072 2286858
2073 3232268
2074 108153
2075 696146
2076 83111
2077 29807
2078 506307
2079 403073
2080 251566
2081 227992
2082 49917
2083 194152
2084 123698
2085 2075290
2086 36604
2087 53245
2088 58215
2089 97340
2090 168857
2091 189637
2092 292790
2093 73244
2094 861330
2095 117004
2096 1927025
2097 107364
2098 18303
2099 426811
2100 469336
2101 470875
2102 111025
2103 268756
2104 84225
2105 73216
2106 94132
2107 117176
2108 318346
2109 36616
2110 206034
2111 18314
2112 29150
2113 184196
2114 664717
2115 18316
2116 123170
2117 277891
2118 39867
2119 154655
2120 339505
2121 255342
2122 68800
2123 18314
2124 72104
2125 50771
2126 555798
2127 62411
2128 229963
2129 53706
2130 50763
2131 244481
2132 221423
2133 32015
2134 1650263
2135 79449
2136 202632
2137 226081
2138 1593406
2139 1879706
2140 651970
2141 54920
2142 1204690
2143 234840
2144 183012
2145 1190246
2146 611468
2147 1189403
2148 509963
2149 1212171
2150 502166
2151 141490
2152 636351
2153 141654
2154 442336
2155 952909
2156 160696
2157 1301675
2158 347286
2159 679677
2160 937277
2161 113317
2162 672031
2163 1218021
2164 56676
2165 260195
2166 1643372
2167 219130
2168 55714
2169 18311
2170 73216
2171 54881
2172 18314
2173 397707
2174 36593
2175 24409
2176 30519
2177 18314
2178 563036
2179 357080
2180 630208
2181 329255
2182 473928
2183 18299
2184 66181
2185 243958
2186 348336
2187 614249
2188 36620
2189 272404
2190 573349
2191 210481
2192 81070
2193 439397
2194 18314
2195 602748
2196 1801218
2197 489538
2198 235932
2199 344566
2200 228711
2201 599953
2202 54920
2203 238130
2204 1880184
2205 18311
2206 18315
2207 89956
2208 320915
2209 371140
2210 18311
2211 301912
2212 18310
2213 100164
2214 18310
2215 110844
2216 731672
2217 18311
2218 303290
2219 86113
2220 18314
2221 683880
2222 313636
2223 522854
2224 82107
2225 328890
2226 153402
2227 125764
2228 18309
2229 1725169
2230 18315
2231 313830
2232 344541
2233 130811
2234 832714
2235 87461
2236 18315
2237 774185
2238 114947
2239 257628
2240 478252
2241 18310
2242 255111
2243 360568
2244 339669
2245 18313
2246 93793
2247 18306
2248 18310
2249 593131
2250 248586
2251 321792
2252 286663
2253 102105
2254 133807
2255 73223
2256 376741
2257 18308
2258 269252
2259 410449
2260 144884
2261 18311
2262 36618
2263 314322
2264 18315
2265 391805
2266 38973
2267 30624
2268 27079
2269 33085
2270 314858
2271 288268
2272 402621
2273 25154
2274 307806
2275 97263
2276 296673
2277 72502
2278 401548
2279 278484
2280 424236
2281 164577
2282 260300
2283 416115
2284 287417
2285 182300
2286 105052
2287 146313
2288 176070
2289 65134
2290 853178
2291 67253
2292 174759
2293 177688
2294 870526
2295 128042
2296 233350
2297 133500
2298 80623
2299 196421
2300 201772
2301 109766
2302 208971
2303 223921
2304 36623
2305 241466
2306 888115
2307 354557
2308 91484
2309 242124
2310 18315
2311 905736
2312 347282
2313 197625
2314 923377
2315 230424
2316 223951
2317 362485
2318 92991
2319 205793
2320 187668
2321 164439
2322 378923
2323 73196
2324 332017
2325 348210
2326 74442
2327 56260
2328 365817
2329 54906
2330 146177
2331 38403
2332 941076
2333 166757
2334 467540
2335 170449
2336 383504
2337 128070
2338 173506
2339 127924
2340 958845
2341 25556
2342 1213437
2343 73196
2344 757006
2345 24405
2346 73212
2347 752987
2348 483323
2349 761355
2350 36597
2351 707990
2352 24402
2353 767981
2354 24864
2355 91466
2356 401306
2357 109791
2358 601880
2359 775382
2360 54917
2361 792387
2362 109664
2363 24359
2364 73183
2365 500948
2366 116329
2367 110442
2368 54894
2369 436611
2370 91507
2371 24407
2372 36616
2373 18303
2374 36542
2375 34390
2376 115486
2377 177679
2378 800544
2379 478354
2380 18311
2381 91399
2382 73128
2383 139340
2384 270992
2385 84584
2386 18313
2387 18313
2388 30529
2389 199789
2390 217866
2391 54929
2392 87124
2393 306605
2394 107728
2395 148625
2396 36652
2397 116654
2398 18312
2399 18385
2400 154804
2401 79281
2402 61068
2403 148997
2404 525885
2405 54917
2406 148420
2407 36615
2408 18313
2409 67053
2410 98340
2411 18311
2412 61061
2413 167111
2414 93353
2415 539488
2416 175190
2417 18310
2418 61649
2419 575746
2420 75156
2421 156723
2422 170518
2423 188567
2424 18315
2425 5197121
2426 4825559
2427 206633
2428 88564
2429 4948561
2430 4917988
2431 77757
2432 4756293
2433 97581
2434 4801474
2435 5347819
2436 4618059
2437 186301
2438 48223
2439 3060977
2440 180522
2441 245366
2442 316425
2443 3137166
2444 268983
2445 5458356
2446 4804000
2447 235155
2448 3051311
2449 39319
2450 3041907
2451 1002979
2452 179198
2453 4671253
2454 226257
2455 175995
2456 410182
2457 4732226
2458 1005079
2459 300384
2460 314381
2461 219129
2462 2357757
2463 704443
2464 42163
2465 393068
2466 218282
2467 237807
2468 1438821
2469 191657
2470 491277
2471 902651
2472 230907
2473 2636414
2474 214293
2475 2394029
2476 207638
2477 174575
2478 677036
2479 1192275
2480 2015866
2481 221421
2482 234769
2483 721540
2484 468219
2485 158395
2486 1882515
2487 367539
2488 143525
2489 247271
2490 73221
2491 61925
2492 129474
2493 248731
2494 93719
2495 1622355
2496 907242
2497 275858
2498 1645229
2499 127141
2500 424727
2501 595625
2502 222226
2503 506975
2504 206368
2505 54919
2506 36619
2507 580116
2508 18313
2509 39686
2510 104821
2511 164142
2512 128061
2513 61946
2514 1059053
2515 1611114
2516 76427
2517 60352
2518 1062275
2519 38946
2520 18308
2521 1049189
2522 109793
2523 33972
2524 1620060
2525 42710
2526 1036457
2527 48815
2528 30515
2529 24418
2530 30517
2531 18312
2532 1006027
2533 1015369
2534 1075825
2535 380941
2536 764911
2537 378346
2538 379056
2539 961064
2540 761688
2541 665689
2542 879413
2543 56004
2544 673199
2545 69001
2546 682027
2547 887369
2548 1531228
2549 691169
2550 1520621
2551 491231
2552 405495
2553 942826
2554 919421
2555 392038
2556 1032285
2557 863074
2558 473078
2559 633923
2560 65168
2561 980642
2562 57164
2563 871000
2564 454919
2565 380712
2566 91804
2567 617353
2568 95825
2569 1126829
2570 36620
2571 1028357
2572 69619
2573 436756
2574 869147
2575 54918
2576 111760
2577 19889
2578 1510944
2579 494580
2580 152063
2581 35941
2582 18312
2583 813400
2584 418586
2585 36617
2586 188768
2587 1363594
2588 819254
2589 196832
2590 454270
2591 400410
2592 36616
2593 18311
2594 18311
2595 828446
2596 688270
2597 382228
2598 1378427
2599 54913
2600 36606
2601 36614
2602 216883
2603 18310
2604 1617128
2605 812795
2606 364041
2607 955968
2608 1422174
2609 224989
2610 437708
2611 1158375
2612 345850
2613 240232
2614 18305
2615 922209
2616 1194519
2617 327653
2618 368616
2619 716246
2620 702006
2621 690049
2622 686125
2623 18300
2624 54885
2625 18300
2626 73168
2627 109736
2628 146277
2629 18305
2630 18306
2631 292693
2632 183888
2633 150633
2634 36607
2635 18305
2636 54278
2637 18310
2638 25915
2639 44849
2640 18313
2641 121844
2642 103684
2643 24516
2644 73180
2645 30574
2646 36595
2647 18304
2648 42720
2649 18302
2650 18313
2651 54924
2652 18313
2653 91466
2654 73187
2655 54905
2656 36621
2657 18343
2658 18348
2659 36631
2660 54914
2661 73214
2662 18312
2663 36618
2664 18312
2665 18314
2666 18225
2667 36446
2668 72877
2669 18228
2670 109285
2671 18228
2672 127466
2673 145654
2674 163840
2675 182020
2676 200194
2677 218366
2678 236593
2679 254813
2680 273030
2681 291243
2682 309451
2683 18313
2684 18315
2685 217887
2686 297290
2687 109771
2688 91488
2689 274791
2690 73202
2691 54911
2692 18310
2693 18310
2694 285246
2695 119288
2696 135403
2697 64920
2698 39790
2699 24271
2700 18309
2701 36615
2702 454688
2703 410957
2704 404403
2705 18308
2706 838888
2707 843026
2708 834812
2709 830940
2710 827394
2711 824129
2712 974475
2713 586065
2714 572454
2715 546372
2716 847538
2717 582912
2718 559629
2719 18313
2720 63838
2721 588064
2722 48499
2723 35117
2724 857499
2725 28897
2726 91485
2727 713427
2728 33359
2729 872674
2730 731087
2731 73200
2732 54909
2733 36612
2734 18309
2735 888081
2736 1024714
2737 337835
2738 473182
2739 830910
2740 321375
2741 164614
2742 403126
2743 824352
2744 146348
2745 397435
2746 128076
2747 305462
2748 79682
2749 854386
2750 305643
2751 60608
2752 290702
2753 78455
2754 18314
2755 109797
2756 418256
2757 276752
2758 65504
2759 18312
2760 47762
2761 248445
2762 856576
2763 185597
2764 91513
2765 594090
2766 18312
2767 474964
2768 841791
2769 18314
2770 284433
2771 435014
2772 197122
2773 18313
2774 242048
2775 1124690
2776 18309
2777 114127
2778 459223
2779 250672
2780 73223
2781 694075
2782 73222
2783 54926
2784 18314
2785 36621
2786 18314
2787 238162
2788 24418
2789 24417
2790 18313
2791 18313
2792 79254
2793 91496
2794 374295
2795 313060
2796 401707
2797 134375
2798 439681
2799 18313
2800 54925
2801 18313
2802 73755
2803 18315
2804 24408
2805 24417
2806 257114
2807 1343950
2808 365235
2809 18314
2810 101916
2811 351259
2812 1115388
2813 55503
2814 54910
2815 1146277
2816 124765
2817 139573
2818 351370
2819 36613
2820 18313
2821 18309
2822 36621
2823 18309
2824 146232
2825 18298
2826 255743
2827 109696
2828 91428
2829 73154
2830 54874
2831 36588
2832 18297
2833 91428
2834 73154
2835 54874
2836 36587
2837 18297
2838 2083875
2839 2140691
2840 2132971
2841 70197
2842 52006
2843 2147211
2844 39251
2845 1699216
2846 37123
2847 36621
2848 2161780
2849 18313
2850 1717986
2851 45779
2852 1583488
2853 66837
2854 48631
2855 199773
2856 36080
2857 1538537
2858 128398
2859 18313
2860 1586504
2861 34705
2862 297665
2863 301863
2864 275965
2865 42877
2866 54911
2867 36613
2868 18310
2869 200308
2870 192730
2871 171791
2872 73223
2873 18315
2874 24415
2875 36622
2876 24418
2877 1439644
2878 155300
2879 18315
2880 18315
2881 159307
2882 457083
2883 18314
2884 188837
2885 54923
2886 70372
2887 18313
2888 24417
2889 73217
2890 24412
2891 30518
2892 18315
2893 56056
2894 1102316
2895 18314
2896 18315
2897 18312
2898 36619
2899 109807
2900 128067
2901 54922
2902 146339
2903 36621
2904 164604
2905 18313
2906 274204
2907 292293
2908 91505
2909 73216
2910 54920
2911 36619
2912 18312
2913 73186
2914 36579
2915 18325
2916 18306
2917 164594
2918 183797
2919 73198
2920 36607
2921 18306
2922 18306
2923 18155
2924 18314
2925 210843
2926 574945
2927 208470
2928 243162
2929 379704
2930 328349
2931 1630933
2932 1683856
2933 334073
2934 367938
2935 148938
2936 1600742
2937 359692
2938 487234
2939 1428828
2940 380352
2941 1600792
2942 264739
2943 1676453
2944 63392
2945 408455
2946 393715
2947 79432
2948 146277
2949 1514663
2950 381509
2951 219195
2952 1607000
2953 514739
2954 325484
2955 239232
2956 18314
2957 381010
2958 1618440
2959 54921
2960 200954
2961 248542
2962 1631755
2963 36620
2964 372918
2965 1687681
2966 509505
2967 182734
2968 18313
2969 133241
2970 435702
2971 534203
2972 36623
2973 534539
2974 397738
2975 118310
2976 548292
2977 18298
2978 320904
2979 225509
2980 18314
2981 879046
2982 144086
2983 230722
2984 266693
2985 303765
2986 792411
2987 36623
2988 277762
2989 1106981
2990 254368
2991 146213
2992 18314
2993 120623
2994 127980
2995 120501
2996 59761
2997 18312
2998 90869
2999 112332
3000 46064
3001 1126131
3002 36596
3003 73153
3004 18301
3005 149663
3006 67884
3007 111080
3008 18297
3009 36588
3010 837245
3011 49604
3012 18297
3013 34579
3014 36588
3015 31328
3016 517027
3017 353735
3018 18296
3019 22303
3020 78149
3021 180043
3022 28790
3023 73267
3024 27600
3025 48880
3026 1086190
3027 41916
3028 37439
3029 504065
3030 67040
3031 51808
3032 78871
3033 28527
3034 381964
3035 572571
3036 128411
3037 1073999
3038 338888
3039 331393
3040 127733
3041 79623
3042 131883
3043 18312
3044 80222
3045 71175
3046 88154
3047 86015
3048 18313
3049 117253
3050 36619
3051 18310
3052 434777
3053 343548
3054 36578
3055 18292
3056 18311
3057 18315
3058 127483
3059 91441
3060 18314
3061 57789
3062 18314
3063 39581
3064 18313
3065 18314
3066 18312
3067 18314
3068 148194
3069 206681
3070 126519
3071 131709
3072 748674
3073 123778
3074 18310
3075 185469
3076 694862
3077 330716
3078 254837
3079 743023
3080 94857
3081 316322
3082 89603
3083 57316
3084 111198
3085 620676
3086 36621
3087 698941
3088 618308
3089 190099
3090 352522
3091 182845
3092 58729
3093 336890
3094 214885
3095 518705
3096 190999
3097 112889
3098 36623
3099 18313
3100 266195
3101 99207
3102 316451
3103 18309
3104 122553
3105 514828
3106 331051
3107 18315
3108 67362
3109 326016
3110 164631
3111 826522
3112 18315
3113 326113
3114 204669
3115 764084
3116 1974821
3117 53357
3118 40337
3119 54913
3120 2114419
3121 38709
3122 1922019
3123 1258432
3124 91497
3125 38155
3126 2252047
3127 36622
3128 36613
3129 779117
3130 2788101
3131 1242151
3132 46527
3133 2181012
3134 1254440
3135 1207878
3136 18308
3137 1192469
3138 1267671
3139 1168374
3140 73209
3141 18314
3142 18303
3143 54915
3144 18310
3145 1171622
3146 2310110
3147 240992
3148 1198983
3149 238373
3150 1317057
3151 124214
3152 332602
3153 36615
3154 125765
3155 54968
3156 1086161
3157 306250
3158 117153
3159 2317888
3160 127803
3161 338719
3162 178117
3163 1119549
3164 141729
3165 212640
3166 73213
3167 18313
3168 1104346
3169 30516
3170 54886
3171 24410
3172 290349
3173 207238
3174 18311
3175 158615
3176 165341
3177 86663
3178 36593
3179 99371
3180 226004
3181 1345047
3182 235689
3183 18309
3184 249027
3185 18311
3186 295103
3187 263107
3188 18311
3189 18311
3190 54921
3191 18312
3192 1075466
3193 971013
3194 1067092
3195 73211
3196 54916
3197 18310
3198 966894
3199 36616
3200 18311
3201 1014835
3202 972090
3203 974272
3204 977461
3205 91483
3206 73194
3207 54903
3208 981446
3209 36607
3210 18306
3211 986016
3212 990917
3213 1335372
3214 946254
3215 733964
3216 715952
3217 951994
3218 697948
3219 958350
3220 681415
3221 219345
3222 201098
3223 965261
3224 445548
3225 182846
3226 427511
3227 972513
3228 164604
3229 409496
3230 1315257
3231 391498
3232 1402059
3233 1414181
3234 373628
3235 212188
3236 103650
3237 1333879
3238 355890
3239 42713
3240 85370
3241 1341434
3242 338161
3243 398148
3244 67088
3245 320456
3246 194012
3247 302775
3248 285100
3249 267438
3250 249795
3251 48802
3252 237544
3253 230821
3254 229722
3255 234272
3256 163803
3257 380178
3258 239168
3259 30515
3260 244279
3261 362239
3262 175875
3263 24420
3264 157738
3265 250254
3266 30519
3267 257188
3268 344316
3269 264509
3270 272131
3271 326423
3272 152222
3273 139624
3274 144754
3275 308576
3276 290772
3277 280016
3278 288156
3279 248935
3280 272994
3281 296424
3282 255228
3283 345699
3284 237469
3285 219717
3286 180186
3287 121582
3288 153080
3289 135062
3290 168062
3291 161769
3292 103591
3293 161235
3294 166387
3295 123654
3296 118893
3297 171734
3298 177386
3299 183163
3300 189050
3301 195043
3302 85681
3303 73660
3304 67470
3305 61329
3306 117101
3307 18313
3308 434530
3309 403531
3310 208454
3311 85949
3312 91343
3313 18311
3314 54747
3315 36502
3316 18251
3317 109473
3318 36509
3319 18258
3320 149167
3321 180524
3322 139441
3323 18312
3324 2347963
3325 18313
3326 18314
3327 54928
3328 18314
3329 18313
3330 36831
3331 399102
3332 414500
3333 384821
3334 374600
3335 18311
3336 362084
3337 51543
3338 18314
3339 24973
3340 28348
3341 1269383
3342 1239021
3343 1230445
3344 1328314
3345 255743
3346 237589
3347 54873
3348 1170799
3349 1177762
3350 18289
3351 164603
3352 24392
3353 73193
3354 73194
3355 30511
3356 24399
3357 18307
3358 54904
3359 36608
3360 18307
3361 1089104
3362 2671950
3363 103421
3364 2610786
3365 47298
3366 31754
3367 178791
3368 50529
3369 1691454
3370 43770
3371 50088
3372 266416
3373 26102
3374 123089
3375 27547
3376 35121
3377 48159
3378 18315
3379 2607725
3380 22275
3381 71425
3382 47884
3383 345732
3384 37658
3385 100077
3386 52019
3387 2032884
3388 2266598
3389 146346
3390 364968
3391 128088
3392 109164
3393 18315
3394 91518
3395 2194026
3396 260314
3397 177260
3398 1668836
3399 54925
3400 97809
3401 18314
3402 54923
3403 18314
3404 82404
3405 18312
3406 18313
3407 18312
3408 36616
3409 99758
3410 584221
3411 169803
3412 18310
3413 1654119
3414 18315
3415 65433
3416 117654
3417 178072
3418 1699262
3419 36622
3420 107253
3421 18314
3422 2758093
3423 36623
3424 937592
3425 952714
3426 18314
3427 1202450
3428 761422
3429 544078
3430 284710
3431 840266
3432 756478
3433 752829
3434 803805
3435 246296
3436 54913
3437 271192
3438 787825
3439 643011
3440 24690
3441 784119
3442 240773
3443 34508
3444 36611
3445 18305
3446 493253
3447 31924
3448 731994
3449 2496196
3450 2330615
3451 2327329
3452 1130189
3453 54914
3454 1067130
3455 91481
3456 999568
3457 73193
3458 54900
3459 36615
3460 36601
3461 18310
3462 850347
3463 18300
3464 167491
3465 187257
3466 114942
3467 93228
3468 109129
3469 75093
3470 109555
3471 118076
3472 836714
3473 134963
3474 165118
3475 659526
3476 149897
3477 57102
3478 135114
3479 644161
3480 127878
3481 180851
3482 134018
3483 39257
3484 91481
3485 998217
3486 73194
3487 382922
3488 109602
3489 54903
3490 36607
3491 91320
3492 18310
3493 73066
3494 651528
3495 393461
3496 18306
3497 413031
3498 382675
3499 61995
3500 393423
3501 54805
3502 75625
3503 1039178
3504 36543
3505 89817
3506 18274
3507 393231
3508 384720
3509 383089
3510 756138
3511 340462
3512 131572
3513 70833
3514 124731
3515 263154
3516 112729
3517 122600
3518 129345
3519 270529
3520 135238
3521 778267
3522 492696
3523 54493
3524 129811
3525 483360
3526 37994
3527 280161
3528 748423
3529 946375
3530 2408971
3531 474884
3532 476009
3533 514031
3534 430987
3535 629185
3536 1969691
3537 51182
3538 138565
3539 424665
3540 127630
3541 852129
3542 438476
3543 1903034
3544 203448
3545 595229
3546 579904
3547 122504
3548 451930
3549 764324
3550 52701
3551 1780393
3552 23433
3553 127825
3554 1629426
3555 1946379
3556 46571
3557 113982
3558 54515
3559 186079
3560 64734
3561 50980
3562 168982
3563 113959
3564 118689
3565 152048
3566 34201
3567 357259
3568 984860
3569 18313
3570 54921
3571 367145
3572 36619
3573 321458
3574 18312
3575 383382
3576 400081
3577 417062
3578 855574
3579 315451
3580 1464814
3581 652659
3582 438935
3583 1439008
3584 164580
3585 422660
3586 975994
3587 58544
3588 41853
3589 348610
3590 982887
3591 26641
3592 330696
3593 146314
3594 168118
3595 23462
3596 168288
3597 312917
3598 128042
3599 190972
3600 109764
3601 139627
3602 91481
3603 295287
3604 127157
3605 73196
3606 278424
3607 195969
3608 61690
3609 54904
3610 43430
3611 190012
3612 208347
3613 323727
3614 73216
3615 28262
3616 54919
3617 30970
3618 26683
3619 36617
3620 24433
3621 36623
3622 18310
3623 431012
3624 30133
3625 225558
3626 106622
3627 73207
3628 83839
3629 48159
3630 141286
3631 417070
3632 308872
3633 99188
3634 322314
3635 54910
3636 336570
3637 335931
3638 201734
3639 399608
3640 410843
3641 229295
3642 352857
3643 109810
3644 31247
3645 290986
3646 45476
3647 150375
3648 18314
3649 333173
3650 572910
3651 53966
3652 36608
3653 18314
3654 18307
3655 607989
3656 670174
3657 161996
3658 356967
3659 171250
3660 683109
3661 186039
3662 283268
3663 355674
3664 231889
3665 834896
3666 112698
3667 227482
3668 126125
3669 94805
3670 18263
3671 137087
3672 146304
3673 247239
3674 76920
3675 898364
3676 353971
3677 905963
3678 59058
3679 18312
3680 66941
3681 42698
3682 109752
3683 137837
3684 37273
3685 233838
3686 42570
3687 126753
3688 141567
3689 943415
3690 938627
3691 934144
3692 867134
3693 995951
3694 788427
3695 279273
3696 827831
3697 144044
3698 286646
3699 334530
3700 727750
3701 248729
3702 192593
3703 729276
3704 245888
3705 142529
3706 130112
3707 276399
3708 54927
3709 36624
3710 252862
3711 131502
3712 261665
3713 18315
3714 807620
3715 18315
3716 398669
3717 505657
3718 1170711
3719 652924
3720 975967
3721 1038560
3722 259845
3723 117155
3724 536087
3725 288048
3726 110377
3727 532506
3728 132347
3729 271015
3730 451338
3731 334609
3732 121828
3733 269082
3734 329700
3735 738030
3736 24994
3737 18313
3738 1616889
3739 1253220
3740 417677
3741 1360328
3742 440160
3743 185282
3744 70768
3745 126451
3746 1271376
3747 1344291
3748 85258
3749 395709
3750 1180155
3751 176660
3752 1180088
3753 18315
3754 407921
3755 1455348
3756 188350
3757 306868
3758 1582933
3759 171189
3760 113934
3761 36612
3762 18308
3763 122915
3764 400529
3765 115885
3766 349235
3767 223478
3768 98535
3769 136259
3770 1523314
3771 98428
3772 88949
3773 300400
3774 160074
3775 36617
3776 299166
3777 205810
3778 36618
3779 189917
3780 90790
3781 18310
3782 142166
3783 18311
3784 221455
3785 201579
3786 92280
3787 126514
3788 423442
3789 193528
3790 341501
3791 113473
3792 294259
3793 1469483
3794 50774
3795 389270
3796 101778
3797 154022
3798 277937
3799 36616
3800 54922
3801 139012
3802 38964
3803 46640
3804 54906
3805 120778
3806 1059725
3807 1449094
3808 1050168
3809 269905
3810 253201
3811 260564
3812 232055
3813 242978
3814 59406
3815 1313271
3816 2657749
3817 36622
3818 18301
3819 18313
3820 230137
3821 201141
3822 1096281
3823 224776
3824 193786
3825 18313
3826 1031322
3827 136575
3828 116653
3829 1136265
3830 28485
3831 106172
3832 60055
3833 643872
3834 995144
3835 216854
3836 172064
3837 78262
3838 178942
3839 19566
3840 53283
3841 176825
3842 145427
3843 980869
3844 67763
3845 561984
3846 18313
3847 223900
3848 425915
3849 301852
3850 121091
3851 155717
3852 117778
3853 117787
3854 84770
3855 127587
3856 109322
3857 261235
3858 73167
3859 18314
3860 238567
3861 648978
3862 73215
3863 132532
3864 18233
3865 634595
3866 18313
3867 97064
3868 72901
3869 210916
3870 24331
3871 30362
3872 18235
3873 54919
3874 172815
3875 55686
3876 73209
3877 207298
3878 36617
3879 3507893
3880 42697
3881 140166
3882 18329
3883 103040
3884 18308
3885 24416
3886 88615
3887 39465
3888 29783
3889 1262843
3890 130753
3891 2916214
3892 114439
3893 27744
3894 1286360
3895 127470
3896 54867
3897 67415
3898 36586
3899 18296
3900 117821
3901 130836
3902 100963
3903 3366815
3904 60202
3905 30131
3906 81483
3907 1669532
3908 459526
3909 27800
3910 1068660
3911 419641
3912 35443
3913 67627
3914 1638622
3915 18317
3916 109745
3917 53039
3918 36619
3919 91461
3920 18310
3921 1030758
3922 73182
3923 30495
3924 240992
3925 96551
3926 79573
3927 68793
3928 69250
3929 165398
3930 135617
3931 133351
3932 125039
3933 131166
3934 146928
3935 211938
3936 225804
3937 52562
3938 460069
3939 472782
3940 44024
3941 222100
3942 44952
3943 1381818
3944 1584269
3945 204364
3946 192221
3947 325406
3948 187696
3949 139332
3950 189786
3951 172575
3952 68973
3953 158346
3954 117504
3955 70974
3956 94767
3957 76813
3958 59028
3959 41396
3960 28987
3961 33575
3962 50171
3963 18286
3964 36570
3965 54850
3966 19571
3967 18308
3968 36610
3969 18306
3970 36607
3971 32032
3972 33248
3973 40654
3974 52165
3975 68703
3976 86808
3977 104984
3978 123159
3979 141330
3980 159504
3981 18312
3982 36619
3983 54921
3984 73216
3985 54925
3986 24415
3987 18314
3988 474685
3989 1128203
3990 749673
3991 1096251
3992 18312
3993 1674779
3994 1769806
3995 225621
3996 1678348
3997 216558
3998 208084
3999 753165
4000 205129
4001 212388
4002 225309
4003 1005524
4004 387199
4005 35618
4006 417457
4007 351559
4008 340774
4009 29097
4010 54924
4011 881906
4012 322028
4013 18314
4014 24417
4015 30471
4016 411380
4017 748029
4018 730588
4019 163019
4020 26406
4021 746030
4022 304649
4023 113483
4024 40725
4025 77630
4026 44047
4027 854106
4028 732470
4029 57215
4030 279918
4031 39036
4032 52609
4033 18311
4034 273541
4035 21044
4036 618363
4037 36936
4038 291127
4039 148972
4040 18314
4041 234108
4042 128813
4043 233462
4044 40300
4045 237636
4046 465114
4047 131857
4048 485088
4049 266677
4050 414868
4051 350000
4052 148042
4053 18314
4054 101498
4055 294158
4056 194632
4057 237753
4058 104985
4059 82054
4060 347261
4061 36608
4062 71913
4063 224338
4064 91491
4065 73217
4066 445399
4067 40320
4068 36615
4069 18307
4070 426655
4071 264800
4072 18307
4073 81319
4074 103446
4075 249632
4076 73204
4077 49071
4078 83506
4079 54912
4080 235611
4081 54920
4082 36613
4083 140753
4084 18309
4085 36618
4086 383193
4087 31380
4088 346740
4089 133575
4090 18309
4091 85552
4092 133015
4093 19051
4094 18314
4095 24384
4096 68380
4097 328624
4098 38524
4099 18315
4100 273898
4101 222712
4102 94203
4103 34011
4104 18312
4105 36603
4106 255798
4107 18304
4108 90603
4109 113328
4110 18315
4111 36624
4112 147944
4113 147801
4114 115310
4115 18314
4116 36622
4117 18315
4118 99423
4119 86719
4120 184510
4121 100473
4122 73181
4123 54888
4124 36590
4125 18297
4126 201130
4127 109781
4128 18310
4129 73203
4130 54911
4131 24412
4132 18309
4133 18298
4134 36591
4135 54883
4136 146286
4137 73177
4138 54891
4139 36600
4140 18303
4141 53964
4142 35661
4143 18291
4144 18315
4145 54881
4146 73164
4147 36593
4148 18300
4149 91443
4150 18314
4151 54905
4152 175304
4153 36608
4154 133387
4155 128679
4156 65730
4157 18315
4158 18315
4159 137145
4160 18303
4161 74409
4162 152055
4163 89882
4164 167453
4165 157438
4166 54913
4167 170486
4168 18310
4169 18309
4170 307874
4171 317296
4172 128003
4173 200805
4174 109742
4175 1281817
4176 48787
4177 42694
4178 30499
4179 18312
4180 24410
4181 769912
4182 752003
4183 734126
4184 18312
4185 716276
4186 698457
4187 680652
4188 666639
4189 116794
4190 128061
4191 407818
4192 109784
4193 389969
4194 91501
4195 98604
4196 80575
4197 73213
4198 62739
4199 397513
4200 317827
4201 91451
4202 340338
4203 128006
4204 245076
4205 109732
4206 73172
4207 54919
4208 209891
4209 91455
4210 54887
4211 49980
4212 73173
4213 36596
4214 36588
4215 18300
4216 201913
4217 18296
4218 54886
4219 36595
4220 18300
4221 36618
4222 49146
4223 55228
4224 18312
4225 463815
4226 362768
4227 500376
4228 115588
4229 106534
4230 88570
4231 89458
4232 379706
4233 465949
4234 323706
4235 77446
4236 18314
4237 497345
4238 59926
4239 264996
4240 273784
4241 157176
4242 255558
4243 43499
4244 237430
4245 264464
4246 112686
4247 73149
4248 29507
4249 30479
4250 146183
4251 24397
4252 18296
4253 91404
4254 94013
4255 43837
4256 310324
4257 54851
4258 81593
4259 36563
4260 18290
4261 57336
4262 18315
4263 24389
4264 18272
4265 90739
4266 18289
4267 18315
4268 105451
4269 287251
4270 315946
4271 331245
4272 1635060
4273 293532
4274 307957
4275 1509685
4276 1677755
4277 54922
4278 122314
4279 1490265
4280 54916
4281 2087427
4282 1446877
4283 36620
4284 1538708
4285 826462
4286 127893
4287 18312
4288 870384
4289 142191
4290 36614
4291 18309
4292 1941133
4293 73207
4294 18313
4295 919315
4296 54912
4297 36611
4298 109723
4299 18305
4300 1472258
4301 91447
4302 515985
4303 54879
4304 18301
4305 353659
4306 36591
4307 164562
4308 293635
4309 18298
4310 73213
4311 146296
4312 235055
4313 128024
4314 109747
4315 91463
4316 54917
4317 2400471
4318 73187
4319 18313
4320 73203
4321 36617
4322 54911
4323 36602
4324 18304
4325 36613
4326 18304
4327 964624
4328 18311
4329 18308
4330 36616
4331 18310
4332 884756
4333 36619
4334 18312
4335 1859752
4336 18312
4337 18304
4338 24407
4339 200267
4340 204843
4341 1602111
4342 1424713
4343 1428183
4344 26511
4345 36620
4346 18312
4347 18314
4348 54920
4349 36619
4350 73217
4351 18313
4352 18314
4353 18313
4354 30515
4355 18314
4356 73213
4357 24411
4358 481886
4359 464709
4360 448030
4361 433220
4362 420042
4363 1166181
4364 411552
4365 110333
4366 102355
4367 302347
4368 713949
4369 691062
4370 406087
4371 302430
4372 18222
4373 67574
4374 246698
4375 36053
4376 287092
4377 317393
4378 30932
4379 379976
4380 84384
4381 59881
4382 25702
4383 39781
4384 372643
4385 176147
4386 76265
4387 53260
4388 177159
4389 38974
4390 107925
4391 74280
4392 36611
4393 715776
4394 80859
4395 117864
4396 185487
4397 383958
4398 187490
4399 78946
4400 18314
4401 189643
4402 73219
4403 18308
4404 164292
4405 170151
4406 902847
4407 38103
4408 49837
4409 867549
4410 315431
4411 236239
4412 249429
4413 18311
4414 91521
4415 282123
4416 65720
4417 54922
4418 30545
4419 65920
4420 248565
4421 18310
4422 36621
4423 36621
4424 18312
4425 36611
4426 474968
4427 36622
4428 20652
4429 193059
4430 41334
4431 18314
4432 18309
4433 76610
4434 37248
4435 18308
4436 18314
4437 18312
4438 18314
4439 433451
4440 160819
4441 34334
4442 18312
4443 1507222
4444 102175
4445 18312
4446 134433
4447 71252
4448 314624
4449 125254
4450 64107
4451 119588
4452 57002
4453 43068
4454 682656
4455 287805
4456 1191349
4457 566343
4458 616543
4459 18310
4460 54370
4461 348071
4462 274435
4463 299481
4464 18315
4465 187176
4466 60966
4467 42173
4468 36833
4469 29984
4470 274158
4471 51661
4472 357502
4473 182901
4474 45366
4475 24615
4476 18307
4477 109761
4478 73194
4479 36603
4480 18303
4481 18307
4482 180284
4483 263549
4484 272697
4485 91463
4486 73178
4487 287035
4488 252087
4489 54887
4490 208837
4491 336478
4492 36596
4493 191145
4494 735719
4495 173485
4496 36604
4497 1011018
4498 156540
4499 665547
4500 18301
4501 575856
4502 656918
4503 140906
4504 36612
4505 1024396
4506 125998
4507 18309
4508 18301
4509 111980
4510 101502
4511 18309
4512 72993
4513 91845
4514 105498
4515 73217
4516 67040
4517 18316
4518 36614
4519 18317
4520 186994
4521 50535
4522 247964
4523 336202
4524 460116
4525 296664
4526 206569
4527 525502
4528 297877
4529 226792
4530 307053
4531 26819
4532 266221
4533 73219
4534 309898
4535 24405
4536 40605
4537 30527
4538 109782
4539 317544
4540 18315
4541 157759
4542 109180
4543 167982
4544 53374
4545 140779
4546 20384
4547 73206
4548 18311
4549 184328
4550 331468
4551 73216
4552 361140
4553 36611
4554 18313
4555 36616
4556 431525
4557 166054
4558 24416
4559 24418
4560 18308
4561 18308
4562 368314
4563 393763
4564 73219
4565 54912
4566 30517
4567 24416
4568 36610
4569 18317
4570 18308
4571 382985
4572 449731
4573 54916
4574 36616
4575 1075666
4576 18311
4577 690470
4578 335017
4579 23921
4580 19220
4581 342405
4582 326292
4583 321932
4584 87202
4585 239165
4586 121383
4587 18314
4588 109801
4589 277723
4590 90638
4591 18313
4592 261295
4593 18312
4594 80533
4595 73218
4596 401588
4597 53690
4598 18314
4599 36618
4600 18314
4601 18316
4602 50804
4603 61821
4604 428042
4605 23242
4606 69066
4607 238453
4608 449565
4609 98143
4610 202473
4611 37559
4612 110313
4613 117665
4614 125910
4615 37754
4616 20522
4617 78726
4618 69768
4619 202351
4620 24992
4621 73200
4622 20152
4623 84093
4624 118667
4625 55486
4626 18313
4627 59958
4628 36620
4629 18312
4630 59589
4631 18240
4632 36616
4633 18311
4634 81067
4635 95774
4636 36616
4637 24417
4638 24411
4639 18315
4640 60578
4641 28636
4642 543672
4643 741719
4644 227611
4645 158969
4646 143743
4647 54922
4648 36619
4649 18313
4650 127900
4651 18314
4652 36621
4653 18312
4654 372249
4655 131733
4656 116185
4657 536097
4658 139044
4659 73182
4660 54894
4661 549969
4662 36599
4663 565267
4664 18301
4665 685824
4666 109774
4667 42711
4668 24409
4669 30504
4670 18310
4671 24413
4672 18308
4673 36610
4674 54906
4675 852396
4676 2818460
4677 2752105
4678 2743789
4679 22421
4680 26678
4681 979325
4682 20113
4683 72997
4684 36500
4685 18265
4686 18259
4687 91230
4688 127697
4689 18259
4690 182355
4691 36510
4692 18258
4693 18304
4694 36597
4695 18295
4696 54899
4697 86476
4698 45457
4699 56050
4700 18313
4701 73211
4702 30510
4703 24415
4704 18313
4705 54909
4706 36609
4707 18302
4708 73207
4709 54914
4710 36614
4711 18309
4712 519491
4713 522348
4714 529765
4715 537325
4716 547051
4717 846111
4718 359332
4719 341286
4720 323365
4721 305576
4722 288051
4723 270925
4724 254214
4725 237692
4726 221229
4727 204957
4728 189047
4729 174163
4730 160230
4731 147286
4732 135616
4733 124421
4734 113333
4735 104401
4736 97622
4737 91149
4738 84932
4739 80777
4740 83965
4741 92779
4742 102213
4743 115670
4744 133279
4745 249932
4746 259772
4747 275992
4748 107653
4749 292259
4750 99066
4751 522711
4752 97241
4753 510522
4754 294717
4755 535426
4756 209249
4757 622652
4758 76526
4759 99224
4760 54914
4761 36613
4762 51279
4763 193688
4764 18310
4765 75695
4766 671627
4767 57610
4768 107473
4769 18312
4770 40232
4771 178266
4772 20992
4773 245973
4774 24365
4775 119432
4776 222041
4777 36620
4778 162965
4779 18312
4780 1087600
4781 197983
4782 1112401
4783 91506
4784 147850
4785 18309
4786 73218
4787 469188
4788 103860
4789 132953
4790 35306
4791 375940
4792 36612
4793 19624
4794 18314
4795 18309
4796 18314
4797 437363
4798 1127058
4799 135404
4800 54916
4801 36614
4802 18310
4803 142597
4804 159538
4805 150744
4806 1143357
4807 143905
4808 18313
4809 42215
4810 1375531
4811 79683
4812 91418
4813 73176
4814 18865
4815 36586
4816 18303
4817 18509
4818 18301
4819 52626
4820 36250
4821 147766
4822 239716
4823 367970
4824 18314
4825 166502
4826 538518
4827 326306
4828 1468522
4829 84854
4830 18314
4831 18312
4832 18314
4833 78627
4834 60918
4835 43234
4836 25017
4837 18992
4838 31201
4839 49479
4840 186781
4841 30500
4842 18314
4843 24417
4844 42705
4845 60993
4846 75311
4847 73220
4848 30520
4849 24411
4850 18313
4851 18314
4852 722070
4853 18313
4854 73210
4855 30510
4856 24415
4857 18313
4858 91496
4859 1947308
4860 113355
4861 105399
4862 18313
4863 108823
4864 73204
4865 54909
4866 36607
4867 18306
4868 18308
4869 38897
4870 36249
4871 52469
4872 109596
4873 86434
4874 111132
4875 129144
4876 79266
4877 598866
4878 99250
4879 524202
4880 56530
4881 146584
4882 66489
4883 55043
4884 84904
4885 508641
4886 131268
4887 493401
4888 165602
4889 478966
4890 465529
4891 452870
4892 731537
4893 502256
4894 441100
4895 595813
4896 429872
4897 419741
4898 636526
4899 410274
4900 401539
4901 443924
4902 342056
4903 146275
4904 128002
4905 109726
4906 91451
4907 73172
4908 338774
4909 54887
4910 36597
4911 18301
4912 337044
4913 337574
4914 341841
4915 349335
4916 374435
4917 314344
4918 93506
4919 322822
4920 93636
4921 95290
4922 98664
4923 103401
4924 110336
4925 175272
4926 73141
4927 54849
4928 36572
4929 18289
4930 434254
4931 286696
4932 428485
4933 281015
4934 438261
4935 607824
4936 193951
4937 585751
4938 188221
4939 183871
4940 591983
4941 599725
4942 69945
4943 54606
4944 57462
4945 957017
4946 89360
4947 912779
4948 78913
4949 69178
4950 903586
4951 61553
4952 1175783
4953 18313
4954 36622
4955 18314
4956 333770
4957 18277
4958 36585
4959 399359
4960 105195
4961 1844675
4962 1834646
4963 1857428
4964 1827645
4965 1883593
4966 74925
4967 72588
4968 73210
4969 78695
4970 36612
4971 18311
4972 18308
4973 92967
4974 65339
4975 115772
4976 1004946
4977 3019202
4978 1242875
4979 18314
4980 1843882
4981 674748
4982 1726949
4983 349552
4984 54736
4985 1983445
4986 36436
4987 18128
4988 965927
4989 89802
4990 280429
4991 77978
4992 1807924
4993 1013590
4994 446580
4995 378319
4996 36471
4997 605626
4998 18234
4999 172675
5000 1821732
5001 472594
5002 196317
5003 940787
5004 238941
5005 54907
5006 73201
5007 377560
5008 1835913
5009 30504
5010 24414
5011 36609
5012 589312
5013 18309
5014 207391
5015 31955
5016 36620
5017 1915444
5018 378584
5019 460036
5020 762826
5021 18313
5022 456219
5023 18307
5024 24407
5025 142110
5026 747287
5027 573213
5028 41325
5029 536824
5030 73222
5031 557332
5032 30521
5033 24413
5034 29091
5035 1922135
5036 328557
5037 18315
5038 308117
5039 505370
5040 114895
5041 1937301
5042 18308
5043 218650
5044 265722
5045 215195
5046 81763
5047 723328
5048 541711
5049 292667
5050 1952754
5051 629184
5052 197144
5053 172475
5054 341282
5055 88070
5056 179262
5057 269146
5058 73204
5059 34210
5060 110463
5061 327006
5062 1968512
5063 381056
5064 504981
5065 152979
5066 120256
5067 69871
5068 162036
5069 265282
5070 18315
5071 613695
5072 88811
5073 36604
5074 39089
5075 515097
5076 61208
5077 24072
5078 607895
5079 18310
5080 78564
5081 145643
5082 36611
5083 222772
5084 18312
5085 535151
5086 443346
5087 36871
5088 49936
5089 18303
5090 110930
5091 55603
5092 18313
5093 270092
5094 18300
5095 136156
5096 47105
5097 157149
5098 2428296
5099 3016030
5100 3614006
5101 573855
5102 1714906
5103 556713
5104 540750
5105 829175
5106 1725437
5107 100191
5108 1759429
5109 767618
5110 528853
5111 765554
5112 83142
5113 1737917
5114 764948
5115 1775943
5116 872866
5117 36620
5118 529665
5119 41249
5120 2435270
5121 233739
5122 341653
5123 496609
5124 18313
5125 1899560
5126 18314
5127 216964
5128 31587
5129 2142854
5130 823396
5131 1864780
5132 37764
5133 68529
5134 546095
5135 96215
5136 754212
5137 456107
5138 2176214
5139 2320873
5140 201727
5141 1650500
5142 73180
5143 45709
5144 1780682
5145 109797
5146 291727
5147 18314
5148 79132
5149 36580
5150 2444472
5151 92879
5152 164586
5153 18314
5154 1111930
5155 18303
5156 1156862
5157 276415
5158 450930
5159 26741
5160 61348
5161 598681
5162 73214
5163 146358
5164 18313
5165 90902
5166 36322
5167 243450
5168 54911
5169 45773
5170 54919
5171 694738
5172 18311
5173 36618
5174 1802031
5175 1399231
5176 1111464
5177 53412
5178 18311
5179 97679
5180 55761
5181 419540
5182 36612
5183 157345
5184 53040
5185 18309
5186 1526980
5187 1480815
5188 228161
5189 73212
5190 1130218
5191 143708
5192 54917
5193 18313
5194 984966
5195 18315
5196 18309
5197 1032104
5198 36616
5199 67764
5200 1020233
5201 1495643
5202 36622
5203 2166716
5204 144675
5205 568657
5206 182731
5207 18311
5208 18314
5209 278541
5210 136029
5211 1765056
5212 36622
5213 1113997
5214 91473
5215 201594
5216 1308866
5217 1299215
5218 1671020
5219 1164587
5220 129831
5221 417314
5222 44506
5223 411549
5224 91467
5225 73220
5226 101062
5227 73179
5228 36619
5229 316014
5230 24417
5231 1214066
5232 24419
5233 273623
5234 73219
5235 255392
5236 237156
5237 54887
5238 18315
5239 42724
5240 227293
5241 18313
5242 111285
5243 304915
5244 18301
5245 18302
5246 135451
5247 218998
5248 127649
5249 298697
5250 151426
5251 299975
5252 299504
5253 250405
5254 72784
5255 173107
5256 73209
5257 54494
5258 319079
5259 72317
5260 24395
5261 36606
5262 904883
5263 177930
5264 18305
5265 18313
5266 18311
5267 18311
5268 30527
5269 25447
5270 18308
5271 36612
5272 36617
5273 176959
5274 18309
5275 160095
5276 18311
5277 188188
5278 126164
5279 48833
5280 124432
5281 56054
5282 624005
5283 310502
5284 44773
5285 54598
5286 176966
5287 204132
5288 127438
5289 274160
5290 18314
5291 137579
5292 199820
5293 162638
5294 60621
5295 170881
5296 109768
5297 20095
5298 18313
5299 27884
5300 146355
5301 96682
5302 186955
5303 67033
5304 207380
5305 73195
5306 18315
5307 228311
5308 250037
5309 36603
5310 533303
5311 18303
5312 18310
5313 175910
5314 120629
5315 73208
5316 197320
5317 266753
5318 54918
5319 18311
5320 18746
5321 36613
5322 518679
5323 30079
5324 18314
5325 18307
5326 18312
5327 18313
5328 129757
5329 508875
5330 254948
5331 18311
5332 153827
5333 305097
5334 153708
5335 156618
5336 164813
5337 157028
5338 177595
5339 167046
5340 266390
5341 290127
5342 182496
5343 68756
5344 77737
5345 259410
5346 65781
5347 76274
5348 236901
5349 392163
5350 89808
5351 370180
5352 145103
5353 204145
5354 56676
5355 155692
5356 246737
5357 112035
5358 183786
5359 50872
5360 169320
5361 319324
5362 304264
5363 257041
5364 91479
5365 110334
5366 185762
5367 24585
5368 235773
5369 146119
5370 263885
5371 73166
5372 202598
5373 125942
5374 273132
5375 55775
5376 73686
5377 54872
5378 73195
5379 303488
5380 71162
5381 540760
5382 67339
5383 77467
5384 344546
5385 191394
5386 91766
5387 215131
5388 257808
5389 267387
5390 314081
5391 91515
5392 36588
5393 180036
5394 39002
5395 75988
5396 81352
5397 158083
5398 41990
5399 83010
5400 181679
5401 24900
5402 180902
5403 54906
5404 135843
5405 128018
5406 309085
5407 190274
5408 44694
5409 315123
5410 321135
5411 22536
5412 152723
5413 471684
5414 218007
5415 260305
5416 91471
5417 227269
5418 241154
5419 87045
5420 51774
5421 46140
5422 103243
5423 37407
5424 274958
5425 34602
5426 109744
5427 73188
5428 319642
5429 36620
5430 323813
5431 512680
5432 184684
5433 226201
5434 194531
5435 18313
5436 365018
5437 158697
5438 91466
5439 36610
5440 18312
5441 54899
5442 36618
5443 119616
5444 125453
5445 526660
5446 346663
5447 18307
5448 45198
5449 261239
5450 128000
5451 36617
5452 65127
5453 52956
5454 33720
5455 31789
5456 37580
5457 553338
5458 18310
5459 300555
5460 620443
5461 18304
5462 390124
5463 1013385
5464 998558
5465 984401
5466 118615
5467 115385
5468 87872
5469 48599
5470 89811
5471 181765
5472 113407
5473 188472
5474 39726
5475 122992
5476 64886
5477 42559
5478 285536
5479 176842
5480 44123
5481 61422
5482 294888
5483 91465
5484 18307
5485 311480
5486 73179
5487 36595
5488 30510
5489 18295
5490 28178
5491 24406
5492 404662
5493 32842
5494 100682
5495 47396
5496 402782
5497 93713
5498 420035
5499 138896
5500 91479
5501 105051
5502 73191
5503 123162
5504 36608
5505 141285
5506 24403
5507 24410
5508 794920
5509 1251795
5510 716409
5511 847406
5512 891654
5513 54918
5514 714739
5515 964682
5516 18314
5517 36617
5518 69024
5519 832464
5520 971594
5521 846762
5522 52549
5523 164519
5524 18310
5525 985233
5526 54919
5527 999214
5528 91379
5529 25242
5530 73089
5531 54822
5532 36850
5533 18279
5534 24382
5535 36619
5536 18312
5537 18315
5538 60418
5539 55921
5540 18312
5541 62073
5542 79225
5543 97104
5544 52766
5545 18314
5546 18313
5547 95796
5548 62972
5549 67820
5550 62681
5551 141318
5552 188696
5553 103162
5554 36524
5555 18223
5556 18312
5557 18307
5558 18313
5559 357575
5560 370957
5561 386199
5562 418551
5563 432765
5564 448593
5565 18310
5566 18312
5567 18314
5568 36620
5569 54922
5570 574579
5571 710672
5572 29310
5573 184056
5574 179888
5575 735071
5576 213409
5577 173876
5578 19556
5579 73209
5580 227319
5581 18313
5582 79305
5583 42712
5584 24415
5585 741744
5586 64333
5587 229492
5588 72923
5589 756627
5590 54627
5591 621218
5592 18310
5593 772060
5594 18309
5595 788026
5596 703204
5597 34710
5598 402419
5599 41014
5600 804278
5601 714963
5602 18801
5603 68195
5604 81150
5605 18312
5606 24260
5607 372110
5608 747346
5609 340422
5610 18309
5611 18313
5612 761841
5613 812417
5614 36595
5615 844091
5616 18300
5617 18312
5618 79877
5619 116401
5620 78257
5621 36548
5622 84266
5623 18276
5624 163277
5625 179336
5626 195733
5627 212339
5628 229161
5629 246156
5630 263324
5631 280677
5632 298146
5633 315707
5634 333404
5635 351260
5636 369255
5637 30995
5638 19539
5639 71335
5640 18312
5641 18307
5642 143270
5643 18312
5644 269198
5645 338554
5646 81837
5647 74844
5648 253644
5649 85319
5650 54906
5651 36606
5652 18301
5653 73181
5654 54893
5655 36602
5656 18304
5657 29660
5658 29175
5659 37120
5660 197465
5661 145291
5662 134584
5663 18312
5664 18312
5665 18310
5666 18313
5667 36620
5668 18312
5669 18306
5670 36604
5671 18308
5672 36614
5673 18314
5674 42998
5675 40368
5676 1499676
5677 831816
5678 1430530
5679 815296
5680 199612
5681 600077
5682 1444404
5683 182804
5684 583492
5685 567305
5686 551281
5687 18309
5688 161430
5689 216415
5690 127068
5691 108792
5692 90512
5693 72412
5694 169240
5695 54308
5696 36198
5697 18309
5698 18091
5699 18290
5700 1984625
5701 36597
5702 18306
5703 18308
5704 36597
5705 18303
5706 36602
5707 54902
5708 18306
5709 36606
5710 54903
5711 130079
5712 120951
5713 117746
5714 18298
5715 36608
5716 18306
5717 54909
5718 54911
5719 36613
5720 18310
5721 145149
5722 130029
5723 160766
5724 120077
5725 307972
5726 387601
5727 73208
5728 42717
5729 36614
5730 18308
5731 140149
5732 640805
5733 127341
5734 119541
5735 112681
5736 106315
5737 272723
5738 106206
5739 239539
5740 36613
5741 233314
5742 18309
5743 112400
5744 231460
5745 227130
5746 243939
5747 164552
5748 36611
5749 146289
5750 18307
5751 128021
5752 109745
5753 91465
5754 73177
5755 54891
5756 36599
5757 18299
5758 18313
5759 18313
5760 36620
5761 363224
5762 315338
5763 308064
5764 312284
5765 36609
5766 18302
5767 54909
5768 73172
5769 54881
5770 36592
5771 18300
5772 18310
5773 18309
5774 18312
5775 70423
5776 56950
5777 49229
5778 73216
5779 30513
5780 24417
5781 18314
5782 18312
5783 18308
5784 18313
5785 73130
5786 30468
5787 24388
5788 18291
5789 164699
5790 125114
5791 140306
5792 158958
5793 160434
5794 18311
5795 170522
5796 18253
5797 36529
5798 54798
5799 73062
5800 91320
5801 109573
5802 127651
5803 145904
5804 401030
5805 237253
5806 219032
5807 200808
5808 182576
5809 164339
5810 146095
5811 127847
5812 109594
5813 91338
5814 73078
5815 54814
5816 36546
5817 18273
5818 18310
5819 84545
5820 80866
5821 18303
5822 36604
5823 54898
5824 1690380
5825 1626641
5826 128034
5827 109759
5828 91478
5829 73191
5830 1631180
5831 1597008
5832 54901
5833 36604
5834 18306
5835 31969
5836 34470
5837 18313
5838 36608
5839 18305
5840 54909
5841 36610
5842 18307
5843 62729
5844 76652
5845 27498
5846 34840
5847 20361
5848 92665
5849 49382
5850 109954
5851 31314
5852 137891
5853 56041
5854 72964
5855 135128
5856 151827
5857 18312
5858 117536
5859 150878
5860 416477
5861 92723
5862 36618
5863 18311
5864 18301
5865 36599
5866 18225
5867 127538
5868 91064
5869 54650
5870 18223
5871 30345
5872 18223
5873 44154
5874 62450
5875 18309
5876 18315
5877 38028
5878 29073
5879 54780
5880 36525
5881 18263
5882 18312
5883 357098
5884 49422
5885 18311
5886 175302
5887 273303
5888 275191
5889 102203
5890 18304
5891 107430
5892 18312
5893 172757
5894 18308
5895 18311
5896 934392
5897 1538443
5898 18312
5899 432226
5900 18311
5901 73171
5902 54883
5903 36593
5904 18297
5905 54914
5906 36612
5907 18306
5908 18311
5909 225028
5910 235939
5911 249728
5912 265505
5913 18310
5914 18313
5915 36619
5916 18303
5917 54889
5918 18311
5919 109735
5920 18308
5921 36590
5922 18307
5923 419715
5924 249531
5925 134056
5926 194815
5927 36645
5928 97601
5929 18309
5930 158377
5931 18382
5932 18381
5933 61047
5934 73180
5935 67050
5936 18303
5937 48806
5938 42815
5939 30570
5940 18438
5941 18303
5942 18306
5943 36598
5944 18302
5945 18309
5946 856827
5947 1167883
5948 1178706
5949 144975
5950 161094
5951 177795
5952 194879
5953 648624
5954 1114545
5955 632522
5956 793333
5957 487474
5958 617166
5959 604291
5960 465033
5961 505737
5962 434267
5963 73179
5964 475412
5965 54885
5966 18311
5967 36585
5968 42973
5969 246347
5970 18295
5971 434233
5972 25875
5973 36617
5974 18311
5975 434859
5976 89358
5977 22079
5978 62076
5979 132570
5980 32817
5981 66834
5982 18310
5983 53712
5984 607376
5985 228620
5986 18310
5987 36616
5988 18311
5989 18310
5990 1098415
5991 18313
5992 18305
5993 1871631
5994 1867384
5995 1048427
5996 815887
5997 183681
5998 166251
5999 800950
6000 150501
6001 786890
6002 848583
6003 18312
6004 117536
6005 103499
6006 93563
6007 596474
6008 18308
6009 70835
6010 74312
6011 97330
6012 18312
6013 115851
6014 579234
6015 18312
6016 227079
6017 18310
6018 200142
6019 491004
6020 438262
6021 237996
6022 18310
6023 184991
6024 264981
6025 18312
6026 355723
6027 18309
6028 341777
6029 326614
6030 295993
6031 44778
6032 265333
6033 222126
6034 31228
6035 236407
6036 325276
6037 18260
6038 79795
6039 54899
6040 36906
6041 212883
6042 153341
6043 18301
6044 18301
6045 315083
6046 18311
6047 225472
6048 18307
6049 114642
6050 292322
6051 108528
6052 150864
6053 18312
6054 129787
6055 83700
6056 115164
6057 126440
6058 50871
6059 93413
6060 91788
6061 178612
6062 70537
6063 49312
6064 57957
6065 36616
6066 18310
6067 153383
6068 55016
6069 148216
6070 27147
6071 161042
6072 38251
6073 18311
6074 54915
6075 36616
6076 18310
6077 18306
6078 18308
6079 443489
6080 459558
6081 494686
6082 18313
6083 87260
6084 18312
6085 56188
6086 40493
6087 173501
6088 190384
6089 19721
6090 70703
6091 36027
6092 52934
6093 208022
6094 231982
6095 92068
6096 261845
6097 18294
6098 36595
6099 54888
6100 73182
6101 109767
6102 18313
6103 18312
6104 18309
