0 349681
1 359522
2 341408
3 369803
4 380456
5 335976
6 872590
7 333584
8 509124
9 855951
10 497178
11 333907
12 272954
13 212309
14 170026
15 157948
16 91162
17 200203
18 18441
19 115749
20 60888
21 867251
22 91533
23 36560
24 188156
25 30495
26 30725
27 878786
28 66916
29 42713
30 12536
31 36666
32 18300
33 890470
34 30605
35 54916
36 36888
37 335366
38 18306
39 24400
40 109384
41 24771
42 24404
43 72991
44 12206
45 12204
46 18722
47 48741
48 12246
49 54891
50 357040
51 79463
52 60883
53 48792
54 294754
55 36600
56 286154
57 24404
58 280800
59 91095
60 12204
61 86932
62 279466
63 12204
64 91215
65 284871
66 1331742
67 98142
68 243593
69 52613
70 51635
71 51927
72 35094
73 53767
74 764892
75 58318
76 36151
77 105804
78 24404
79 85133
80 306161
81 38232
82 1088290
83 230103
84 43202
85 378955
86 24416
87 117977
88 236313
89 305795
90 24400
91 254322
92 164547
93 306899
94 252734
95 12210
96 397028
97 36592
98 24399
99 243666
100 12203
101 273335
102 136465
103 36616
104 160941
105 396132
106 24398
107 275649
108 146162
109 137557
110 311242
111 12210
112 60939
113 410269
114 12202
115 48767
116 43490
117 45131
118 1698633
119 2030745
120 1982778
121 1705861
122 381157
123 1713794
124 1978010
125 1721866
126 3838885
127 370445
128 2120394
129 1855965
130 2073850
131 858899
132 645991
133 660270
134 2130487
135 637450
136 73764
137 36208
138 1976329
139 2072204
140 649452
141 25874
142 751469
143 33105
144 24416
145 61010
146 855464
147 581936
148 48816
149 31758
150 24414
151 415683
152 12210
153 20982
154 36081
155 12212
156 12210
157 454322
158 688977
159 2109886
160 853781
161 434458
162 1930774
163 20027
164 246521
165 1284665
166 139422
167 227510
168 82032
169 450562
170 46301
171 1418861
172 382997
173 219751
174 451631
175 25304
176 136713
177 12209
178 664326
179 440907
180 213078
181 139964
182 48818
183 354475
184 1858952
185 236061
186 248851
187 12210
188 24414
189 150493
190 1091906
191 127628
192 12210
193 680035
194 840584
195 12209
196 303253
197 1480161
198 291139
199 93683
200 121804
201 360492
202 39909
203 135563
204 1418426
205 31425
206 1351872
207 178081
208 408028
209 340405
210 121165
211 41318
212 166308
213 122127
214 22636
215 672262
216 48817
217 251581
218 279021
219 110734
220 29891
221 24414
222 60557
223 144859
224 154691
225 12210
226 38203
227 781597
228 136828
229 92852
230 396755
231 12211
232 82521
233 143183
234 185702
235 179861
236 1866443
237 1874658
238 5175060
239 2716487
240 2417559
241 315768
242 3675451
243 2082180
244 194229
245 309213
246 144945
247 93128
248 1999228
249 186259
250 171125
251 38981
252 12206
253 2849141
254 412991
255 197117
256 580308
257 392744
258 911544
259 359692
260 24408
261 1997434
262 105155
263 777075
264 48282
265 12209
266 12206
267 38114
268 63692
269 2725651
270 4010718
271 55164
272 46994
273 2746140
274 12210
275 49416
276 808048
277 143640
278 360241
279 36657
280 12210
281 2736381
282 30396
283 139570
284 125796
285 126279
286 21880
287 13032
288 216429
289 39097
290 3653881
291 92448
292 2841105
293 139844
294 855192
295 17504
296 146917
297 117475
298 24416
299 1106331
300 36739
301 999133
302 58867
303 120834
304 856438
305 82247
306 2985751
307 35964
308 215231
309 3845025
310 12210
311 33515
312 13125
313 1303302
314 45744
315 127999
316 77740
317 193668
318 36619
319 932100
320 103270
321 18313
322 12210
323 947140
324 111276
325 22110
326 3112918
327 25588
328 2673823
329 146491
330 103092
331 1158986
332 24413
333 36583
334 232241
335 269425
336 26360
337 236016
338 17570
339 2275049
340 24416
341 999265
342 104132
343 98608
344 12210
345 785925
346 866769
347 932141
348 1049751
349 24393
350 16475
351 1299986
352 200097
353 111652
354 12206
355 1844506
356 1819777
357 1817548
358 3633062
359 1097910
360 916508
361 199783
362 2103156
363 865164
364 1009102
365 604215
366 2541131
367 615318
368 270701
369 625064
370 1521915
371 25147
372 328081
373 631391
374 29367
375 12206
376 12202
377 104092
378 248170
379 1819835
380 187709
381 364682
382 446973
383 29092
384 904937
385 164481
386 1512341
387 328896
388 617191
389 12210
390 1492487
391 120730
392 285793
393 2547169
394 12210
395 207363
396 823189
397 767042
398 298745
399 105775
400 207425
401 772880
402 198539
403 12210
404 1280894
405 68550
406 122739
407 249572
408 593215
409 111391
410 44234
411 191959
412 484612
413 712702
414 186109
415 232103
416 61547
417 43336
418 303129
419 109642
420 150729
421 712323
422 196202
423 218941
424 97486
425 729985
426 73126
427 206799
428 258482
429 58223
430 12210
431 48817
432 266706
433 12200
434 24414
435 472877
436 12210
437 194653
438 12211
439 31181
440 12210
441 57260
442 60952
443 12200
444 182503
445 36574
446 260952
447 24567
448 2677865
449 1257807
450 12200
451 711091
452 37518
453 12200
454 31693
455 35204
456 143951
457 12208
458 23730
459 151424
460 23608
461 14016
462 36654
463 259533
464 49510
465 130678
466 719993
467 12203
468 51387
469 1981318
470 24382
471 31531
472 350575
473 357276
474 365067
475 344611
476 374104
477 344375
478 383643
479 1896918
480 351236
481 1240404
482 726438
483 53502
484 675074
485 49215
486 45847
487 43498
488 1298220
489 672260
490 42240
491 1449060
492 906830
493 41769
494 217103
495 43762
496 529549
497 1149244
498 51294
499 102668
500 93309
501 558202
502 740346
503 83962
504 72183
505 60716
506 388182
507 200788
508 166329
509 50388
510 62539
511 167926
512 1400994
513 45850
514 73723
515 613789
516 343664
517 50411
518 603699
519 143153
520 588007
521 170701
522 93326
523 365120
524 176967
525 38631
526 93532
527 12210
528 368117
529 28267
530 697448
531 81603
532 353702
533 370983
534 279017
535 1456207
536 1064258
537 386952
538 172653
539 581791
540 342956
541 150974
542 19544
543 388627
544 17246
545 48767
546 391430
547 98479
548 24391
549 24392
550 12197
551 24402
552 24678
553 394629
554 112658
555 501487
556 108741
557 12210
558 249095
559 24416
560 332865
561 264877
562 12210
563 326846
564 101523
565 12198
566 670774
567 35024
568 36618
569 36582
570 36612
571 314467
572 284538
573 18301
574 24416
575 642382
576 12198
577 405817
578 29593
579 12210
580 60023
581 669609
582 878675
583 103000
584 34586
585 47841
586 44765
587 12209
588 12205
589 119728
590 1978033
591 1465486
592 3851337
593 8135537
594 2493146
595 3466112
596 886411
597 3478051
598 24414
599 876103
600 12209
601 748620
602 858654
603 24412
604 97576
605 857949
606 738151
607 960853
608 73196
609 12208
610 1676228
611 1663320
612 61006
613 12210
614 944519
615 48812
616 129942
617 36615
618 606970
619 153385
620 1269317
621 2926735
622 24414
623 736936
624 692826
625 658624
626 128537
627 2864836
628 12209
629 537390
630 460229
631 6466366
632 48813
633 18310
634 84065
635 419386
636 270416
637 261550
638 18311
639 504231
640 1067734
641 24414
642 12210
643 143904
644 454916
645 262364
646 74632
647 12209
648 502559
649 417132
650 1069959
651 71275
652 1842116
653 610020
654 73617
655 141147
656 504582
657 1695444
658 76199
659 36599
660 100176
661 607109
662 627099
663 1259388
664 24403
665 12203
666 125861
667 2445990
668 305673
669 254028
670 79348
671 40812
672 769394
673 324498
674 556917
675 107591
676 24408
677 106177
678 60842
679 42155
680 872993
681 147310
682 629295
683 73007
684 625927
685 859397
686 279447
687 828671
688 827556
689 24414
690 1113989
691 234866
692 36603
693 95442
694 24406
695 12209
696 60829
697 249958
698 399907
699 12205
700 36618
701 2590093
702 12206
703 606532
704 590116
705 215845
706 244301
707 48648
708 24416
709 12210
710 6466570
711 6868850
712 6175189
713 1097579
714 8236739
715 1664478
716 619629
717 613210
718 791604
719 1070834
720 2567498
721 1112941
722 853354
723 875302
724 2340002
725 523638
726 227256
727 2324069
728 1067557
729 1076329
730 512787
731 6098793
732 54857
733 220165
734 555294
735 1031507
736 3236977
737 849299
738 12200
739 503085
740 698683
741 1030243
742 688093
743 289771
744 1052141
745 677586
746 290910
747 1068978
748 667115
749 1862186
750 656880
751 769752
752 34669
753 46053
754 1318642
755 1643109
756 1796876
757 43027
758 107549
759 690435
760 647763
761 505666
762 770781
763 1075771
764 773104
765 308197
766 159342
767 277655
768 86587
769 1623990
770 520476
771 108030
772 393386
773 640476
774 185689
775 677217
776 107803
777 514819
778 28334
779 283378
780 12210
781 365333
782 646626
783 135973
784 759467
785 689745
786 20783
787 168108
788 1766706
789 247161
790 1816330
791 21692
792 635153
793 470015
794 131759
795 63920
796 358872
797 283295
798 46728
799 384929
800 132245
801 307280
802 398306
803 6097289
804 47973
805 37420
806 907907
807 36601
808 365220
809 887491
810 2143297
811 41067
812 38000
813 180270
814 48813
815 274083
816 24412
817 909494
818 12209
819 367806
820 1805017
821 133660
822 24370
823 12210
824 297753
825 222436
826 24406
827 425264
828 12204
829 5973300
830 5974044
831 9456230
832 2132456
833 8068240
834 2121709
835 2199977
836 1159149
837 3703965
838 367999
839 1516423
840 1116351
841 2027239
842 360301
843 209885
844 1070062
845 3490349
846 48802
847 744834
848 36604
849 24406
850 12205
851 65151
852 354181
853 764533
854 1081025
855 744120
856 1041431
857 36620
858 661364
859 36618
860 200387
861 24416
862 349240
863 352012
864 12210
865 73188
866 2195989
867 308845
868 345678
869 2257987
870 24416
871 342799
872 1155358
873 12210
874 44238
875 40844
876 60998
877 1918717
878 12210
879 961671
880 1750900
881 48804
882 85230
883 38086
884 264160
885 963554
886 412216
887 37327
888 36608
889 1160131
890 2001940
891 24409
892 12210
893 670177
894 1443453
895 1204075
896 12206
897 1742369
898 243029
899 109715
900 73126
901 575746
902 809302
903 127000
904 285775
905 36611
906 1017258
907 48834
908 528637
909 74159
910 116148
911 554225
912 915159
913 230907
914 907722
915 1227814
916 105392
917 1212896
918 1387800
919 1983665
920 67812
921 1283668
922 95309
923 36285
924 218863
925 1820735
926 86662
927 24409
928 137690
929 35818
930 753036
931 36618
932 97537
933 24416
934 517195
935 136835
936 1005958
937 12210
938 942901
939 100642
940 1235339
941 823007
942 938418
943 12210
944 147811
945 24412
946 85373
947 6635840
948 6633712
949 9350881
950 3125125
951 6079510
952 3129965
953 3122691
954 206845
955 197122
956 3014596
957 123372
958 177512
959 2892766
960 3011523
961 167118
962 161982
963 601930
964 607476
965 2873707
966 3008777
967 168340
968 12204
969 62646
970 12210
971 183313
972 171752
973 3076193
974 2494626
975 59129
976 73197
977 3814450
978 501572
979 56819
980 61007
981 144730
982 3372083
983 48813
984 463159
985 2804278
986 172966
987 118060
988 528654
989 36615
990 154106
991 162441
992 144561
993 49287
994 24414
995 552437
996 163346
997 146188
998 395589
999 36617
1000 511742
1001 393138
1002 148012
1003 369676
1004 503186
1005 67408
1006 2520221
1007 134026
1008 36617
1009 3063097
1010 24414
1011 121872
1012 12210
1013 2519555
1014 51254
1015 190614
1016 54884
1017 12209
1018 294091
1019 12203
1020 3004868
1021 12209
1022 1892876
1023 24416
1024 138695
1025 281240
1026 42701
1027 1898846
1028 17470
1029 54837
1030 30521
1031 42657
1032 24415
1033 471336
1034 12204
1035 30476
1036 1882548
1037 495189
1038 631715
1039 18304
1040 24415
1041 12236
1042 12210
1043 18340
1044 3362207
1045 307411
1046 478197
1047 12210
1048 629284
1049 475840
1050 4485291
1051 479482
1052 32957
1053 13067
1054 2985991
1055 2734320
1056 12209
1057 2791527
1058 2490984
1059 2281205
1060 371617
1061 646342
1062 377773
1063 489102
1064 2395528
1065 2562333
1066 2554078
1067 776352
1068 95719
1069 49369
1070 306903
1071 314833
1072 17029
1073 57748
1074 324399
1075 441053
1076 104081
1077 44838
1078 431539
1079 2266336
1080 263829
1081 122993
1082 21526
1083 18416
1084 46927
1085 1324805
1086 36615
1087 104964
1088 21303
1089 12208
1090 29196
1091 24414
1092 308364
1093 12209
1094 169895
1095 425265
1096 48784
1097 1313471
1098 77581
1099 140615
1100 1061942
1101 12201
1102 1076641
1103 531668
1104 136637
1105 24398
1106 12185
1107 24413
1108 1302347
1109 135026
1110 12201
1111 128254
1112 133634
1113 199878
1114 135791
1115 1980569
1116 1291294
1117 1301431
1118 124866
1119 159091
1120 137030
1121 30760
1122 147737
1123 12209
1124 1165836
1125 406826
1126 1136617
1127 24416
1128 160117
1129 357200
1130 161732
1131 36605
1132 430851
1133 147950
1134 100009
1135 24403
1136 12210
1137 12197
1138 22542
1139 140098
1140 12208
1141 139771
1142 53611
1143 154027
1144 251526
1145 58272
1146 12209
1147 318352
1148 946174
1149 200801
1150 340001
1151 70443
1152 472428
1153 220590
1154 44862
1155 471377
1156 459489
1157 162111
1158 291073
1159 215999
1160 37571
1161 12210
1162 211462
1163 85765
1164 150058
1165 137901
1166 345333
1167 12207
1168 207369
1169 73580
1170 719166
1171 125792
1172 263802
1173 109658
1174 802727
1175 336705
1176 65644
1177 60515
1178 12207
1179 97507
1180 315562
1181 48336
1182 141579
1183 53468
1184 36589
1185 75051
1186 74073
1187 48079
1188 40278
1189 31597
1190 73274
1191 103626
1192 14952
1193 80088
1194 24198
1195 63212
1196 90392
1197 363509
1198 50337
1199 28687
1200 884903
1201 31456
1202 71210
1203 302443
1204 429416
1205 897735
1206 63144
1207 23540
1208 75492
1209 302926
1210 86312
1211 12203
1212 896694
1213 926549
1214 97275
1215 82004
1216 945540
1217 366570
1218 276802
1219 78536
1220 4138438
1221 108458
1222 871428
1223 4117843
1224 418883
1225 4383756
1226 4120037
1227 65048
1228 4348698
1229 1191929
1230 392334
1231 53362
1232 521747
1233 4122577
1234 1227191
1235 407950
1236 334674
1237 250484
1238 524541
1239 4337134
1240 597077
1241 248315
1242 165300
1243 159200
1244 12208
1245 691750
1246 44739
1247 4304671
1248 243249
1249 243653
1250 156645
1251 45044
1252 78958
1253 58417
1254 597367
1255 159052
1256 4342486
1257 47646
1258 1224036
1259 49458
1260 33567
1261 606706
1262 257595
1263 3132124
1264 878451
1265 27256
1266 2191910
1267 478767
1268 240021
1269 42574
1270 3533411
1271 23667
1272 2830160
1273 43557
1274 1722844
1275 1637168
1276 193777
1277 259742
1278 422710
1279 861145
1280 28744
1281 231981
1282 28257
1283 43241
1284 399016
1285 3255728
1286 905757
1287 2698895
1288 98993
1289 56081
1290 586714
1291 479135
1292 3124273
1293 1694959
1294 1094574
1295 87499
1296 367100
1297 440509
1298 2193971
1299 45392
1300 25400
1301 956983
1302 37091
1303 475893
1304 18514
1305 418597
1306 15521
1307 743317
1308 14221
1309 401507
1310 17293
1311 47695
1312 1356778
1313 405966
1314 23175
1315 399590
1316 34589
1317 947625
1318 396756
1319 645542
1320 388355
1321 32863
1322 393289
1323 647655
1324 944636
1325 382654
1326 383519
1327 36719
1328 709368
1329 64264
1330 972277
1331 39600
1332 47413
1333 72867
1334 379316
1335 55546
1336 952260
1337 12205
1338 32332
1339 952471
1340 30651
1341 376251
1342 38996
1343 952884
1344 63504
1345 27242
1346 376092
1347 50477
1348 713790
1349 523122
1350 24411
1351 631215
1352 12207
1353 384392
1354 273808
1355 73503
1356 954079
1357 65858
1358 197204
1359 378940
1360 39327
1361 53719
1362 955967
1363 36617
1364 341411
1365 12209
1366 271189
1367 24415
1368 267204
1369 957997
1370 240362
1371 190242
1372 974950
1373 12209
1374 94417
1375 62649
1376 12210
1377 65076
1378 24407
1379 476277
1380 382154
1381 268611
1382 324770
1383 57747
1384 331213
1385 386438
1386 67841
1387 968210
1388 678122
1389 43894
1390 12206
1391 41931
1392 170352
1393 1496436
1394 159151
1395 59535
1396 12202
1397 24415
1398 555273
1399 30851
1400 276985
1401 1113779
1402 645370
1403 1685835
1404 547177
1405 752742
1406 24416
1407 157914
1408 741617
1409 108861
1410 733532
1411 12210
1412 106543
1413 12209
1414 102793
1415 1772139
1416 26965
1417 540172
1418 98006
1419 113993
1420 735758
1421 73192
1422 24385
1423 24427
1424 24410
1425 12207
1426 85365
1427 12207
1428 326008
1429 309642
1430 315116
1431 272101
1432 74837
1433 34091
1434 21892
1435 12205
1436 274204
1437 60789
1438 36604
1439 12204
1440 12205
1441 128254
1442 190837
1443 602162
1444 183032
1445 90725
1446 597020
1447 106915
1448 754609
1449 83505
1450 586310
1451 781880
1452 36570
1453 24383
1454 12207
1455 776708
1456 12193
1457 36606
1458 668357
1459 667786
1460 898868
1461 566486
1462 921901
1463 60981
1464 24408
1465 621631
1466 48790
1467 375197
1468 134100
1469 36596
1470 97571
1471 575520
1472 24400
1473 60999
1474 12202
1475 12209
1476 365032
1477 12206
1478 24411
1479 24413
1480 955835
1481 12207
1482 48806
1483 12208
1484 36610
1485 24410
1486 355588
1487 949918
1488 12207
1489 544582
1490 934021
1491 534504
1492 357506
1493 365165
1494 24416
1495 12210
1496 1121364
1497 353683
1498 370265
1499 343843
1500 738855
1501 75648
1502 48800
1503 291029
1504 75687
1505 12210
1506 549548
1507 255743
1508 36604
1509 355079
1510 222164
1511 288313
1512 24415
1513 274868
1514 345458
1515 24403
1516 341294
1517 134074
1518 80329
1519 12209
1520 341585
1521 537740
1522 369578
1523 121921
1524 89563
1525 286905
1526 109775
1527 73157
1528 12209
1529 24413
1530 45402
1531 12208
1532 12200
1533 111151
1534 351254
1535 44874
1536 291222
1537 13315
1538 12207
1539 121751
1540 36551
1541 24371
1542 48727
1543 12186
1544 133868
1545 24373
1546 146033
1547 12187
1548 12188
1549 182632
1550 24693
1551 24369
1552 12525
1553 12494
1554 12186
1555 24606
1556 36722
1557 3393536
1558 2515788
1559 2299194
1560 1109601
1561 1190068
1562 2983341
1563 122500
1564 1104012
1565 3029990
1566 67240
1567 1105118
1568 115194
1569 3067061
1570 1206301
1571 1643639
1572 2471473
1573 2441422
1574 12208
1575 109677
1576 30170
1577 1182760
1578 2452916
1579 32703
1580 2828498
1581 2804402
1582 1200809
1583 26655
1584 2814314
1585 105938
1586 58513
1587 447562
1588 1192214
1589 104934
1590 133520
1591 74690
1592 2319873
1593 44789
1594 45912
1595 35917
1596 82313
1597 521532
1598 2318285
1599 23502
1600 91394
1601 2381618
1602 37656
1603 35126
1604 96193
1605 19047
1606 498735
1607 98332
1608 2324357
1609 61061
1610 1112428
1611 89662
1612 83363
1613 493760
1614 73050
1615 39626
1616 53473
1617 422806
1618 84601
1619 89507
1620 2405680
1621 813477
1622 71817
1623 2411527
1624 39288
1625 50202
1626 921308
1627 125299
1628 101219
1629 120219
1630 335231
1631 2398412
1632 117688
1633 18276
1634 101705
1635 411565
1636 549501
1637 527449
1638 49288
1639 312966
1640 417311
1641 128307
1642 1108084
1643 124934
1644 536156
1645 138374
1646 330084
1647 432733
1648 1388191
1649 86982
1650 80468
1651 2573423
1652 108856
1653 412355
1654 2552222
1655 879165
1656 316139
1657 1849275
1658 19947
1659 838021
1660 428435
1661 286209
1662 19914
1663 28805
1664 903363
1665 2631396
1666 877547
1667 42406
1668 364690
1669 545539
1670 1374106
1671 341610
1672 293591
1673 818241
1674 137702
1675 374003
1676 167004
1677 853757
1678 528574
1679 275865
1680 50210
1681 518105
1682 516595
1683 540858
1684 23143
1685 939905
1686 257293
1687 17729
1688 78372
1689 77557
1690 35105
1691 92018
1692 861348
1693 18310
1694 538929
1695 363076
1696 568583
1697 548269
1698 70697
1699 235801
1700 839713
1701 54388
1702 563382
1703 52731
1704 404307
1705 113905
1706 2929724
1707 3466139
1708 12208
1709 2103216
1710 1103468
1711 231636
1712 12204
1713 91925
1714 51102
1715 3010922
1716 62549
1717 1402673
1718 1057136
1719 87544
1720 48787
1721 36593
1722 24395
1723 12194
1724 724002
1725 337659
1726 30321
1727 958944
1728 979666
1729 1054941
1730 267575
1731 277002
1732 697302
1733 667326
1734 2136280
1735 121041
1736 1770888
1737 39529
1738 54009
1739 442432
1740 109190
1741 2001592
1742 330142
1743 547917
1744 1224290
1745 1974664
1746 1142810
1747 87834
1748 314947
1749 135363
1750 34666
1751 54732
1752 29158
1753 21830
1754 664701
1755 1975637
1756 663942
1757 14031
1758 1052249
1759 1789490
1760 30284
1761 1077624
1762 807844
1763 1423963
1764 378532
1765 367767
1766 50694
1767 1051993
1768 810299
1769 280335
1770 661389
1771 1003191
1772 121122
1773 1010816
1774 66840
1775 274146
1776 659637
1777 168447
1778 1010699
1779 641376
1780 71916
1781 1023799
1782 56642
1783 306255
1784 118685
1785 398750
1786 643080
1787 64593
1788 46498
1789 398986
1790 993491
1791 24202
1792 41369
1793 301251
1794 72181
1795 70209
1796 29520
1797 209001
1798 138652
1799 255378
1800 38741
1801 283663
1802 1214620
1803 1816532
1804 273223
1805 1087449
1806 1558363
1807 251525
1808 1066266
1809 1998631
1810 1559796
1811 241226
1812 1549933
1813 1489112
1814 1199471
1815 12209
1816 506994
1817 36598
1818 522042
1819 240140
1820 210063
1821 24402
1822 1821802
1823 1484190
1824 12202
1825 837095
1826 52210
1827 205565
1828 55811
1829 12206
1830 29924
1831 1872632
1832 804807
1833 503020
1834 1449776
1835 1066386
1836 2065810
1837 869059
1838 55404
1839 922120
1840 1046482
1841 16575
1842 13025
1843 25515
1844 34421
1845 36616
1846 277023
1847 454224
1848 24415
1849 909915
1850 1418620
1851 910652
1852 141904
1853 12209
1854 57845
1855 92366
1856 594924
1857 120377
1858 961987
1859 12209
1860 36594
1861 130441
1862 24374
1863 36183
1864 443700
1865 726481
1866 24399
1867 994078
1868 119452
1869 1067998
1870 1061611
1871 30464
1872 428197
1873 38756
1874 21166
1875 1402339
1876 3370542
1877 14298
1878 114123
1879 18322
1880 12189
1881 728084
1882 20501
1883 36615
1884 12210
1885 12201
1886 2146288
1887 80393
1888 24414
1889 882879
1890 28445
1891 923679
1892 24414
1893 80187
1894 187306
1895 1054629
1896 185832
1897 342075
1898 39861
1899 29328
1900 12209
1901 73093
1902 131694
1903 712482
1904 70044
1905 36615
1906 134007
1907 24413
1908 85178
1909 63717
1910 12208
1911 160165
1912 116777
1913 39266
1914 24613
1915 83584
1916 61001
1917 12204
1918 151594
1919 48808
1920 95080
1921 191920
1922 116008
1923 36610
1924 221424
1925 24412
1926 49400
1927 55411
1928 12209
1929 85081
1930 150433
1931 12207
1932 42539
1933 24409
1934 231404
1935 17357
1936 75348
1937 12208
1938 24416
1939 12206
1940 207208
1941 43809
1942 63683
1943 127421
1944 107085
1945 49714
1946 12210
1947 103146
1948 66075
1949 12209
1950 37704
1951 12208
1952 12209
1953 985138
1954 26288
1955 189685
1956 138473
1957 114732
1958 20726
1959 179703
1960 127786
1961 911259
1962 180579
1963 85364
1964 81311
1965 96570
1966 73179
1967 107107
1968 60990
1969 87806
1970 1037030
1971 89141
1972 84332
1973 1038310
1974 239972
1975 703815
1976 107103
1977 118697
1978 74849
1979 48179
1980 121066
1981 1264975
1982 100208
1983 48797
1984 37779
1985 152955
1986 36603
1987 40892
1988 155295
1989 24405
1990 54429
1991 61014
1992 12204
1993 58621
1994 24413
1995 105734
1996 68840
1997 24415
1998 72635
1999 140824
2000 110263
2001 108087
2002 78948
2003 135308
2004 1266123
2005 18292
2006 36619
2007 85393
2008 277373
2009 1252769
2010 12209
2011 121282
2012 54839
2013 12209
2014 115126
2015 73158
2016 288858
2017 12219
2018 280814
2019 24413
2020 12210
2021 12210
2022 70025
2023 48806
2024 12210
2025 788307
2026 48801
2027 295479
2028 127704
2029 364851
2030 163472
2031 185475
2032 45466
2033 1584880
2034 1419132
2035 219295
2036 204135
2037 1420928
2038 34993
2039 3560406
2040 69008
2041 232957
2042 163233
2043 132646
2044 83496
2045 254336
2046 83266
2047 2245719
2048 166722
2049 243278
2050 35819
2051 1593706
2052 97834
2053 81251
2054 89287
2055 3584175
2056 71100
2057 2235342
2058 53815
2059 61516
2060 24671
2061 59460
2062 79401
2063 48379
2064 2241190
2065 442174
2066 186107
2067 58719
2068 405289
2069 2190993
2070 75860
2071 48467
2072 2276982
2073 3100952
2074 91049
2075 538061
2076 75842
2077 15560
2078 479191
2079 329425
2080 101225
2081 187344
2082 43803
2083 148246
2084 66894
2085 1980820
2086 24396
2087 44260
2088 45080
2089 89968
2090 59402
2091 129921
2092 191535
2093 66946
2094 650228
2095 103243
2096 1713240
2097 90926
2098 12198
2099 161485
2100 268283
2101 183011
2102 94569
2103 189340
2104 76992
2105 48808
2106 75858
2107 96243
2108 233278
2109 24409
2110 183099
2111 12209
2112 17231
2113 168852
2114 229109
2115 12210
2116 100700
2117 183783
2118 29089
2119 96330
2120 223104
2121 225609
2122 59662
2123 12209
2124 59437
2125 41089
2126 416604
2127 43413
2128 211934
2129 42750
2130 41308
2131 160602
2132 206831
2133 25909
2134 1583500
2135 62549
2136 195006
2137 211918
2138 1545054
2139 1687357
2140 493356
2141 36611
2142 1177719
2143 168303
2144 176721
2145 1165382
2146 387324
2147 952430
2148 359031
2149 1033914
2150 352739
2151 70204
2152 477893
2153 64803
2154 308346
2155 873357
2156 72291
2157 1085147
2158 307980
2159 322202
2160 862693
2161 75472
2162 336334
2163 990057
2164 48865
2165 134074
2166 1392402
2167 107475
2168 48332
2169 12206
2170 48808
2171 36572
2172 12209
2173 332194
2174 24385
2175 18302
2176 18314
2177 12208
2178 338835
2179 78175
2180 540759
2181 203224
2182 254786
2183 12194
2184 53485
2185 213161
2186 310127
2187 530480
2188 24412
2189 150675
2190 394514
2191 148074
2192 61118
2193 238104
2194 12209
2195 524448
2196 1505584
2197 344103
2198 211202
2199 223174
2200 210046
2201 522981
2202 36610
2203 225461
2204 1581205
2205 12206
2206 12210
2207 72808
2208 45736
2209 187268
2210 12206
2211 287787
2212 12205
2213 76102
2214 12205
2215 86854
2216 646874
2217 12206
2218 293796
2219 73665
2220 12209
2221 445565
2222 303799
2223 486059
2224 63059
2225 313934
2226 111607
2227 94587
2228 12204
2229 1486670
2230 12210
2231 256338
2232 324286
2233 87702
2234 357423
2235 62349
2236 12210
2237 303021
2238 51921
2239 142676
2240 378766
2241 12205
2242 177596
2243 334853
2244 323260
2245 12208
2246 62617
2247 12208
2248 12205
2249 212602
2250 139358
2251 311405
2252 245422
2253 64862
2254 102563
2255 48813
2256 345521
2257 12203
2258 181214
2259 367766
2260 77922
2261 12206
2262 24410
2263 299798
2264 12210
2265 264241
2266 26825
2267 24433
2268 20887
2269 26835
2270 211481
2271 154850
2272 266598
2273 19006
2274 185463
2275 75724
2276 199360
2277 62917
2278 236440
2279 187236
2280 279134
2281 109704
2282 175117
2283 247960
2284 148277
2285 119883
2286 77600
2287 97529
2288 118754
2289 55710
2290 538043
2291 52176
2292 121444
2293 128013
2294 549589
2295 85349
2296 140733
2297 127395
2298 36618
2299 164104
2300 172577
2301 73166
2302 112665
2303 121779
2304 24415
2305 133482
2306 561314
2307 277560
2308 60979
2309 163005
2310 12210
2311 573069
2312 273540
2313 123628
2314 584837
2315 161929
2316 150896
2317 283796
2318 84939
2319 138785
2320 126669
2321 109566
2322 294916
2323 48788
2324 194367
2325 205220
2326 50087
2327 37952
2328 216965
2329 36597
2330 97393
2331 26134
2332 596645
2333 129249
2334 354378
2335 115089
2336 228731
2337 85377
2338 130873
2339 85231
2340 608508
2341 19208
2342 828950
2343 48787
2344 711347
2345 18300
2346 48804
2347 350393
2348 365226
2349 719994
2350 24390
2351 295086
2352 18297
2353 729841
2354 18519
2355 60961
2356 240556
2357 73191
2358 183794
2359 740250
2360 36608
2361 756610
2362 73064
2363 17937
2364 48775
2365 376977
2366 110003
2367 104336
2368 36585
2369 263820
2370 61002
2371 18302
2372 24408
2373 12198
2374 24262
2375 23006
2376 103500
2377 116864
2378 761064
2379 287847
2380 12206
2381 60894
2382 48720
2383 78451
2384 143258
2385 41964
2386 12208
2387 12208
2388 24424
2389 66191
2390 72157
2391 24480
2392 74933
2393 136671
2394 89461
2395 124185
2396 24439
2397 92216
2398 12207
2399 12278
2400 118099
2401 60940
2402 36642
2403 142871
2404 311675
2405 36608
2406 123967
2407 24407
2408 12208
2409 60934
2410 92017
2411 12206
2412 48791
2413 154913
2414 74976
2415 319308
2416 142110
2417 12205
2418 55374
2419 343478
2420 62832
2421 143706
2422 154039
2423 166065
2424 12210
2425 4839550
2426 4652322
2427 178090
2428 78044
2429 4760343
2430 4727292
2431 67400
2432 4593931
2433 73039
2434 4620520
2435 4812526
2436 4437421
2437 146619
2438 37029
2439 3030742
2440 145204
2441 219618
2442 90541
2443 3047776
2444 70181
2445 4923909
2446 4531482
2447 214001
2448 2967802
2449 32241
2450 2962944
2451 519796
2452 147504
2453 4420293
2454 209219
2455 105756
2456 143089
2457 4370829
2458 518247
2459 79150
2460 94396
2461 205794
2462 2283058
2463 698338
2464 34073
2465 131320
2466 208268
2467 63168
2468 637119
2469 162792
2470 125987
2471 865199
2472 65220
2473 2565308
2474 176093
2475 2383493
2476 31883
2477 151806
2478 650601
2479 1148037
2480 1735194
2481 180391
2482 71809
2483 691874
2484 445439
2485 141383
2486 1603953
2487 358155
2488 131818
2489 239284
2490 48813
2491 35059
2492 122569
2493 239225
2494 87605
2495 1328512
2496 877999
2497 262134
2498 1520750
2499 119397
2500 381786
2501 453000
2502 153394
2503 405571
2504 142850
2505 36610
2506 24411
2507 456004
2508 12208
2509 33581
2510 59437
2511 106298
2512 85368
2513 42956
2514 1017837
2515 1475006
2516 46575
2517 36592
2518 1026260
2519 26735
2520 12204
2521 1012208
2522 73192
2523 27219
2524 1485047
2525 36605
2526 1001627
2527 24410
2528 24408
2529 12210
2530 12210
2531 12207
2532 979845
2533 988339
2534 1026612
2535 346945
2536 721768
2537 339825
2538 336006
2539 529549
2540 718806
2541 241131
2542 483548
2543 40507
2544 243892
2545 50812
2546 247937
2547 485023
2548 937648
2549 252220
2550 940009
2551 327133
2552 160320
2553 713023
2554 698981
2555 151035
2556 434519
2557 267870
2558 315032
2559 279912
2560 58221
2561 402554
2562 38855
2563 271630
2564 302927
2565 143233
2566 79563
2567 268518
2568 89677
2569 520591
2570 24412
2571 425533
2572 63190
2573 290820
2574 669333
2575 36609
2576 100068
2577 13784
2578 1319095
2579 437999
2580 144386
2581 23736
2582 12207
2583 779318
2584 278708
2585 24409
2586 164885
2587 1202613
2588 790587
2589 168426
2590 382728
2591 266592
2592 24408
2593 12206
2594 12206
2595 795216
2596 335731
2597 254472
2598 1210048
2599 36604
2600 24398
2601 24406
2602 181462
2603 12205
2604 904306
2605 776075
2606 242349
2607 925945
2608 1133435
2609 186703
2610 291764
2611 1122649
2612 230224
2613 196775
2614 12200
2615 874529
2616 945946
2617 218095
2618 22205
2619 593133
2620 583263
2621 575087
2622 570374
2623 12195
2624 36575
2625 12195
2626 48760
2627 73132
2628 97487
2629 12200
2630 12201
2631 210477
2632 153647
2633 136012
2634 24399
2635 12200
2636 35798
2637 12207
2638 17515
2639 30525
2640 12208
2641 73083
2642 60993
2643 12301
2644 48775
2645 24456
2646 24390
2647 12200
2648 36607
2649 12198
2650 12209
2651 36617
2652 12209
2653 60971
2654 48785
2655 36598
2656 24410
2657 12229
2658 12236
2659 24426
2660 36615
2661 48810
2662 12208
2663 24412
2664 12208
2665 12210
2666 12122
2667 24242
2668 48475
2669 12125
2670 72693
2671 12125
2672 84787
2673 96886
2674 108984
2675 121078
2676 133168
2677 145258
2678 157405
2679 169547
2680 181688
2681 193827
2682 205963
2683 12208
2684 12210
2685 158187
2686 217315
2687 73171
2688 60983
2689 207674
2690 48794
2691 36602
2692 12205
2693 12205
2694 214637
2695 92326
2696 102741
2697 53917
2698 28372
2699 17276
2700 12204
2701 24407
2702 399599
2703 373401
2704 371227
2705 12203
2706 799840
2707 809309
2708 790419
2709 781134
2710 772113
2711 763304
2712 802856
2713 459107
2714 450206
2715 384157
2716 819146
2717 463919
2718 363069
2719 12208
2720 34932
2721 356021
2722 25648
2723 28190
2724 829380
2725 17366
2726 61005
2727 583021
2728 16507
2729 839696
2730 416684
2731 48812
2732 36615
2733 24414
2734 12209
2735 850093
2736 950861
2737 260123
2738 367681
2739 784536
2740 249671
2741 109741
2742 354981
2743 783791
2744 97564
2745 301351
2746 85383
2747 260015
2748 44930
2749 817820
2750 239913
2751 48365
2752 230939
2753 49471
2754 12209
2755 73197
2756 358415
2757 222418
2758 47816
2759 12207
2760 40699
2761 215383
2762 824671
2763 171070
2764 61008
2765 261933
2766 12207
2767 334907
2768 819910
2769 12209
2770 230138
2771 363385
2772 171091
2773 12208
2774 199730
2775 1082196
2776 12208
2777 72179
2778 308510
2779 195178
2780 48814
2781 303276
2782 48814
2783 36617
2784 12209
2785 24414
2786 12209
2787 177438
2788 18313
2789 12209
2790 12208
2791 12208
2792 49346
2793 60988
2794 306786
2795 216498
2796 78612
2797 127860
2798 362257
2799 12209
2800 36616
2801 12208
2802 52538
2803 12210
2804 12209
2805 18312
2806 199288
2807 805479
2808 233357
2809 12209
2810 79582
2811 213977
2812 1084394
2813 40365
2814 36601
2815 650812
2816 117722
2817 120521
2818 243203
2819 24405
2820 12209
2821 12204
2822 24413
2823 12204
2824 97450
2825 12194
2826 170429
2827 73102
2828 60928
2829 48750
2830 36568
2831 24382
2832 12193
2833 60928
2834 48750
2835 36568
2836 24381
2837 12193
2838 968818
2839 999067
2840 997208
2841 37734
2842 25580
2843 1006606
2844 18864
2845 909985
2846 22774
2847 24413
2848 1016207
2849 12208
2850 929636
2851 31994
2852 801694
2853 51814
2854 39645
2855 179153
2856 27800
2857 771820
2858 82086
2859 12208
2860 814837
2861 21706
2862 169654
2863 179821
2864 178091
2865 24981
2866 36602
2867 24405
2868 12205
2869 138889
2870 137350
2871 128537
2872 48813
2873 12210
2874 18310
2875 24414
2876 18313
2877 765391
2878 124162
2879 12210
2880 12210
2881 102497
2882 271267
2883 12209
2884 121877
2885 36613
2886 42231
2887 12208
2888 18312
2889 48807
2890 18307
2891 18310
2892 12210
2893 33097
2894 598161
2895 12209
2896 12210
2897 12207
2898 24411
2899 73201
2900 85374
2901 36613
2902 97555
2903 24413
2904 109731
2905 12208
2906 182794
2907 194853
2908 61000
2909 48808
2910 36611
2911 24411
2912 12207
2913 48777
2914 24372
2915 12220
2916 12201
2917 109705
2918 122837
2919 48788
2920 24399
2921 12201
2922 12201
2923 12186
2924 12209
2925 199430
2926 369149
2927 201430
2928 40857
2929 188398
2930 316679
2931 1520306
2932 1560658
2933 318572
2934 180254
2935 122536
2936 1490066
2937 174476
2938 431018
2939 1324388
2940 139488
2941 1492769
2942 57662
2943 1391667
2944 51247
2945 329524
2946 249269
2947 55893
2948 119060
2949 1348233
2950 129946
2951 146094
2952 1498076
2953 395258
2954 244667
2955 33548
2956 12209
2957 124569
2958 1504735
2959 36613
2960 133936
2961 37733
2962 1512729
2963 24413
2964 275286
2965 1454108
2966 411694
2967 121793
2968 12209
2969 121023
2970 352176
2971 348193
2972 24415
2973 356973
2974 328010
2975 112167
2976 366973
2977 12196
2978 253663
2979 161860
2980 12209
2981 728189
2982 118553
2983 172571
2984 218879
2985 237936
2986 642962
2987 24415
2988 216318
2989 1007714
2990 200413
2991 97453
2992 12209
2993 86404
2994 85300
2995 104803
2996 39115
2997 12207
2998 74761
2999 79490
3000 29522
3001 1011467
3002 24388
3003 48757
3004 12196
3005 124728
3006 47555
3007 75888
3008 12195
3009 24386
3010 696757
3011 35372
3012 12195
3013 21470
3014 24386
3015 23194
3016 468347
3017 267957
3018 12194
3019 16184
3020 66137
3021 150524
3022 18772
3023 41538
3024 17404
3025 37004
3026 984312
3027 25633
3028 24251
3029 459627
3030 58389
3031 38879
3032 63325
3033 15778
3034 285548
3035 493245
3036 78597
3037 976339
3038 235812
3039 239616
3040 85040
3041 64236
3042 78395
3043 12207
3044 66058
3045 61022
3046 65616
3047 59323
3048 12208
3049 72501
3050 24412
3051 12206
3052 260424
3053 218433
3054 24370
3055 12187
3056 12206
3057 12210
3058 81635
3059 57315
3060 12209
3061 34931
3062 12209
3063 26443
3064 12208
3065 12209
3066 12207
3067 12209
3068 115182
3069 138166
3070 102704
3071 110263
3072 509428
3073 105921
3074 12205
3075 152199
3076 461926
3077 199063
3078 107871
3079 559071
3080 67566
3081 193470
3082 62369
3083 46465
3084 86691
3085 496368
3086 24413
3087 461580
3088 504196
3089 163056
3090 237264
3091 121886
3092 47469
3093 230097
3094 60503
3095 442762
3096 164723
3097 78505
3098 24415
3099 12208
3100 97340
3101 89511
3102 100376
3103 12204
3104 106133
3105 442874
3106 228190
3107 12210
3108 52295
3109 226951
3110 109744
3111 775124
3112 12210
3113 230770
3114 173937
3115 713243
3116 1880754
3117 41959
3118 24355
3119 36605
3120 1983394
3121 26434
3122 1821548
3123 1207654
3124 60992
3125 28796
3126 2068994
3127 24414
3128 24406
3129 715043
3130 2617460
3131 1197106
3132 37990
3133 2146263
3134 1106986
3135 1174491
3136 12204
3137 1164236
3138 1111377
3139 1146891
3140 48801
3141 12209
3142 12198
3143 36606
3144 12205
3145 1146248
3146 2212392
3147 171804
3148 1163781
3149 174916
3150 1149486
3151 98900
3152 225821
3153 24407
3154 66256
3155 38192
3156 988606
3157 217502
3158 61952
3159 2216024
3160 86750
3161 232680
3162 118281
3163 1001620
3164 104874
3165 196730
3166 48804
3167 12208
3168 984097
3169 18309
3170 36597
3171 18305
3172 122653
3173 197419
3174 12206
3175 107645
3176 57792
3177 67934
3178 24395
3179 50791
3180 212415
3181 1040977
3182 219016
3183 12204
3184 227558
3185 12206
3186 256124
3187 236243
3188 12206
3189 12206
3190 36611
3191 12207
3192 973303
3193 900006
3194 971457
3195 48803
3196 36607
3197 12207
3198 895577
3199 24408
3200 12206
3201 917420
3202 878646
3203 877000
3204 875823
3205 60978
3206 48786
3207 36594
3208 875198
3209 24399
3210 12201
3211 875058
3212 875171
3213 1052291
3214 679412
3215 550252
3216 538272
3217 680141
3218 526298
3219 681362
3220 515494
3221 146217
3222 134053
3223 682997
3224 358475
3225 121886
3226 346472
3227 684910
3228 109723
3229 334489
3230 884636
3231 322517
3232 923958
3233 907087
3234 310654
3235 162569
3236 73152
3237 822542
3238 298907
3239 24410
3240 60968
3241 824287
3242 287168
3243 255501
3244 48783
3245 275443
3246 150430
3247 263733
3248 252026
3249 240324
3250 228634
3251 36595
3252 222331
3253 221522
3254 220928
3255 220498
3256 136317
3257 243564
3258 220209
3259 24406
3260 220020
3261 231654
3262 138295
3263 18312
3264 126156
3265 220652
3266 18314
3267 222114
3268 219748
3269 223631
3270 225221
3271 207854
3272 130652
3273 114038
3274 128728
3275 195987
3276 184148
3277 227074
3278 229183
3279 225299
3280 172326
3281 231422
3282 160512
3283 267306
3284 148703
3285 136898
3286 171172
3287 101990
3288 139657
3289 127638
3290 159234
3291 147303
3292 89991
3293 141034
3294 140437
3295 116643
3296 106697
3297 140026
3298 139846
3299 139726
3300 139663
3301 139653
3302 78029
3303 66107
3304 54194
3305 42297
3306 99551
3307 12208
3308 164866
3309 140852
3310 95689
3311 71969
3312 81770
3313 12210
3314 36438
3315 24294
3316 12146
3317 72867
3318 24301
3319 12153
3320 86487
3321 106259
3322 81794
3323 12207
3324 2235309
3325 12208
3326 12209
3327 36618
3328 12209
3329 12208
3330 13928
3331 143649
3332 153967
3333 134350
3334 128216
3335 12207
3336 123714
3337 29099
3338 12209
3339 13754
3340 21266
3341 997336
3342 972114
3343 968089
3344 1058691
3345 170493
3346 158390
3347 36567
3348 979086
3349 989187
3350 12185
3351 109747
3352 18288
3353 48801
3354 48802
3355 18312
3356 18298
3357 12205
3358 36607
3359 24408
3360 12206
3361 900163
3362 1840037
3363 74117
3364 1805895
3365 32568
3366 23111
3367 145397
3368 41986
3369 1015428
3370 37054
3371 38478
3372 193789
3373 19993
3374 80427
3375 20170
3376 22919
3377 29858
3378 12210
3379 1801584
3380 15590
3381 53089
3382 36276
3383 243098
3384 26709
3385 68411
3386 36230
3387 1256870
3388 1571739
3389 97562
3390 246016
3391 85390
3392 79269
3393 12210
3394 61010
3395 1514273
3396 175606
3397 113943
3398 1199642
3399 36615
3400 73392
3401 12209
3402 36615
3403 12209
3404 65673
3405 12208
3406 12208
3407 12208
3408 24409
3409 86941
3410 345000
3411 121902
3412 12206
3413 1189550
3414 12210
3415 36789
3416 92115
3417 145222
3418 1204934
3419 24414
3420 85463
3421 12209
3422 1977178
3423 24415
3424 814440
3425 817906
3426 12209
3427 846031
3428 734135
3429 375635
3430 260718
3431 599781
3432 729546
3433 549670
3434 706772
3435 106923
3436 36605
3437 136022
3438 750812
3439 598734
3440 17892
3441 697455
3442 234584
3443 22361
3444 24404
3445 12201
3446 402254
3447 25815
3448 722936
3449 2489021
3450 2272317
3451 2268868
3452 771019
3453 36605
3454 731538
3455 60976
3456 697700
3457 48785
3458 36591
3459 24407
3460 24393
3461 12205
3462 604404
3463 12195
3464 114714
3465 136307
3466 91290
3467 67694
3468 90370
3469 55639
3470 95032
3471 103456
3472 595520
3473 115390
3474 105319
3475 482848
3476 96176
3477 43675
3478 87333
3479 472578
3480 85345
3481 144370
3482 91045
3483 31803
3484 60982
3485 920555
3486 48792
3487 373747
3488 73162
3489 36600
3490 24403
3491 60975
3492 12205
3493 48786
3494 576264
3495 380252
3496 12203
3497 388190
3498 375221
3499 32458
3500 385877
3501 36592
3502 40914
3503 903199
3504 24399
3505 49901
3506 12201
3507 346968
3508 338956
3509 334132
3510 692866
3511 241383
3512 117748
3513 55552
3514 107588
3515 219892
3516 31105
3517 102064
3518 33101
3519 242991
3520 110726
3521 661985
3522 433642
3523 42980
3524 101350
3525 430208
3526 31724
3527 249486
3528 628283
3529 850369
3530 1238065
3531 427377
3532 432440
3533 473855
3534 417696
3535 561139
3536 947971
3537 24592
3538 126250
3539 382677
3540 121254
3541 767619
3542 425442
3543 748718
3544 156132
3545 540183
3546 529674
3547 110574
3548 434420
3549 758198
3550 32187
3551 802165
3552 13140
3553 120470
3554 676415
3555 769200
3556 37691
3557 85690
3558 45973
3559 144834
3560 52862
3561 39241
3562 133784
3563 82805
3564 29285
3565 122881
3566 22723
3567 347514
3568 860502
3569 12208
3570 36612
3571 208198
3572 24411
3573 166935
3574 12207
3575 218965
3576 230146
3577 241574
3578 545685
3579 179706
3580 554554
3581 36224
3582 307168
3583 541723
3584 109707
3585 296782
3586 361463
3587 40256
3588 29604
3589 246891
3590 371406
3591 20276
3592 234978
3593 97530
3594 88646
3595 17074
3596 93949
3597 223138
3598 85349
3599 112025
3600 73164
3601 95579
3602 60976
3603 211389
3604 113308
3605 48788
3606 200153
3607 165145
3608 37205
3609 36595
3610 25040
3611 125918
3612 172630
3613 251848
3614 48808
3615 21774
3616 36610
3617 18675
3618 20316
3619 24409
3620 18113
3621 24415
3622 12205
3623 335991
3624 23900
3625 164957
3626 82191
3627 48809
3628 59625
3629 36038
3630 135181
3631 329869
3632 215445
3633 69037
3634 231056
3635 36611
3636 234802
3637 310640
3638 96250
3639 376276
3640 384595
3641 108991
3642 341709
3643 82346
3644 23350
3645 272594
3646 35070
3647 144248
3648 12209
3649 226990
3650 535992
3651 43830
3652 24410
3653 12209
3654 12207
3655 565794
3656 615538
3657 147800
3658 239320
3659 152496
3660 623845
3661 161986
3662 244117
3663 285206
3664 212889
3665 726723
3666 82680
3667 102570
3668 113969
3669 70878
3670 12158
3671 27322
3672 97520
3673 115895
3674 59083
3675 771773
3676 239246
3677 774320
3678 47312
3679 12209
3680 48291
3681 36298
3682 73150
3683 22886
3684 30405
3685 159757
3686 29888
3687 104628
3688 130184
3689 284231
3690 283816
3691 283638
3692 179977
3693 341215
3694 160159
3695 247806
3696 185962
3697 79736
3698 254738
3699 264127
3700 136171
3701 191633
3702 140500
3703 141570
3704 193021
3705 82559
3706 79837
3707 224215
3708 36618
3709 24416
3710 219237
3711 85644
3712 227058
3713 12210
3714 167345
3715 12210
3716 333261
3717 171874
3718 1122700
3719 292810
3720 927676
3721 1029215
3722 220890
3723 94799
3724 217407
3725 240163
3726 93884
3727 217627
3728 105218
3729 253987
3730 393403
3731 75792
3732 109384
3733 260586
3734 76636
3735 404980
3736 18883
3737 12208
3738 1357148
3739 1246215
3740 358726
3741 1308860
3742 370995
3743 56539
3744 63313
3745 105416
3746 1254545
3747 1297481
3748 72898
3749 179913
3750 1172485
3751 52798
3752 1171560
3753 12210
3754 196893
3755 1403256
3756 158007
3757 155553
3758 1453206
3759 146908
3760 58975
3761 24404
3762 12203
3763 111706
3764 285701
3765 100341
3766 201988
3767 149324
3768 49657
3769 95315
3770 1439089
3771 84577
3772 46154
3773 169836
3774 125074
3775 24411
3776 162950
3777 137510
3778 24410
3779 127444
3780 82504
3781 12207
3782 113191
3783 12206
3784 106459
3785 164902
3786 84377
3787 103430
3788 311506
3789 132430
3790 305822
3791 96170
3792 249736
3793 1386466
3794 31047
3795 293886
3796 89533
3797 123398
3798 232869
3799 24408
3800 36612
3801 114431
3802 24711
3803 34055
3804 36597
3805 85491
3806 907243
3807 1221477
3808 902418
3809 234686
3810 223706
3811 210402
3812 192019
3813 218891
3814 40590
3815 1094607
3816 1386589
3817 24414
3818 12196
3819 12208
3820 211045
3821 192422
3822 170176
3823 189259
3824 184924
3825 12208
3826 153253
3827 102401
3828 104539
3829 975651
3830 22380
3831 57983
3832 34201
3833 509398
3834 126621
3835 209877
3836 129891
3837 62831
3838 131360
3839 13461
3840 32847
3841 147773
3842 108782
3843 122068
3844 51436
3845 391824
3846 12208
3847 212427
3848 316779
3849 243445
3850 113993
3851 140859
3852 109996
3853 111247
3854 69839
3855 84894
3856 72718
3857 168690
3858 55226
3859 12209
3860 221779
3861 44150
3862 48807
3863 125481
3864 12128
3865 439458
3866 12208
3867 79112
3868 48492
3869 100965
3870 18226
3871 18155
3872 12130
3873 36610
3874 103358
3875 43687
3876 48801
3877 94267
3878 24409
3879 1908585
3880 30490
3881 130092
3882 12224
3883 67267
3884 12203
3885 18310
3886 58931
3887 33201
3888 23312
3889 1143200
3890 120021
3891 1494330
3892 90029
3893 15175
3894 1157109
3895 111052
3896 36562
3897 38241
3898 24382
3899 12195
3900 89264
3901 108365
3902 78355
3903 1737072
3904 47577
3905 21229
3906 56859
3907 1398599
3908 234918
3909 15145
3910 827787
3911 234971
3912 18327
3913 43439
3914 1197037
3915 12209
3916 73145
3917 34101
3918 24411
3919 60956
3920 12205
3921 803043
3922 48773
3923 18289
3924 20983
3925 71477
3926 60565
3927 55838
3928 62321
3929 147431
3930 112481
3931 121105
3932 118176
3933 124139
3934 134006
3935 186002
3936 195124
3937 44155
3938 282102
3939 290311
3940 35154
3941 79082
3942 30034
3943 1062433
3944 1193873
3945 67151
3946 143998
3947 242549
3948 56279
3949 111542
3950 125646
3951 46598
3952 32788
3953 37263
3954 95571
3955 55136
3956 64621
3957 52701
3958 40875
3959 29156
3960 22606
3961 27078
3962 37598
3963 12181
3964 24362
3965 36541
3966 13040
3967 12203
3968 24402
3969 12201
3970 24399
3971 24999
3972 26593
3973 28352
3974 33801
3975 44274
3976 56315
3977 68426
3978 80536
3979 92643
3980 104753
3981 12207
3982 24411
3983 36612
3984 48808
3985 36616
3986 18310
3987 12209
3988 429416
3989 879439
3990 514731
3991 855228
3992 12208
3993 885892
3994 937125
3995 136773
3996 894267
3997 132891
3998 129488
3999 571087
4000 131543
4001 138957
4002 147176
4003 397148
4004 363554
4005 29500
4006 299356
4007 198606
4008 328613
4009 22991
4010 36615
4011 388361
4012 186875
4013 12209
4014 12209
4015 18197
4016 356324
4017 314777
4018 303024
4019 114387
4020 19914
4021 322313
4022 175500
4023 83199
4024 27911
4025 52816
4026 37731
4027 456656
4028 403284
4029 39040
4030 204940
4031 26860
4032 34178
4033 12206
4034 204622
4035 14769
4036 364799
4037 24529
4038 167972
4039 98529
4040 12209
4041 198685
4042 47617
4043 204125
4044 12858
4045 214377
4046 267067
4047 87397
4048 362150
4049 248349
4050 349564
4051 197479
4052 104009
4053 12209
4054 69114
4055 276193
4056 128410
4057 203843
4058 78498
4059 62202
4060 229042
4061 24400
4062 63502
4063 191984
4064 60986
4065 48809
4066 303060
4067 18516
4068 24407
4069 12202
4070 359853
4071 182862
4072 12202
4073 67235
4074 67632
4075 173695
4076 48796
4077 30874
4078 69660
4079 36603
4080 165606
4081 36611
4082 24405
4083 109314
4084 12204
4085 24410
4086 255397
4087 19213
4088 231095
4089 107674
4090 12204
4091 55810
4092 111740
4093 12875
4094 12209
4095 18141
4096 44697
4097 219018
4098 27006
4099 12210
4100 182541
4101 158070
4102 74941
4103 26939
4104 12207
4105 24395
4106 170478
4107 12199
4108 66619
4109 78088
4110 12210
4111 24416
4112 117261
4113 112842
4114 101702
4115 12209
4116 24414
4117 12210
4118 75139
4119 67874
4120 98336
4121 70996
4122 48791
4123 36597
4124 24400
4125 12201
4126 134079
4127 73177
4128 12205
4129 48795
4130 36602
4131 12204
4132 12204
4133 12197
4134 24391
4135 36582
4136 97498
4137 48769
4138 36582
4139 24392
4140 12198
4141 35655
4142 23453
4143 12186
4144 12210
4145 36572
4146 48756
4147 24385
4148 12195
4149 60938
4150 12209
4151 36600
4152 115457
4153 24404
4154 61550
4155 99270
4156 59487
4157 12210
4158 12210
4159 59270
4160 12202
4161 68181
4162 68119
4163 77598
4164 77451
4165 120833
4166 36607
4167 127859
4168 12206
4169 12205
4170 216552
4171 219948
4172 85323
4173 98650
4174 73149
4175 749830
4176 30485
4177 30491
4178 18296
4179 12209
4180 18307
4181 440798
4182 428852
4183 416934
4184 12207
4185 405038
4186 393167
4187 381309
4188 371864
4189 56577
4190 85368
4191 220511
4192 73184
4193 208649
4194 60996
4195 44450
4196 32418
4197 48805
4198 20511
4199 221916
4200 178434
4201 60966
4202 206593
4203 85316
4204 159573
4205 73135
4206 48780
4207 36610
4208 142502
4209 60953
4210 36590
4211 13617
4212 48768
4213 24396
4214 24380
4215 12199
4216 140524
4217 12191
4218 36580
4219 24389
4220 12196
4221 24410
4222 18572
4223 30426
4224 12207
4225 282633
4226 227860
4227 294386
4228 69783
4229 79274
4230 73473
4231 80435
4232 243891
4233 258756
4234 210781
4235 53204
4236 12209
4237 366147
4238 41767
4239 235140
4240 182464
4241 120258
4242 170312
4243 30918
4244 158228
4245 235654
4246 75073
4247 48752
4248 21408
4249 18278
4250 97413
4251 18295
4252 12194
4253 60911
4254 84647
4255 29523
4256 266441
4257 36551
4258 75029
4259 24361
4260 12188
4261 42870
4262 12210
4263 18287
4264 12170
4265 80522
4266 12187
4267 12210
4268 89592
4269 220236
4270 270087
4271 280142
4272 1361296
4273 221807
4274 230629
4275 1260849
4276 1348588
4277 36613
4278 108759
4279 1242425
4280 36607
4281 1746409
4282 1194720
4283 24412
4284 1207182
4285 689624
4286 113686
4287 12207
4288 719116
4289 129983
4290 24406
4291 12204
4292 1623884
4293 48799
4294 12208
4295 756672
4296 36603
4297 24403
4298 73123
4299 12200
4300 1246766
4301 60939
4302 412199
4303 36570
4304 12196
4305 300498
4306 24383
4307 109689
4308 250369
4309 12193
4310 48805
4311 97512
4312 202287
4313 85331
4314 73147
4315 60958
4316 36608
4317 1899774
4318 48777
4319 12208
4320 48795
4321 24409
4322 36602
4323 24394
4324 12199
4325 24405
4326 12199
4327 737869
4328 12206
4329 12203
4330 24408
4331 12205
4332 539022
4333 24411
4334 12207
4335 682142
4336 12207
4337 12199
4338 18301
4339 191167
4340 189664
4341 1542283
4342 1365059
4343 1364577
4344 19900
4345 24412
4346 12207
4347 12209
4348 36611
4349 24411
4350 48809
4351 12208
4352 12209
4353 12208
4354 18312
4355 12211
4356 48812
4357 18308
4358 238350
4359 226912
4360 215911
4361 206688
4362 198997
4363 667571
4364 195407
4365 76127
4366 73846
4367 124724
4368 455082
4369 448050
4370 224803
4371 242098
4372 12117
4373 50287
4374 89530
4375 24507
4376 247578
4377 281707
4378 12730
4379 208786
4380 26364
4381 48191
4382 19595
4383 27675
4384 337219
4385 80559
4386 24299
4387 46651
4388 86445
4389 32869
4390 83653
4391 28367
4392 24403
4393 547517
4394 72889
4395 81471
4396 151573
4397 216386
4398 158174
4399 38567
4400 12209
4401 102058
4402 48811
4403 12203
4404 157886
4405 104572
4406 676701
4407 19081
4408 29758
4409 636285
4410 232537
4411 216526
4412 223771
4413 12206
4414 61012
4415 210211
4416 47388
4417 36613
4418 17597
4419 46455
4420 187828
4421 12205
4422 24413
4423 24413
4424 12207
4425 24403
4426 366709
4427 24414
4428 14515
4429 154139
4430 23919
4431 12209
4432 12204
4433 53313
4434 24628
4435 12203
4436 12209
4437 12207
4438 12209
4439 343991
4440 132345
4441 23203
4442 12207
4443 1096176
4444 62135
4445 12207
4446 111526
4447 43378
4448 263674
4449 84826
4450 42312
4451 93870
4452 41287
4453 36963
4454 485803
4455 248643
4456 837787
4457 435826
4458 438518
4459 12205
4460 40294
4461 256358
4462 258441
4463 289735
4464 12210
4465 132581
4466 43627
4467 23968
4468 30668
4469 17876
4470 182753
4471 44740
4472 252865
4473 121921
4474 33995
4475 18355
4476 12202
4477 73157
4478 48784
4479 24395
4480 12198
4481 12202
4482 165374
4483 218585
4484 227739
4485 60958
4486 48770
4487 237671
4488 172574
4489 36578
4490 145330
4491 271542
4492 24388
4493 133715
4494 524503
4495 122130
4496 24396
4497 769260
4498 110575
4499 491609
4500 12196
4501 444542
4502 485520
4503 99424
4504 24404
4505 777686
4506 88700
4507 12204
4508 12196
4509 78776
4510 71318
4511 12204
4512 51842
4513 61336
4514 68918
4515 48809
4516 44300
4517 12211
4518 24407
4519 12211
4520 120224
4521 33879
4522 164661
4523 323527
4524 443313
4525 260788
4526 184169
4527 416621
4528 240322
4529 199936
4530 221467
4531 19353
4532 251005
4533 48810
4534 204966
4535 18300
4536 30366
4537 18320
4538 73188
4539 290961
4540 12210
4541 151488
4542 71808
4543 155914
4544 39720
4545 91859
4546 12869
4547 48804
4548 12208
4549 166323
4550 203146
4551 48808
4552 214200
4553 24407
4554 12208
4555 18307
4556 319289
4557 105648
4558 18311
4559 12210
4560 12205
4561 12205
4562 218166
4563 303162
4564 48811
4565 36603
4566 24412
4567 12209
4568 24402
4569 12211
4570 12203
4571 227686
4572 270821
4573 36607
4574 24408
4575 759204
4576 12206
4577 549401
4578 307182
4579 17816
4580 12444
4581 233876
4582 222953
4583 219935
4584 63247
4585 161289
4586 85105
4587 12209
4588 73197
4589 102562
4590 64885
4591 12208
4592 92544
4593 12207
4594 57761
4595 48810
4596 192155
4597 38955
4598 12209
4599 24411
4600 12209
4601 12210
4602 38648
4603 46400
4604 247124
4605 16076
4606 48844
4607 164519
4608 295076
4609 91070
4610 134022
4611 25909
4612 99180
4613 82036
4614 109634
4615 25713
4616 14406
4617 59081
4618 47694
4619 141952
4620 14507
4621 59581
4622 13869
4623 66844
4624 73638
4625 42749
4626 12208
4627 39861
4628 24412
4629 12207
4630 33926
4631 12135
4632 24408
4633 12206
4634 57350
4635 65966
4636 18308
4637 12210
4638 18306
4639 12210
4640 43279
4641 20983
4642 516607
4643 668670
4644 175993
4645 130295
4646 120109
4647 36613
4648 24411
4649 12208
4650 99200
4651 12209
4652 24413
4653 12207
4654 241734
4655 120391
4656 109238
4657 364203
4658 106841
4659 48774
4660 36585
4661 373339
4662 24391
4663 383187
4664 12196
4665 462625
4666 73172
4667 36604
4668 12204
4669 18298
4670 12204
4671 18306
4672 12203
4673 24402
4674 36597
4675 56580
4676 2042628
4677 1981979
4678 1974874
4679 14223
4680 18803
4681 948547
4682 13995
4683 48784
4684 24391
4685 12209
4686 12203
4687 60970
4688 85342
4689 12203
4690 121871
4691 24400
4692 12202
4693 12199
4694 24389
4695 12190
4696 36590
4697 61609
4698 39343
4699 44300
4700 12208
4701 48801
4702 24405
4703 12207
4704 12208
4705 36603
4706 24403
4707 12198
4708 48799
4709 36605
4710 24406
4711 12204
4712 488864
4713 493233
4714 498162
4715 503225
4716 509366
4717 690017
4718 228601
4719 216559
4720 204600
4721 192744
4722 181050
4723 169651
4724 158586
4725 147659
4726 136755
4727 125910
4728 115300
4729 105651
4730 96869
4731 88908
4732 82063
4733 75653
4734 69342
4735 65138
4736 63104
4737 61292
4738 59567
4739 59610
4740 64123
4741 71438
4742 78915
4743 88258
4744 99838
4745 190424
4746 194605
4747 204839
4748 87233
4749 215110
4750 82754
4751 362730
4752 82676
4753 349798
4754 194374
4755 366672
4756 126187
4757 428070
4758 60834
4759 83110
4760 36605
4761 24405
4762 42115
4763 115290
4764 12205
4765 52244
4766 462427
4767 40256
4768 86864
4769 12208
4770 28770
4771 104496
4772 13933
4773 173040
4774 18050
4775 94204
4776 159675
4777 24412
4778 93803
4779 12207
4780 689017
4781 141685
4782 706090
4783 61001
4784 83261
4785 12204
4786 48809
4787 272330
4788 77193
4789 103011
4790 23099
4791 215427
4792 24404
4793 13519
4794 12209
4795 12204
4796 12209
4797 257175
4798 716448
4799 74515
4800 36607
4801 24406
4802 12205
4803 108893
4804 71800
4805 115625
4806 727656
4807 65525
4808 12208
4809 27273
4810 896836
4811 60365
4812 55114
4813 48766
4814 12760
4815 24379
4816 12197
4817 12349
4818 12196
4819 14436
4820 23989
4821 112941
4822 171138
4823 329043
4824 12209
4825 126459
4826 465589
4827 313160
4828 991377
4829 62721
4830 12209
4831 12207
4832 12209
4833 54224
4834 42613
4835 31026
4836 18894
4837 12864
4838 18989
4839 31177
4840 120867
4841 18295
4842 12208
4843 18310
4844 30498
4845 42687
4846 43565
4847 48810
4848 18312
4849 18306
4850 12208
4851 12209
4852 713061
4853 12208
4854 48801
4855 24405
4856 12208
4857 12208
4858 60991
4859 1360788
4860 79558
4861 70199
4862 12208
4863 67402
4864 48796
4865 36600
4866 24399
4867 12201
4868 12203
4869 25702
4870 30106
4871 41214
4872 77634
4873 73685
4874 73100
4875 100687
4876 72580
4877 412231
4878 87563
4879 379649
4880 50416
4881 112330
4882 59537
4883 14875
4884 70743
4885 369812
4886 124984
4887 360263
4888 144266
4889 351300
4890 343034
4891 335422
4892 520529
4893 281489
4894 328327
4895 528173
4896 321389
4897 315004
4898 553783
4899 308683
4900 302425
4901 329741
4902 260885
4903 97517
4904 85335
4905 73149
4906 60966
4907 48781
4908 258042
4909 36592
4910 24399
4911 12201
4912 256459
4913 256124
4914 257644
4915 261129
4916 278708
4917 239330
4918 61677
4919 244281
4920 58688
4921 56899
4922 56479
4923 56747
4924 58728
4925 96031
4926 48733
4927 36540
4928 24364
4929 12184
4930 300590
4931 232577
4932 292520
4933 231867
4934 297485
4935 385298
4936 116443
4937 358618
4938 116515
4939 117344
4940 359313
4941 361473
4942 27831
4943 22636
4944 31912
4945 59431
4946 51813
4947 52261
4948 47458
4949 43591
4950 46717
4951 41523
4952 1169666
4953 12208
4954 24414
4955 12209
4956 301637
4957 12172
4958 24377
4959 357619
4960 93848
4961 1693077
4962 1686936
4963 1699739
4964 1682357
4965 1726140
4966 55716
4967 54793
4968 48800
4969 58605
4970 24404
4971 12206
4972 12203
4973 79335
4974 48733
4975 63455
4976 993166
4977 2967696
4978 1197859
4979 12209
4980 990299
4981 366312
4982 897256
4983 231950
4984 36427
4985 1026147
4986 24228
4987 12023
4988 513421
4989 66325
4990 192100
4991 59652
4992 878927
4993 552720
4994 289651
4995 250384
4996 24263
4997 320021
4998 12129
4999 153526
5000 887833
5001 378625
5002 166265
5003 547153
5004 186166
5005 36598
5006 48791
5007 254799
5008 897049
5009 24399
5010 12206
5011 24401
5012 308988
5013 12204
5014 134346
5015 13768
5016 24412
5017 949451
5018 260729
5019 412087
5020 438891
5021 12208
5022 340585
5023 12202
5024 12320
5025 63990
5026 428754
5027 298118
5028 35100
5029 453642
5030 48813
5031 287404
5032 24413
5033 12209
5034 22985
5035 953412
5036 276332
5037 12210
5038 230085
5039 457877
5040 65806
5041 963538
5042 12204
5043 195151
5044 190361
5045 179165
5046 64103
5047 413127
5048 276805
5049 218075
5050 973817
5051 364341
5052 167193
5053 129370
5054 241147
5055 44887
5056 155389
5057 233344
5058 48798
5059 26382
5060 91748
5061 225016
5062 984253
5063 320773
5064 482344
5065 115966
5066 101074
5067 32773
5068 144231
5069 192219
5070 12210
5071 353906
5072 64206
5073 24398
5074 26429
5075 489381
5076 41727
5077 15939
5078 351230
5079 12206
5080 66013
5081 133718
5082 24403
5083 180647
5084 12207
5085 499165
5086 362237
5087 24449
5088 30609
5089 12198
5090 87023
5091 25466
5092 12208
5093 234929
5094 12196
5095 99940
5096 35548
5097 108851
5098 1610501
5099 2070268
5100 2623965
5101 450406
5102 1607244
5103 439133
5104 428598
5105 728387
5106 1612798
5107 64805
5108 898319
5109 680435
5110 420897
5111 677386
5112 53626
5113 1620060
5114 675792
5115 906210
5116 766144
5117 24412
5118 435828
5119 34121
5120 1615257
5121 146578
5122 331965
5123 414226
5124 12208
5125 1208102
5126 12209
5127 135338
5128 23420
5129 1967280
5130 690429
5131 1183119
5132 30872
5133 44006
5134 457039
5135 66006
5136 635228
5137 370590
5138 1977660
5139 2069834
5140 125571
5141 1140938
5142 48776
5143 33729
5144 1127268
5145 73195
5146 262976
5147 12209
5148 55247
5149 24375
5150 2142505
5151 64440
5152 109713
5153 12210
5154 954738
5155 12198
5156 998344
5157 253143
5158 390773
5159 18202
5160 43550
5161 559084
5162 48808
5163 97562
5164 12208
5165 67358
5166 22645
5167 231249
5168 36602
5169 38411
5170 36612
5171 632428
5172 12206
5173 24412
5174 1138847
5175 989905
5176 703067
5177 39993
5178 12208
5179 54328
5180 38405
5181 372069
5182 24404
5183 132958
5184 40437
5185 12204
5186 1156304
5187 1279505
5188 220864
5189 48804
5190 1112577
5191 125398
5192 36608
5193 12208
5194 621030
5195 12210
5196 12204
5197 660904
5198 24408
5199 40055
5200 652356
5201 1285488
5202 24414
5203 1033612
5204 123526
5205 218182
5206 90866
5207 12206
5208 12209
5209 221013
5210 113074
5211 1180944
5212 24414
5213 1102134
5214 60967
5215 172033
5216 858146
5217 851082
5218 1141802
5219 755125
5220 92564
5221 324444
5222 36590
5223 321033
5224 60962
5225 48812
5226 69188
5227 48771
5228 30514
5229 257593
5230 12210
5231 785273
5232 18313
5233 182258
5234 48811
5235 170104
5236 157947
5237 36578
5238 12210
5239 30516
5240 168839
5241 12208
5242 69075
5243 250267
5244 12196
5245 12197
5246 110117
5247 145842
5248 84948
5249 245530
5250 113535
5251 238093
5252 241565
5253 220549
5254 48376
5255 118458
5256 48800
5257 36185
5258 252830
5259 59418
5260 18290
5261 24398
5262 578576
5263 118388
5264 12200
5265 12208
5266 12206
5267 12208
5268 18320
5269 15956
5270 12203
5271 24404
5272 24409
5273 154714
5274 12204
5275 143842
5276 12206
5277 123288
5278 110869
5279 42235
5280 104867
5281 49949
5282 390739
5283 206974
5284 38548
5285 42315
5286 119841
5287 133329
5288 102788
5289 182747
5290 12209
5291 107767
5292 132058
5293 116416
5294 42647
5295 119982
5296 73164
5297 13990
5298 12208
5299 15689
5300 97559
5301 60777
5302 129977
5303 43241
5304 134962
5305 48785
5306 12210
5307 144776
5308 158764
5309 24395
5310 336981
5311 12198
5312 12205
5313 144808
5314 112854
5315 48800
5316 171425
5317 93745
5318 36608
5319 12206
5320 12635
5321 24406
5322 327072
5323 17877
5324 12208
5325 12202
5326 12207
5327 12208
5328 122568
5329 320386
5330 85067
5331 12206
5332 59258
5333 118695
5334 71359
5335 69095
5336 72115
5337 79851
5338 79605
5339 90189
5340 134200
5341 153906
5342 101010
5343 62100
5344 47481
5345 118508
5346 41531
5347 64077
5348 148278
5349 187920
5350 72061
5351 183547
5352 94528
5353 132976
5354 38413
5355 100499
5356 156310
5357 60400
5358 125578
5359 38513
5360 109279
5361 146522
5362 132090
5363 156317
5364 60974
5365 59212
5366 120524
5367 18480
5368 158358
5369 94948
5370 166860
5371 48761
5372 131996
5373 73368
5374 177448
5375 44259
5376 51606
5377 36566
5378 48787
5379 193430
5380 55268
5381 347595
5382 50828
5383 42792
5384 165802
5385 94008
5386 63023
5387 158789
5388 161023
5389 168830
5390 213641
5391 68636
5392 24382
5393 78074
5394 32885
5395 65025
5396 63052
5397 125558
5398 35704
5399 71299
5400 125723
5401 15433
5402 74192
5403 36597
5404 115404
5405 85328
5406 213452
5407 133562
5408 38379
5409 120229
5410 214943
5411 15615
5412 127398
5413 252699
5414 172067
5415 153897
5416 60968
5417 137297
5418 152664
5419 66352
5420 36450
5421 38402
5422 77493
5423 30071
5424 216583
5425 24678
5426 73147
5427 48782
5428 122863
5429 24412
5430 223339
5431 256508
5432 73108
5433 148654
5434 77674
5435 12208
5436 255006
5437 125659
5438 60964
5439 24402
5440 12207
5441 36592
5442 24410
5443 88675
5444 66384
5445 266450
5446 235839
5447 12202
5448 32467
5449 205605
5450 85307
5451 24409
5452 33118
5453 25660
5454 21264
5455 23612
5456 25351
5457 468389
5458 12205
5459 253852
5460 246436
5461 12199
5462 36835
5463 379073
5464 369122
5465 359540
5466 82045
5467 80564
5468 56714
5469 40799
5470 74193
5471 114422
5472 92832
5473 117285
5474 32800
5475 105840
5476 36080
5477 31227
5478 180192
5479 131868
5480 29648
5481 38708
5482 185791
5483 60960
5484 12202
5485 196832
5486 48771
5487 24387
5488 24405
5489 12190
5490 19800
5491 18295
5492 258248
5493 22903
5494 73698
5495 31361
5496 251250
5497 72256
5498 262626
5499 101353
5500 60974
5501 76140
5502 48783
5503 88202
5504 18299
5505 100270
5506 18298
5507 12202
5508 731407
5509 725769
5510 669769
5511 365608
5512 375772
5513 36609
5514 659793
5515 420730
5516 12209
5517 24409
5518 45886
5519 719994
5520 422426
5521 368992
5522 35015
5523 109631
5524 12205
5525 430590
5526 36610
5527 439035
5528 60874
5529 18166
5530 48681
5531 36513
5532 24677
5533 12174
5534 12174
5535 24411
5536 12207
5537 12210
5538 47562
5539 30945
5540 12207
5541 55639
5542 67267
5543 79270
5544 21747
5545 12209
5546 12208
5547 77119
5548 55560
5549 48088
5550 37104
5551 106927
5552 137271
5553 93171
5554 24316
5555 12118
5556 12207
5557 12202
5558 12208
5559 334884
5560 344523
5561 355079
5562 377126
5563 387005
5564 397779
5565 12205
5566 12207
5567 12209
5568 24412
5569 36613
5570 529382
5571 653388
5572 23205
5573 123683
5574 113794
5575 697787
5576 120160
5577 82160
5578 12852
5579 48801
5580 108683
5581 12208
5582 50471
5583 24403
5584 12207
5585 701420
5586 40331
5587 102711
5588 48515
5589 711063
5590 36318
5591 366378
5592 12205
5593 721136
5594 12204
5595 731621
5596 415382
5597 26565
5598 275472
5599 27906
5600 742263
5601 422219
5602 12209
5603 45416
5604 52689
5605 12207
5606 18155
5607 255055
5608 443385
5609 233689
5610 12204
5611 12208
5612 452684
5613 486134
5614 24387
5615 506818
5616 12195
5617 12207
5618 70262
5619 90257
5620 68550
5621 24406
5622 68893
5623 12204
5624 123365
5625 134205
5626 145320
5627 156585
5628 167963
5629 179418
5630 190963
5631 202603
5632 214320
5633 226072
5634 237881
5635 249795
5636 261777
5637 22999
5638 13433
5639 61019
5640 12207
5641 12202
5642 115707
5643 12207
5644 224903
5645 300511
5646 72005
5647 60444
5648 204117
5649 50247
5650 36597
5651 24398
5652 12196
5653 48776
5654 36587
5655 24397
5656 12201
5657 20079
5658 14135
5659 30373
5660 70979
5661 44957
5662 39664
5663 12207
5664 12207
5665 12205
5666 12209
5667 24414
5668 12207
5669 12202
5670 24398
5671 12203
5672 24406
5673 12209
5674 33036
5675 31477
5676 1335383
5677 677815
5678 1264999
5679 666879
5680 149227
5681 506940
5682 1273523
5683 137656
5684 495598
5685 484591
5686 473694
5687 12204
5688 136125
5689 149500
5690 84375
5691 72192
5692 60007
5693 48004
5694 96257
5695 35999
5696 23990
5697 12204
5698 11986
5699 12185
5700 994941
5701 24391
5702 12200
5703 12202
5704 24391
5705 12204
5706 24406
5707 36605
5708 12201
5709 24398
5710 36594
5711 123278
5712 113536
5713 104508
5714 12194
5715 24400
5716 12201
5717 36600
5718 36602
5719 24405
5720 12205
5721 129907
5722 119415
5723 140721
5724 109340
5725 253199
5726 303326
5727 48803
5728 24411
5729 24408
5730 12204
5731 110159
5732 420328
5733 103418
5734 101443
5735 100161
5736 99239
5737 137166
5738 98786
5739 121225
5740 24409
5741 120521
5742 12206
5743 98979
5744 157536
5745 135354
5746 146130
5747 109687
5748 24403
5749 97513
5750 12202
5751 85336
5752 73153
5753 60968
5754 48777
5755 36588
5756 24395
5757 12196
5758 12208
5759 12208
5760 24412
5761 152420
5762 121746
5763 119958
5764 123883
5765 24401
5766 12197
5767 36600
5768 48764
5769 36572
5770 24384
5771 12195
5772 12205
5773 12204
5774 12207
5775 39468
5776 32085
5777 30455
5778 48808
5779 18306
5780 18312
5781 12208
5782 12207
5783 12203
5784 12208
5785 48721
5786 18261
5787 18283
5788 12186
5789 126755
5790 105606
5791 104356
5792 114184
5793 112645
5794 12206
5795 118191
5796 12149
5797 24323
5798 36492
5799 48658
5800 60820
5801 72979
5802 84965
5803 97128
5804 267101
5805 158058
5806 145917
5807 133775
5808 121627
5809 109476
5810 97320
5811 85162
5812 73001
5813 60839
5814 48675
5815 36509
5816 24341
5817 12170
5818 12205
5819 65899
5820 63133
5821 12199
5822 24398
5823 36592
5824 1595576
5825 1555442
5826 85346
5827 73164
5828 60978
5829 48787
5830 1582399
5831 1546865
5832 36595
5833 24398
5834 12202
5835 22432
5836 25439
5837 12208
5838 24400
5839 12200
5840 36600
5841 24402
5842 12202
5843 38315
5844 46157
5845 21393
5846 22608
5847 14256
5848 56085
5849 43251
5850 67288
5851 25196
5852 88971
5853 43845
5854 17975
5855 61874
5856 72499
5857 12207
5858 105262
5859 129078
5860 354977
5861 73332
5862 24410
5863 12206
5864 12196
5865 24391
5866 12120
5867 84840
5868 60556
5869 36341
5870 12118
5871 18137
5872 12118
5873 31943
5874 44140
5875 12204
5876 12208
5877 31919
5878 16870
5879 36474
5880 24319
5881 12159
5882 12207
5883 307664
5884 35874
5885 12206
5886 37239
5887 125779
5888 123293
5889 96098
5890 12199
5891 98572
5892 12207
5893 60295
5894 12203
5895 12206
5896 782703
5897 1281758
5898 12207
5899 390681
5900 12206
5901 48763
5902 36574
5903 24385
5904 12192
5905 36605
5906 24404
5907 12201
5908 12206
5909 208679
5910 215427
5911 223999
5912 233983
5913 12205
5914 12208
5915 24411
5916 12198
5917 36580
5918 12201
5919 73135
5920 12200
5921 24386
5922 12203
5923 279747
5924 170350
5925 85312
5926 133881
5927 24438
5928 61028
5929 12205
5930 109606
5931 12267
5932 12269
5933 36652
5934 48774
5935 48752
5936 12199
5937 36599
5938 24508
5939 24450
5940 12318
5941 12199
5942 12202
5943 24392
5944 12198
5945 12206
5946 806445
5947 928640
5948 935580
5949 132781
5950 143622
5951 154800
5952 166048
5953 479349
5954 927270
5955 468384
5956 451381
5957 160271
5958 457873
5959 448826
5960 283064
5961 151807
5962 263088
5963 48803
5964 107815
5965 36608
5966 12206
5967 24409
5968 30204
5969 205467
5970 12206
5971 57953
5972 19203
5973 24409
5974 12206
5975 54474
5976 61254
5977 15969
5978 44750
5979 102637
5980 21173
5981 42994
5982 12206
5983 41774
5984 134277
5985 133661
5986 12205
5987 24408
5988 12206
5989 12205
5990 1091987
5991 12208
5992 12200
5993 1155246
5994 1148599
5995 812982
5996 329911
5997 138546
5998 127199
5999 320158
6000 117509
6001 311195
6002 664050
6003 12207
6004 96251
6005 86796
6006 79789
6007 545157
6008 12203
6009 61064
6010 58468
6011 69306
6012 12207
6013 75661
6014 538212
6015 12207
6016 202033
6017 12205
6018 185196
6019 132754
6020 94518
6021 110686
6022 12205
6023 169039
6024 180040
6025 12207
6026 342936
6027 12204
6028 335006
6029 263309
6030 289589
6031 38587
6032 235860
6033 100514
6034 19413
6035 216570
6036 267229
6037 12155
6038 49655
6039 36589
6040 19110
6041 198108
6042 67518
6043 12196
6044 12196
6045 262101
6046 12206
6047 186440
6048 12202
6049 63696
6050 264223
6051 46041
6052 130641
6053 12207
6054 118518
6055 37683
6056 108424
6057 101576
6058 24425
6059 70859
6060 66070
6061 152031
6062 27286
6063 18313
6064 37531
6065 24408
6066 12205
6067 140531
6068 18298
6069 117282
6070 21042
6071 106012
6072 26043
6073 12206
6074 36606
6075 24408
6076 12205
6077 12205
6078 12203
6079 389416
6080 399778
6081 422757
6082 12208
6083 61287
6084 12207
6085 41754
6086 31908
6087 117751
6088 128736
6089 13400
6090 46622
6091 23833
6092 34846
6093 140306
6094 158194
6095 12206
6096 175907
6097 12189
6098 24387
6099 36579
6100 48774
6101 73163
6102 12208
6103 12207
6104 12204
