0 1158046
1 1188638
2 1129566
3 1220081
4 1252267
5 1104520
6 2732835
7 1083160
8 1527330
9 2686675
10 1491533
11 1065375
12 946283
13 509571
14 722174
15 406828
16 230923
17 473256
18 297786
19 322443
20 176582
21 2720131
22 274053
23 321939
24 437027
25 109753
26 292490
27 2754369
28 109821
29 158688
30 225868
31 97991
32 42707
33 2789165
34 116176
35 110094
36 244142
37 1049589
38 85425
39 61020
40 316015
41 207904
42 73210
43 213045
44 36614
45 36611
46 153143
47 79264
48 36670
49 91525
50 1075403
51 250323
52 164449
53 146372
54 888519
55 109797
56 859454
57 73210
58 834864
59 230650
60 36611
61 200630
62 815533
63 36622
64 201563
65 813726
66 5634655
67 212810
68 696872
69 126998
70 111372
71 103118
72 272832
73 102325
74 3310524
75 115209
76 258135
77 235984
78 73233
79 211449
80 737680
81 252460
82 5322292
83 448434
84 258372
85 1711718
86 73238
87 340897
88 432311
89 716474
90 73222
91 1371662
92 538050
93 898944
94 454006
95 36625
96 2239668
97 109828
98 73227
99 1340456
100 36618
101 821444
102 795691
103 109845
104 512560
105 2233294
106 73230
107 464275
108 438564
109 801028
110 704625
111 36625
112 140195
113 937307
114 36620
115 103648
116 209466
117 116809
118 7042896
119 8476717
120 8382020
121 7058961
122 1533881
123 7077147
124 8374184
125 7096219
126 13360464
127 1505191
128 4940170
129 9529549
130 5268680
131 1933022
132 989886
133 2432622
134 4948166
135 958617
136 287899
137 150232
138 8370876
139 4678412
140 2402496
141 117549
142 1063785
143 110713
144 73248
145 183030
146 1906888
147 2194186
148 146450
149 86351
150 61038
151 615503
152 48834
153 96287
154 68916
155 36634
156 36630
157 560152
158 2297398
159 4700829
160 1883538
161 634903
162 4237205
163 85342
164 580878
165 2312625
166 222302
167 520694
168 158953
169 534288
170 74625
171 2426883
172 594103
173 501200
174 515302
175 82104
176 197603
177 36624
178 2209116
179 482783
180 484479
181 185053
182 146451
183 574066
184 9545858
185 665627
186 769490
187 42732
188 73242
189 202572
190 1494581
191 449839
192 42735
193 992919
194 2782686
195 36626
196 911159
197 2457859
198 874817
199 260568
200 190133
201 1480956
202 380197
203 417767
204 2089373
205 186965
206 1891400
207 499040
208 486471
209 1097294
210 177442
211 105997
212 463875
213 186067
214 169823
215 968241
216 146442
217 485627
218 838463
219 249991
220 350120
221 67135
222 148768
223 258948
224 429387
225 42730
226 96445
227 2408101
228 454485
229 200913
230 451687
231 36629
232 118355
233 401050
234 484777
235 1061651
236 9568065
237 9591408
238 23069068
239 16116067
240 6760068
241 1591740
242 14443289
243 4895676
244 546440
245 1564153
246 579517
247 1192580
248 3770808
249 513352
250 973672
251 79350
252 36626
253 10340198
254 792462
255 941398
256 3843325
257 725498
258 2318247
259 622045
260 73240
261 3751431
262 316836
263 1636970
264 168120
265 36629
266 36626
267 63520
268 201575
269 5224317
270 21801165
271 155189
272 121957
273 5018309
274 36630
275 141773
276 1863184
277 669097
278 618692
279 106008
280 36630
281 4929700
282 108068
283 552982
284 295975
285 419579
286 51717
287 40161
288 322636
289 111777
290 6636965
291 209717
292 10314497
293 534653
294 1447145
295 49612
296 302919
297 244417
298 73248
299 1840568
300 386807
301 1363105
302 175930
303 232367
304 1449682
305 179024
306 10550255
307 104499
308 335659
309 20406469
310 36630
311 103796
312 38840
313 3946667
314 128780
315 229392
316 159728
317 288044
318 109825
319 1159734
320 168812
321 61022
322 42723
323 1189945
324 257336
325 69364
326 4006828
327 348650
328 9541989
329 652097
330 260350
331 1334765
332 73245
333 109819
334 486481
335 826781
336 343454
337 1350148
338 48937
339 2658523
340 73262
341 1383053
342 279422
343 166093
344 36630
345 1088048
346 1362824
347 1385468
348 1488454
349 73225
350 57124
351 2421248
352 661626
353 311273
354 36626
355 8455155
356 8390413
357 8382755
358 16071871
359 4227300
360 3706956
361 528484
362 9681593
363 3217079
364 3849495
365 885331
366 10257679
367 876752
368 2320730
369 834490
370 6856265
371 73983
372 924515
373 832448
374 66651
375 36626
376 36622
377 383651
378 1056339
379 8380959
380 492740
381 394114
382 546033
383 1251356
384 3263314
385 435498
386 6827871
387 626335
388 2337494
389 36630
390 6766871
391 775263
392 1453431
393 10272405
394 36630
395 555481
396 1313298
397 1164687
398 1421657
399 204549
400 437983
401 1153010
402 413189
403 36630
404 6198607
405 351673
406 215799
407 1038707
408 2250538
409 201753
410 610641
411 395225
412 1183556
413 794681
414 382373
415 709222
416 328179
417 589728
418 1369220
419 328899
420 347854
421 773677
422 604979
423 657247
424 292411
425 781111
426 219291
427 620821
428 1078743
429 314671
430 36630
431 146451
432 974746
433 36620
434 73242
435 1920855
436 42733
437 584383
438 42736
439 121874
440 36630
441 156006
442 182749
443 36620
444 547933
445 109576
446 850675
447 91173
448 11195766
449 6128733
450 36620
451 749833
452 88784
453 36619
454 224264
455 86645
456 295414
457 36628
458 66620
459 452286
460 48807
461 82530
462 88630
463 820879
464 580118
465 404219
466 1005131
467 36623
468 551953
469 8378313
470 72981
471 82398
472 1485160
473 1504376
474 1527422
475 1469317
476 1553468
477 1461170
478 1580868
479 8602204
480 1465071
481 5939071
482 2659894
483 192584
484 2452904
485 166918
486 144752
487 126819
488 5979149
489 2432322
490 116077
491 7036819
492 2948239
493 114491
494 596455
495 120770
496 1237432
497 5457464
498 138535
499 228006
500 194291
501 1036594
502 1770290
503 160605
504 125134
505 96642
506 499198
507 551301
508 413531
509 82520
510 161702
511 405799
512 5807987
513 91876
514 241628
515 2238233
516 482975
517 126339
518 2209109
519 319529
520 1357337
521 403986
522 182707
523 951749
524 412572
525 93515
526 170671
527 36630
528 1708388
529 67737
530 1679548
531 322495
532 916709
533 1701000
534 1251207
535 7060961
536 4243828
537 480395
538 342036
539 2144600
540 882398
541 329531
542 54115
543 470392
544 64531
545 146399
546 473326
547 454612
548 73223
549 73224
550 36617
551 61026
552 96330
553 486806
554 263224
555 1383888
556 328293
557 36630
558 1158154
559 73248
560 849054
561 1173666
562 36630
563 823495
564 192377
565 36618
566 2217968
567 106396
568 109824
569 109818
570 109852
571 1270735
572 689447
573 48824
574 73228
575 2438348
576 36618
577 526918
578 76692
579 36620
580 182043
581 2589068
582 3616671
583 198085
584 67688
585 145473
586 79936
587 36629
588 36625
589 219008
590 8372771
591 7088278
592 20420807
593 33890251
594 7485274
595 10443762
596 3890465
597 10471018
598 73226
599 3825740
600 36619
601 1366858
602 3749309
603 73234
604 292712
605 3733310
606 1333598
607 4097198
608 219578
609 36623
610 3673049
611 4468508
612 183011
613 36627
614 3247749
615 146432
616 1592394
617 109842
618 2073301
619 292946
620 4673355
621 9167266
622 73240
623 1320042
624 1188663
625 2132520
626 786945
627 8617905
628 36626
629 1653402
630 983146
631 29446746
632 146433
633 54928
634 183348
635 2465251
636 1113428
637 518896
638 54932
639 1243683
640 1893431
641 73240
642 36631
643 264809
644 959156
645 1369764
646 149847
647 36626
648 1237431
649 836180
650 1874831
651 124027
652 6137164
653 1761534
654 112526
655 259519
656 1315768
657 5278788
658 113420
659 109826
660 183967
661 1728532
662 2812242
663 3652619
664 73229
665 36620
666 255629
667 7077762
668 1081048
669 490354
670 128425
671 153229
672 1311844
673 617778
674 1517697
675 243860
676 104118
677 695942
678 277523
679 147501
680 1180011
681 220935
682 2449194
683 219359
684 2400011
685 1188109
686 614324
687 1152738
688 1131549
689 73240
690 2658353
691 879272
692 109830
693 207572
694 73232
695 36626
696 182805
697 432597
698 1408400
699 36622
700 109845
701 7466430
702 36626
703 1584139
704 1750801
705 1797973
706 374485
707 146240
708 73242
709 36627
710 29451330
711 31818402
712 28836476
713 5352280
714 36290024
715 6510961
716 3943064
717 3920961
718 5045586
719 2593825
720 8122949
721 4220151
722 1593928
723 1697049
724 4971447
725 1083326
726 3137394
727 4912063
728 2571766
729 2563922
730 1053299
731 29162928
732 686622
733 3110390
734 1119046
735 1874297
736 6114582
737 3650699
738 36619
739 1024980
740 834199
741 1858498
742 799781
743 603079
744 2180180
745 767439
746 2801659
747 1615425
748 738573
749 3464098
750 711868
751 2036935
752 1495984
753 660193
754 3115760
755 2069939
756 3708200
757 646946
758 369294
759 826617
760 692530
761 1049575
762 2022411
763 1556840
764 2018648
765 3359192
766 923124
767 554126
768 241341
769 2050299
770 1886914
771 166232
772 1416972
773 690045
774 677322
775 779179
776 176336
777 1028523
778 67917
779 2775437
780 36630
781 494926
782 761723
783 371070
784 949030
785 771802
786 46071
787 553629
788 4737238
789 1274628
790 4438500
791 57027
792 771917
793 520691
794 345045
795 1073670
796 470329
797 578032
798 832994
799 534719
800 331707
801 512970
802 2138513
803 29159209
804 150876
805 105628
806 1177844
807 117636
808 463256
809 3385798
810 4923115
811 798495
812 116310
813 650684
814 146450
815 525380
816 61037
817 1175804
818 54936
819 469631
820 3331450
821 337960
822 73178
823 42733
824 601858
825 1201800
826 73238
827 3594658
828 36623
829 26888546
830 26884187
831 38419000
832 5955254
833 33660186
834 5923338
835 6192281
836 1900289
837 13148112
838 881305
839 5079287
840 1738936
841 6471324
842 849988
843 452641
844 1512170
845 12553354
846 146418
847 2751309
848 109828
849 73230
850 36621
851 232611
852 821343
853 2299776
854 2625469
855 2735984
856 1397243
857 109844
858 1139417
859 109854
860 444905
861 73248
862 795765
863 768308
864 36630
865 219564
866 10523968
867 361671
868 776474
869 6238084
870 73248
871 783270
872 1541780
873 36630
874 141805
875 117393
876 182998
877 4573603
878 36624
879 2819801
880 8788728
881 146420
882 255446
883 95609
884 828947
885 2816990
886 956537
887 84176
888 109832
889 1567192
890 6364675
891 73233
892 36624
893 2151674
894 2447212
895 1547041
896 36622
897 8764578
898 729566
899 329192
900 219104
901 1818052
902 3406302
903 204478
904 576127
905 109847
906 4012080
907 146199
908 1675046
909 232536
910 172467
911 1917708
912 4978263
913 693192
914 4950851
915 1558076
916 146028
917 2975220
918 2248985
919 4663066
920 198897
921 3359275
922 131498
923 379377
924 657054
925 3586263
926 238220
927 73241
928 343634
929 74594
930 1357591
931 109854
932 292658
933 73248
934 1640068
935 1010722
936 3978077
937 36626
938 2468479
939 264971
940 1576906
941 1903298
942 2448632
943 36630
944 466716
945 73244
946 256166
947 28913170
948 28900962
949 33679555
950 6774831
951 19341948
952 6769647
953 12988040
954 297692
955 266717
956 6386865
957 531698
958 232723
959 3222356
960 6363056
961 249665
962 222116
963 2976079
964 2972766
965 3113858
966 6340415
967 557452
968 36613
969 337368
970 36619
971 402908
972 347788
973 6427147
974 4646232
975 312163
976 219597
977 16850994
978 2595327
979 289380
980 183027
981 236845
982 12659805
983 146445
984 2491024
985 2918930
986 327575
987 176326
988 1540308
989 109851
990 337987
991 272439
992 289432
993 132147
994 73246
995 829412
996 285859
997 438568
998 745635
999 109847
1000 691715
1001 875765
1002 296264
1003 3921486
1004 659210
1005 171996
1006 4814365
1007 402085
1008 109847
1009 6596916
1010 73224
1011 365638
1012 36619
1013 4359211
1014 110056
1015 633099
1016 152430
1017 36618
1018 1570612
1019 36612
1020 6496670
1021 36629
1022 2279389
1023 73226
1024 610812
1025 953745
1026 115875
1027 2744327
1028 896857
1029 176763
1030 79326
1031 140216
1032 73243
1033 1810560
1034 36622
1035 103668
1036 2559402
1037 627793
1038 2073158
1039 67124
1040 73243
1041 42775
1042 36619
1043 48874
1044 12631089
1045 838456
1046 1718827
1047 36628
1048 2053646
1049 1268724
1050 5404371
1051 2670227
1052 208148
1053 871260
1054 5588336
1055 3636920
1056 36627
1057 3631173
1058 2628577
1059 2484428
1060 1877618
1061 2186619
1062 1094206
1063 598984
1064 2941274
1065 10312422
1066 10290137
1067 2160262
1068 686218
1069 297058
1070 498979
1071 500376
1072 204723
1073 190582
1074 441639
1075 1633779
1076 183242
1077 161254
1078 1650401
1079 6926319
1080 373431
1081 288334
1082 70575
1083 48568
1084 140742
1085 3597222
1086 109836
1087 283806
1088 51228
1089 36621
1090 77788
1091 73236
1092 680396
1093 36624
1094 406013
1095 1613262
1096 146393
1097 3563002
1098 126763
1099 434140
1100 3156699
1101 36613
1102 3124747
1103 1647219
1104 411892
1105 73214
1106 36598
1107 73239
1108 3529161
1109 356402
1110 36613
1111 263183
1112 395337
1113 447121
1114 338866
1115 6138239
1116 3495594
1117 3528480
1118 223549
1119 335806
1120 247030
1121 78723
1122 308588
1123 36625
1124 3168558
1125 1099112
1126 3240909
1127 73242
1128 531097
1129 760554
1130 547070
1131 109805
1132 1219594
1133 399436
1134 311190
1135 73211
1136 36627
1137 36605
1138 56929
1139 375628
1140 36625
1141 386846
1142 349081
1143 305625
1144 682096
1145 228133
1146 36602
1147 689518
1148 2680526
1149 583078
1150 772189
1151 170338
1152 1172198
1153 324572
1154 305726
1155 1153942
1156 989359
1157 442621
1158 589507
1159 295806
1160 299520
1161 36627
1162 275394
1163 315943
1164 400799
1165 255023
1166 632197
1167 36624
1168 266768
1169 293308
1170 1655193
1171 252278
1172 449468
1173 329102
1174 2557787
1175 599443
1176 242760
1177 174855
1178 36623
1179 292646
1180 530212
1181 91067
1182 599574
1183 205930
1184 109809
1185 1140603
1186 626529
1187 491647
1188 619427
1189 186920
1190 192351
1191 937533
1192 128575
1193 217727
1194 48650
1195 143409
1196 179386
1197 1564169
1198 106380
1199 55317
1200 1419802
1201 161070
1202 133965
1203 1121591
1204 1052077
1205 984053
1206 159695
1207 120421
1208 125588
1209 845668
1210 134306
1211 36622
1212 937056
1213 1033621
1214 154752
1215 214145
1216 1836507
1217 2261357
1218 1091045
1219 172448
1220 4394142
1221 181232
1222 2342624
1223 4288601
1224 894727
1225 4651391
1226 4280198
1227 115138
1228 4570466
1229 1671765
1230 2190560
1231 82107
1232 1316962
1233 4278937
1234 1760620
1235 2288343
1236 728776
1237 353962
1238 1310533
1239 4593419
1240 1470178
1241 326469
1242 231645
1243 201150
1244 36628
1245 1984019
1246 85506
1247 4545783
1248 313627
1249 380264
1250 183914
1251 73337
1252 237480
1253 143491
1254 1470600
1255 193191
1256 4668559
1257 273117
1258 1430993
1259 149895
1260 111905
1261 1486483
1262 911044
1263 3283452
1264 1401721
1265 206474
1266 3296827
1267 869817
1268 315549
1269 90950
1270 4319767
1271 240806
1272 4637303
1273 123129
1274 2727406
1275 1891488
1276 746347
1277 388892
1278 454955
1279 1231603
1280 81062
1281 817494
1282 76517
1283 111207
1284 821223
1285 3940384
1286 1501932
1287 3351358
1288 580833
1289 157492
1290 996573
1291 1785967
1292 3929202
1293 2522368
1294 2764232
1295 564231
1296 860098
1297 701666
1298 3156864
1299 117340
1300 69609
1301 3103046
1302 107685
1303 754370
1304 55990
1305 609744
1306 70413
1307 1019108
1308 54485
1309 560355
1310 64131
1311 130825
1312 1732035
1313 544418
1314 90206
1315 565148
1316 104839
1317 1133464
1318 512668
1319 821707
1320 482931
1321 117934
1322 536744
1323 834621
1324 1125819
1325 456651
1326 549611
1327 141418
1328 1152802
1329 231559
1330 1270261
1331 82113
1332 123430
1333 279200
1334 439043
1335 178886
1336 1251217
1337 36623
1338 74282
1339 1274770
1340 111748
1341 432823
1342 118227
1343 1283081
1344 328180
1345 84975
1346 437580
1347 180698
1348 1155238
1349 756375
1350 165018
1351 1180230
1352 36623
1353 873712
1354 998155
1355 306303
1356 1299956
1357 136494
1358 327641
1359 452961
1360 133411
1361 106081
1362 1318858
1363 109844
1364 778702
1365 36627
1366 1641041
1367 73241
1368 503652
1369 1339012
1370 801283
1371 326651
1372 1419747
1373 36626
1374 249022
1375 524937
1376 36627
1377 533726
1378 73237
1379 982624
1380 474553
1381 1081231
1382 681755
1383 157913
1384 683019
1385 499755
1386 553462
1387 1429221
1388 1077808
1389 84337
1390 36625
1391 81146
1392 868750
1393 3283585
1394 502978
1395 107309
1396 36622
1397 73241
1398 1658625
1399 93574
1400 572325
1401 2642971
1402 1003697
1403 4336293
1404 1632859
1405 1976709
1406 73236
1407 586011
1408 1287309
1409 359923
1410 1249676
1411 36622
1412 331650
1413 36626
1414 336918
1415 4614358
1416 105427
1417 1609966
1418 319682
1419 304103
1420 1259388
1421 219589
1422 73207
1423 73239
1424 73235
1425 36623
1426 256109
1427 36623
1428 736720
1429 1010141
1430 686084
1431 886107
1432 675853
1433 107315
1434 70716
1435 36621
1436 1053793
1437 666615
1438 109823
1439 36617
1440 36618
1441 858590
1442 1091324
1443 1221553
1444 1059348
1445 489076
1446 1205455
1447 517988
1448 1442606
1449 499755
1450 1031177
1451 1365952
1452 109794
1453 73207
1454 36623
1455 1359411
1456 36609
1457 109830
1458 1891393
1459 1586156
1460 2089660
1461 1302163
1462 2201691
1463 182961
1464 73232
1465 1504857
1466 146390
1467 725472
1468 402268
1469 109808
1470 292683
1471 1311835
1472 73216
1473 182975
1474 36614
1475 36624
1476 691102
1477 36622
1478 73227
1479 73237
1480 1929684
1481 36619
1482 146402
1483 36624
1484 109818
1485 73223
1486 658680
1487 1526618
1488 36617
1489 1233496
1490 2248413
1491 1589811
1492 642901
1493 447257
1494 73240
1495 36626
1496 2569229
1497 526563
1498 594032
1499 509128
1500 1933995
1501 135094
1502 146408
1503 382217
1504 147640
1505 36626
1506 1253515
1507 767192
1508 109821
1509 426780
1510 456775
1511 374452
1512 73239
1513 338915
1514 416218
1515 73221
1516 416370
1517 402218
1518 172806
1519 36625
1520 504343
1521 1209274
1522 568077
1523 365754
1524 206227
1525 399629
1526 329296
1527 189014
1528 36625
1529 73237
1530 98055
1531 36624
1532 36613
1533 276365
1534 457367
1535 90123
1536 440117
1537 41747
1538 36619
1539 365655
1540 109775
1541 73195
1542 146351
1543 36602
1544 402004
1545 73197
1546 438497
1547 36603
1548 36604
1549 548290
1550 74019
1551 73193
1552 43417
1553 43178
1554 36602
1555 73468
1556 109836
1557 4957424
1558 4125789
1559 3544830
1560 1141358
1561 2403203
1562 3071737
1563 208177
1564 1138321
1565 4685967
1566 1699402
1567 1156515
1568 178564
1569 4908427
1570 2755899
1571 3232551
1572 2643251
1573 2590403
1574 36626
1575 157351
1576 74998
1577 1375560
1578 2604703
1579 416722
1580 2991756
1581 2938079
1582 3132045
1583 53947
1584 2943198
1585 149600
1586 120454
1587 1520719
1588 1503077
1589 500795
1590 198062
1591 2240899
1592 2395657
1593 172536
1594 117206
1595 117594
1596 243740
1597 599587
1598 2376775
1599 520544
1600 272358
1601 4301113
1602 69071
1603 902909
1604 148826
1605 630487
1606 538362
1607 290483
1608 2380164
1609 92599
1610 2120419
1611 130830
1612 1249119
1613 528349
1614 375538
1615 921952
1616 119242
1617 870377
1618 137404
1619 297863
1620 2504637
1621 899979
1622 133267
1623 2534373
1624 109888
1625 133429
1626 1116537
1627 515222
1628 130345
1629 546545
1630 412900
1631 5155926
1632 343355
1633 160278
1634 205301
1635 579601
1636 1157118
1637 616228
1638 709401
1639 354739
1640 847319
1641 273636
1642 2100455
1643 286814
1644 655070
1645 308387
1646 405140
1647 640510
1648 2301113
1649 330550
1650 462433
1651 2661914
1652 148681
1653 833094
1654 2586904
1655 1101079
1656 357150
1657 3492294
1658 76604
1659 956122
1660 649389
1661 346683
1662 76851
1663 77623
1664 1014429
1665 2731018
1666 1182845
1667 215873
1668 569864
1669 717690
1670 2936258
1671 435055
1672 377270
1673 888609
1674 360587
1675 571640
1676 322377
1677 2635044
1678 840180
1679 1068763
1680 84921
1681 565063
1682 797031
1683 2688799
1684 300814
1685 2474924
1686 579799
1687 47632
1688 572505
1689 479189
1690 535828
1691 644511
1692 2903272
1693 64406
1694 590207
1695 1849912
1696 631762
1697 579248
1698 322309
1699 312719
1700 2858771
1701 126083
1702 638402
1703 645160
1704 902983
1705 202378
1706 5509945
1707 7030013
1708 36628
1709 2620631
1710 3817165
1711 1014848
1712 36624
1713 476443
1714 115599
1715 5114990
1716 1469903
1717 6528713
1718 2255760
1719 239912
1720 146419
1721 109829
1722 73227
1723 36614
1724 922725
1725 1662603
1726 253773
1727 1184590
1728 2415351
1729 1319889
1730 520414
1731 495639
1732 1285520
1733 917477
1734 5127401
1735 193739
1736 3129497
1737 950717
1738 520860
1739 1034467
1740 584591
1741 5139932
1742 473660
1743 741848
1744 2367393
1745 4342469
1746 1772564
1747 591124
1748 441913
1749 299967
1750 150655
1751 422672
1752 123422
1753 898347
1754 1154530
1755 4352330
1756 1196260
1757 191232
1758 1522604
1759 2865897
1760 260620
1761 1582856
1762 866930
1763 2317842
1764 931144
1765 548859
1766 138708
1767 1753583
1768 868655
1769 341500
1770 1167606
1771 1708576
1772 351620
1773 2440447
1774 353861
1775 319093
1776 1146988
1777 334192
1778 2293801
1779 740466
1780 101788
1781 2339737
1782 347383
1783 475504
1784 342273
1785 467076
1786 750704
1787 161719
1788 345735
1789 601888
1790 1029670
1791 96331
1792 350086
1793 1347933
1794 129158
1795 1097413
1796 55270
1797 269438
1798 1239464
1799 353369
1800 63664
1801 1303900
1802 4601391
1803 3942027
1804 1415057
1805 3380870
1806 3568836
1807 1393696
1808 3429222
1809 8226717
1810 3572045
1811 718151
1812 3400778
1813 3863652
1814 6137932
1815 36629
1816 2487546
1817 109834
1818 2486906
1819 728423
1820 645384
1821 73234
1822 3967724
1823 3795507
1824 36622
1825 2368518
1826 163321
1827 680759
1828 199006
1829 36625
1830 106519
1831 4113160
1832 3670664
1833 1947112
1834 3689954
1835 1203254
1836 10710583
1837 1072646
1838 160762
1839 2321350
1840 2829261
1841 104224
1842 51007
1843 109031
1844 104487
1845 109852
1846 768011
1847 2041516
1848 73247
1849 1074664
1850 3597141
1851 2220404
1852 294739
1853 36629
1854 191980
1855 151039
1856 804443
1857 453260
1858 2399503
1859 36629
1860 109828
1861 265321
1862 73206
1863 135312
1864 2003891
1865 874896
1866 73229
1867 1419561
1868 247667
1869 3130122
1870 1145877
1871 156787
1872 1913214
1873 89073
1874 70832
1875 3501485
1876 12664883
1877 51110
1878 241957
1879 60382
1880 36609
1881 866975
1882 131398
1883 109851
1884 36630
1885 36620
1886 11077244
1887 239683
1888 73246
1889 2249416
1890 82518
1891 1053174
1892 73246
1893 250434
1894 515588
1895 3050151
1896 561751
1897 1644955
1898 112238
1899 74944
1900 36629
1901 343014
1902 398750
1903 832889
1904 217250
1905 109851
1906 401653
1907 73245
1908 335562
1909 319950
1910 36628
1911 1062588
1912 802742
1913 292247
1914 142033
1915 249039
1916 183016
1917 36623
1918 923515
1919 146436
1920 735954
1921 1070496
1922 262154
1923 109843
1924 689653
1925 73243
1926 1085834
1927 169139
1928 36629
1929 704792
1930 350570
1931 36627
1932 130947
1933 73239
1934 1165302
1935 812094
1936 674323
1937 36627
1938 73248
1939 36625
1940 629701
1941 130745
1942 349680
1943 990612
1944 158061
1945 153114
1946 36630
1947 159366
1948 644883
1949 36629
1950 120037
1951 36628
1952 36629
1953 3089890
1954 97256
1955 545263
1956 757795
1957 493437
1958 96948
1959 513325
1960 581012
1961 2477500
1962 510187
1963 256119
1964 219587
1965 252866
1966 219564
1967 395647
1968 182997
1969 225907
1970 2976382
1971 232017
1972 211201
1973 2995605
1974 627783
1975 2084971
1976 286571
1977 567975
1978 227251
1979 109559
1980 206420
1981 3082667
1982 410596
1983 146418
1984 92700
1985 378472
1986 109830
1987 92980
1988 565128
1989 73231
1990 127453
1991 183036
1992 36621
1993 145407
1994 73244
1995 393157
1996 296009
1997 73229
1998 255822
1999 303781
2000 373284
2001 414452
2002 289777
2003 403929
2004 3063729
2005 61955
2006 109853
2007 256166
2008 849904
2009 3030154
2010 36627
2011 244388
2012 235323
2013 36627
2014 442561
2015 219568
2016 510846
2017 41686
2018 707796
2019 73245
2020 36625
2021 36628
2022 216196
2023 146421
2024 36625
2025 1632209
2026 146430
2027 550813
2028 317585
2029 747079
2030 211347
2031 387225
2032 198688
2033 2167603
2034 1751474
2035 605142
2036 324606
2037 1764997
2038 169942
2039 4544213
2040 304758
2041 706358
2042 288967
2043 489185
2044 371074
2045 548797
2046 164326
2047 3140713
2048 345684
2049 853569
2050 141661
2051 2355915
2052 311215
2053 128484
2054 277402
2055 4339937
2056 104906
2057 2794641
2058 93323
2059 98059
2060 121093
2061 196147
2062 278137
2063 76196
2064 2835227
2065 524898
2066 653518
2067 111371
2068 477325
2069 2487674
2070 190880
2071 81350
2072 2647553
2073 3586864
2074 264705
2075 1575101
2076 208907
2077 105301
2078 594280
2079 829217
2080 544727
2081 448297
2082 83804
2083 567065
2084 176459
2085 2662210
2086 73228
2087 203992
2088 195741
2089 167863
2090 194921
2091 341844
2092 711372
2093 188984
2094 1879779
2095 187288
2096 2968537
2097 319532
2098 36618
2099 853115
2100 1360036
2101 1067193
2102 174171
2103 635986
2104 206212
2105 146439
2106 205869
2107 190537
2108 830863
2109 67133
2110 544976
2111 42731
2112 103867
2113 492356
2114 1844501
2115 36631
2116 352716
2117 421866
2118 66496
2119 359028
2120 647437
2121 562560
2122 144942
2123 36628
2124 152609
2125 87697
2126 1043712
2127 194772
2128 465815
2129 190335
2130 89008
2131 381890
2132 357465
2133 53221
2134 1856656
2135 175378
2136 241864
2137 458631
2138 1807351
2139 2837386
2140 1223349
2141 109847
2142 1354774
2143 578358
2144 288334
2145 1332350
2146 978193
2147 1436512
2148 1739051
2149 2492354
2150 1537755
2151 183837
2152 1660431
2153 167890
2154 1272339
2155 1142354
2156 206007
2157 2707182
2158 533249
2159 1556991
2160 1115975
2161 226116
2162 1171530
2163 1939365
2164 82468
2165 320578
2166 4007006
2167 335919
2168 79198
2169 36626
2170 146444
2171 109806
2172 36629
2173 559884
2174 73215
2175 54928
2176 54937
2177 36629
2178 1644113
2179 802697
2180 757824
2181 883228
2182 907026
2183 36613
2184 100854
2185 316904
2186 1554072
2187 724674
2188 73243
2189 393291
2190 1175526
2191 303945
2192 173219
2193 851698
2194 36629
2195 696428
2196 4044708
2197 1518856
2198 293781
2199 652504
2200 280793
2201 690557
2202 109842
2203 305988
2204 4333518
2205 36625
2206 36630
2207 160057
2208 681143
2209 808495
2210 36623
2211 403541
2212 36621
2213 170695
2214 36621
2215 168786
2216 1109188
2217 36618
2218 409238
2219 158065
2220 36628
2221 2110393
2222 431433
2223 990417
2224 120642
2225 460254
2226 278434
2227 264233
2228 36615
2229 4154741
2230 36628
2231 849001
2232 491701
2233 302915
2234 1013480
2235 120815
2236 36630
2237 914200
2238 356099
2239 512531
2240 1283545
2241 36625
2242 507123
2243 524704
2244 484244
2245 36628
2246 133974
2247 36621
2248 36625
2249 708941
2250 485793
2251 448255
2252 762675
2253 149253
2254 202007
2255 146448
2256 558221
2257 36620
2258 557368
2259 627568
2260 254794
2261 36623
2262 73238
2263 423085
2264 36629
2265 633353
2266 67141
2267 58480
2268 49232
2269 67262
2270 491962
2271 517275
2272 661655
2273 51343
2274 548971
2275 149874
2276 455600
2277 136321
2278 447440
2279 419235
2280 935450
2281 329149
2282 382892
2283 475292
2284 530099
2285 307878
2286 137418
2287 292621
2288 297899
2289 141892
2290 1433107
2291 159279
2292 297177
2293 308796
2294 1467834
2295 256080
2296 594800
2297 197192
2298 208332
2299 394009
2300 414528
2301 219528
2302 583035
2303 615600
2304 73247
2305 650784
2306 1503051
2307 741251
2308 182967
2309 346627
2310 36630
2311 1538335
2312 743997
2313 455002
2314 1573680
2315 580327
2316 310545
2317 776523
2318 226112
2319 274671
2320 239038
2321 329048
2322 810343
2323 146394
2324 842167
2325 874412
2326 159313
2327 123140
2328 909692
2329 109813
2330 292520
2331 87459
2332 1609125
2333 376620
2334 987920
2335 326604
2336 945147
2337 256149
2338 398473
2339 255995
2340 1644670
2341 57199
2342 1976719
2343 146419
2344 1042242
2345 42719
2346 146436
2347 1391068
2348 1019507
2349 1045249
2350 73216
2351 1367678
2352 42717
2353 1058638
2354 50983
2355 182981
2356 980817
2357 219591
2358 1268682
2359 1080979
2360 109844
2361 1131661
2362 219457
2363 64586
2364 146407
2365 1054726
2366 147102
2367 133946
2368 109822
2369 1082391
2370 183022
2371 42722
2372 73240
2373 36618
2374 68871
2375 74198
2376 148508
2377 493080
2378 1140224
2379 1168430
2380 36626
2381 182908
2382 146347
2383 261280
2384 515131
2385 151708
2386 36624
2387 36624
2388 73258
2389 343950
2390 422617
2391 109827
2392 172749
2393 552634
2394 201979
2395 325215
2396 85491
2397 250729
2398 36627
2399 67060
2400 337368
2401 146349
2402 134288
2403 349580
2404 1028478
2405 109841
2406 333753
2407 73236
2408 36625
2409 136636
2410 197431
2411 36624
2412 122067
2413 355455
2414 189528
2415 1059852
2416 388048
2417 36625
2418 121515
2419 1132381
2420 153167
2421 341910
2422 364641
2423 396235
2424 36630
2425 6120282
2426 5397440
2427 432376
2428 165649
2429 5707049
2430 5696307
2431 138802
2432 5297361
2433 157053
2434 5432531
2435 6383948
2436 5313008
2437 464994
2438 85404
2439 3144958
2440 452993
2441 341067
2442 607038
2443 3226969
2444 487703
2445 6573499
2446 5411367
2447 319071
2448 3127266
2449 68913
2450 3107681
2451 1744879
2452 452753
2453 5187960
2454 300439
2455 213151
2456 701027
2457 5261419
2458 1757372
2459 578454
2460 594272
2461 286270
2462 2413485
2463 775807
2464 75685
2465 668212
2466 283017
2467 460249
2468 2213317
2469 285407
2470 524920
2471 983676
2472 450051
2473 2790382
2474 242903
2475 2491860
2476 405686
2477 250865
2478 782525
2479 1322886
2480 3231963
2481 255012
2482 462503
2483 850722
2484 517412
2485 218215
2486 2829229
2487 441800
2488 187734
2489 273501
2490 145781
2491 166669
2492 158649
2493 276671
2494 121812
2495 2833109
2496 1040337
2497 317713
2498 2294521
2499 164662
2500 553224
2501 932196
2502 449169
2503 612900
2504 418307
2505 109843
2506 73241
2507 803745
2508 36627
2509 81006
2510 242365
2511 341478
2512 256133
2513 147338
2514 1214742
2515 1922211
2516 129147
2517 108725
2518 1164977
2519 89508
2520 36622
2521 1194821
2522 219597
2523 91420
2524 1947370
2525 91527
2526 1172735
2527 91531
2528 61032
2529 48835
2530 61034
2531 36627
2532 1089758
2533 1127429
2534 1334979
2535 567884
2536 997768
2537 569439
2538 579684
2539 2037399
2540 2039849
2541 1720272
2542 1779080
2543 1179533
2544 1742729
2545 1207893
2546 1767204
2547 1814156
2548 3268530
2549 1792304
2550 3262945
2551 983277
2552 868200
2553 2318839
2554 2274159
2555 841015
2556 2875560
2557 1454500
2558 946966
2559 1060785
2560 95324
2561 1677064
2562 118191
2563 1444948
2564 910643
2565 817865
2566 146292
2567 1035973
2568 133747
2569 1784370
2570 73244
2571 2884193
2572 107326
2573 874310
2574 2156439
2575 109845
2576 164991
2577 38213
2578 2825025
2579 619580
2580 215079
2581 66456
2582 36627
2583 982157
2584 837966
2585 73241
2586 278517
2587 2564005
2588 982448
2589 282942
2590 568826
2591 801610
2592 73240
2593 36626
2594 36626
2595 993966
2596 1112991
2597 765242
2598 2604165
2599 109840
2600 73212
2601 73238
2602 326151
2603 36625
2604 4237360
2605 966713
2606 728865
2607 1769589
2608 2025470
2609 329781
2610 875464
2611 1552028
2612 692478
2613 356301
2614 36611
2615 1247439
2616 1766165
2617 656079
2618 758941
2619 2763311
2620 2735840
2621 2711629
2622 2697027
2623 36614
2624 109812
2625 36614
2626 146388
2627 219542
2628 292639
2629 36619
2630 36620
2631 679543
2632 434115
2633 356784
2634 73229
2635 36619
2636 126749
2637 36625
2638 79232
2639 99239
2640 36627
2641 261944
2642 225575
2643 55035
2644 146348
2645 48907
2646 60986
2647 48806
2648 67132
2649 36603
2650 36624
2651 109842
2652 36624
2653 152457
2654 115899
2655 79344
2656 54972
2657 48879
2658 67161
2659 103720
2660 140282
2661 146421
2662 36622
2663 73232
2664 36622
2665 36625
2666 36516
2667 73022
2668 146011
2669 36519
2670 218953
2671 36519
2672 255378
2673 291816
2674 328246
2675 364664
2676 401070
2677 437481
2678 473941
2679 510388
2680 546826
2681 583255
2682 619673
2683 36628
2684 36630
2685 488841
2686 564759
2687 219568
2688 183000
2689 433056
2690 146423
2691 109835
2692 42725
2693 36624
2694 440709
2695 237043
2696 268851
2697 117832
2698 89799
2699 57927
2700 36624
2701 73239
2702 710569
2703 614835
2704 594775
2705 36623
2706 971845
2707 989759
2708 954205
2709 946473
2710 948871
2711 956811
2712 1432783
2713 989438
2714 962333
2715 944814
2716 1008262
2717 968845
2718 1039785
2719 36628
2720 134854
2721 1169549
2722 103738
2723 61311
2724 1032543
2725 57239
2726 183000
2727 1147668
2728 74641
2729 1062363
2730 1688164
2731 146424
2732 109836
2733 73236
2734 36624
2735 1092727
2736 1371224
2737 704085
2738 749310
2739 1004331
2740 669606
2741 329233
2742 625683
2743 982676
2744 292700
2745 818283
2746 256155
2747 495024
2748 187916
2749 1025630
2750 637161
2751 204514
2752 607508
2753 170294
2754 36629
2755 219597
2756 634365
2757 579626
2758 127925
2759 36625
2760 92166
2761 386654
2762 1004716
2763 243159
2764 183028
2765 1613880
2766 36627
2767 1004984
2768 962021
2769 36629
2770 598408
2771 664885
2772 250176
2773 36628
2774 424362
2775 1362286
2776 36623
2777 218848
2778 1016132
2779 377765
2780 146453
2781 1271143
2782 146446
2783 109854
2784 36628
2785 73245
2786 36629
2787 380282
2788 42733
2789 42732
2790 36628
2791 36628
2792 147683
2793 183020
2794 607980
2795 562654
2796 1128800
2797 207503
2798 676063
2799 36628
2800 109852
2801 36627
2802 165954
2803 36630
2804 54929
2805 48835
2806 367916
2807 2807722
2808 721637
2809 36629
2810 173637
2811 724703
2812 1307799
2813 129464
2814 109837
2815 2560978
2816 180473
2817 179438
2818 570636
2819 73237
2820 36627
2821 36624
2822 73245
2823 36624
2824 292594
2825 36612
2826 511711
2827 219490
2828 182936
2829 146372
2830 109796
2831 73208
2832 36610
2833 182938
2834 146374
2835 109798
2836 73209
2837 36611
2838 5154378
2839 5266317
2840 5263782
2841 133760
2842 97332
2843 5292735
2844 66346
2845 4047584
2846 57392
2847 73245
2848 5322264
2849 36628
2850 4035616
2851 76159
2852 3606728
2853 131462
2854 95118
2855 527760
2856 69759
2857 3506377
2858 249761
2859 36628
2860 3567490
2861 71405
2862 626444
2863 612813
2864 514745
2865 93325
2866 109838
2867 73237
2868 36625
2869 330033
2870 304554
2871 247855
2872 146450
2873 36630
2874 48833
2875 67141
2876 42734
2877 3186429
2878 196074
2879 36630
2880 36630
2881 311090
2882 975969
2883 36629
2884 373370
2885 109850
2886 149324
2887 42731
2888 42732
2889 146441
2890 42727
2891 73241
2892 42735
2893 120560
2894 2383099
2895 36628
2896 36630
2897 36626
2898 73242
2899 219624
2900 256145
2901 109849
2902 292690
2903 73245
2904 329222
2905 36628
2906 548433
2907 584612
2908 183020
2909 146440
2910 109847
2911 73243
2912 36627
2913 146408
2914 67097
2915 42740
2916 36621
2917 329248
2918 451069
2919 146419
2920 73224
2921 36615
2922 36620
2923 36456
2924 36629
2925 295285
2926 899294
2927 293125
2928 302591
2929 613672
2930 607706
2931 2333123
2932 2436166
2933 621710
2934 593956
2935 343543
2936 2217690
2937 584436
2938 821013
2939 2046097
2940 627611
2941 2216162
2942 344360
2943 2466421
2944 117023
2945 646357
2946 744307
2947 141667
2948 229794
2949 2232689
2950 634266
2951 438566
2952 2225420
2953 924953
2954 563373
2955 300065
2956 36617
2957 642491
2958 2243967
2959 109848
2960 402076
2961 315324
2962 2268101
2963 73244
2964 661721
2965 2458686
2966 804718
2967 365625
2968 36628
2969 173780
2970 750383
2971 1046198
2972 73225
2973 1037855
2974 722369
2975 146121
2976 1064025
2977 36613
2978 515923
2979 342662
2980 36618
2981 1382731
2982 197704
2983 362594
2984 442855
2985 488537
2986 1262371
2987 73238
2988 448714
2989 1564070
2990 423783
2991 292552
2992 36624
2993 228775
2994 256070
2995 297428
2996 93550
2997 36627
2998 164375
2999 212506
3000 75780
3001 1505691
3002 73220
3003 146371
3004 36616
3005 393461
3006 122690
3007 211404
3008 48814
3009 79308
3010 1503380
3011 86120
3012 36610
3013 72045
3014 73208
3015 53529
3016 1044104
3017 588440
3018 36609
3019 46534
3020 147768
3021 474273
3022 79907
3023 148866
3024 66253
3025 103403
3026 1444626
3027 96934
3028 76426
3029 1016800
3030 139369
3031 118805
3032 214484
3033 67172
3034 652934
3035 1190492
3036 250372
3037 1426064
3038 755548
3039 569046
3040 255785
3041 152558
3042 245099
3043 36627
3044 125754
3045 106371
3046 155334
3047 162607
3048 36628
3049 246759
3050 73242
3051 36624
3052 811488
3053 593526
3054 73202
3055 36607
3056 36621
3057 36630
3058 236461
3059 165825
3060 36621
3061 105576
3062 36628
3063 86190
3064 36628
3065 36624
3066 36622
3067 36629
3068 265449
3069 365803
3070 213442
3071 209310
3072 1769667
3073 182481
3074 36625
3075 493081
3076 1685396
3077 509200
3078 422234
3079 1692112
3080 357725
3081 555249
3082 138675
3083 275483
3084 189400
3085 1395952
3086 73245
3087 1702601
3088 1365598
3089 442416
3090 657159
3091 365705
3092 264860
3093 603411
3094 390051
3095 1126897
3096 448388
3097 243276
3098 73247
3099 36628
3100 528862
3101 180829
3102 499272
3103 36624
3104 267861
3105 1111280
3106 584447
3107 36630
3108 142522
3109 568921
3110 329275
3111 1129190
3112 36630
3113 563165
3114 471526
3115 999074
3116 2442384
3117 118668
3118 87880
3119 109840
3120 2863725
3121 76598
3122 2415888
3123 1444043
3124 182992
3125 67531
3126 3167277
3127 73242
3128 73237
3129 1104232
3130 3684645
3131 1416049
3132 105071
3133 2320888
3134 2096071
3135 1355117
3136 36623
3137 1339096
3138 2208564
3139 1300710
3140 146413
3141 36625
3142 36617
3143 109822
3144 36625
3145 1306645
3146 2611206
3147 509128
3148 1449041
3149 492158
3150 1991599
3151 307133
3152 751025
3153 73219
3154 336321
3155 506642
3156 1616964
3157 534660
3158 319314
3159 2583357
3160 637692
3161 601655
3162 703810
3163 1667502
3164 355138
3165 246166
3166 145557
3167 36624
3168 1624005
3169 54643
3170 109811
3171 54349
3172 1020058
3173 232177
3174 36337
3175 562943
3176 430197
3177 174342
3178 73215
3179 451681
3180 273718
3181 2304386
3182 295308
3183 36614
3184 325510
3185 36614
3186 426152
3187 357610
3188 36615
3189 36621
3190 109836
3191 36622
3192 1458942
3193 1271443
3194 1419900
3195 146399
3196 109812
3197 36624
3198 1267132
3199 73214
3200 36613
3201 1363611
3202 1278866
3203 1285942
3204 1298648
3205 182938
3206 146358
3207 109785
3208 1314479
3209 73201
3210 36606
3211 1331873
3212 1350414
3213 2193600
3214 1747315
3215 1290151
3216 1254052
3217 1767588
3218 1217959
3219 1788800
3220 1184211
3221 438717
3222 402222
3223 1810857
3224 711775
3225 365716
3226 675614
3227 1833608
3228 329235
3229 639473
3230 2651426
3231 603362
3232 2901417
3233 2990773
3234 567400
3235 391094
3236 182942
3237 2882366
3238 531588
3239 109812
3240 146374
3241 2906497
3242 495806
3243 877545
3244 109803
3245 460065
3246 354685
3247 424365
3248 388682
3249 353044
3250 317467
3251 73228
3252 292542
3253 283656
3254 285818
3255 293951
3256 287406
3257 841486
3258 302628
3259 48845
3260 317154
3261 805484
3262 318314
3263 54942
3264 281981
3265 338289
3266 79330
3267 360691
3268 769523
3269 384074
3270 408398
3271 733626
3272 271124
3273 245772
3274 263225
3275 697798
3276 662028
3277 433780
3278 460019
3279 435799
3280 626308
3281 486401
3282 590617
3283 630204
3284 554959
3285 519341
3286 259635
3287 209706
3288 234373
3289 198292
3290 229537
3291 205307
3292 173704
3293 198164
3294 208261
3295 173974
3296 164107
3297 218892
3298 235482
3299 258121
3300 281283
3301 304896
3302 137790
3303 107803
3304 89151
3305 87485
3306 165625
3307 36617
3308 1503284
3309 1467030
3310 556262
3311 172020
3312 191891
3313 36615
3314 109659
3315 73116
3316 36561
3317 219264
3318 73123
3319 36568
3320 283295
3321 342941
3322 262267
3323 36627
3324 2640279
3325 36617
3326 36457
3327 109342
3328 36457
3329 36628
3330 105994
3331 982384
3332 1012445
3333 954283
3334 935102
3335 36620
3336 903304
3337 103818
3338 36629
3339 44770
3340 50791
3341 2177816
3342 2117948
3343 2096453
3344 2281671
3345 511567
3346 475259
3347 109790
3348 1960185
3349 1972890
3350 36600
3351 329244
3352 48801
3353 146408
3354 146406
3355 61023
3356 48815
3357 36620
3358 109822
3359 73226
3360 36619
3361 1839239
3362 5457361
3363 194731
3364 5227517
3365 87324
3366 63821
3367 306917
3368 88650
3369 3939203
3370 66022
3371 93109
3372 447109
3373 45007
3374 222323
3375 57808
3376 59536
3377 90287
3378 36630
3379 5246402
3380 41222
3381 132201
3382 97534
3383 607497
3384 77512
3385 220470
3386 108593
3387 4531926
3388 4426074
3389 292698
3390 886257
3391 256182
3392 202211
3393 36630
3394 183042
3395 4312331
3396 687380
3397 337129
3398 3608994
3399 109855
3400 174902
3401 36629
3402 109853
3403 36629
3404 377800
3405 36627
3406 36628
3407 36627
3408 73240
3409 396648
3410 852323
3411 767083
3412 36625
3413 3579290
3414 36630
3415 523572
3416 815824
3417 812740
3418 3644438
3419 73246
3420 785779
3421 36629
3422 5268991
3423 73247
3424 1964333
3425 2037162
3426 36629
3427 2711637
3428 858688
3429 1000873
3430 378516
3431 1636343
3432 857529
3433 1427777
3434 1224336
3435 593343
3436 109840
3437 630393
3438 924157
3439 1612393
3440 72271
3441 1181367
3442 308814
3443 58559
3444 73235
3445 36620
3446 840999
3447 82235
3448 781757
3449 2636362
3450 2471184
3451 2472996
3452 2375319
3453 109841
3454 2244834
3455 182987
3456 2094409
3457 146408
3458 109820
3459 73239
3460 73220
3461 36625
3462 1737759
3463 36612
3464 381360
3465 408995
3466 235161
3467 203660
3468 216980
3469 167336
3470 205545
3471 205654
3472 1709580
3473 224220
3474 310595
3475 1372450
3476 277132
3477 131315
3478 244858
3479 1341536
3480 255957
3481 296235
3482 274268
3483 106540
3484 182996
3485 1497533
3486 146418
3487 595844
3488 219402
3489 109830
3490 73231
3491 182835
3492 36625
3493 146290
3494 1011689
3495 617477
3496 36621
3497 660294
3498 402627
3499 319279
3500 418026
3501 109732
3502 347271
3503 1565468
3504 73167
3505 376615
3506 36589
3507 622515
3508 613237
3509 641149
3510 1009919
3511 629908
3512 189811
3513 135633
3514 170759
3515 497464
3516 170633
3517 170404
3518 184633
3519 543195
3520 202737
3521 1214798
3522 634035
3523 120640
3524 188214
3525 606768
3526 87208
3527 560904
3528 1183300
3529 1369919
3530 5553219
3531 580439
3532 565837
3533 1962197
3534 469860
3535 880330
3536 4601357
3537 101118
3538 176821
3539 2275554
3540 180605
3541 1230919
3542 480358
3543 5025065
3544 304598
3545 788871
3546 761063
3547 175321
3548 502929
3549 1144853
3550 100599
3551 2987145
3552 150555
3553 191166
3554 2785911
3555 5194712
3556 84557
3557 233726
3558 105623
3559 269011
3560 119298
3561 231403
3562 233886
3563 208458
3564 147765
3565 200343
3566 81658
3567 1727632
3568 1485375
3569 36628
3570 181500
3571 671770
3572 73243
3573 560923
3574 36627
3575 703148
3576 736401
3577 770246
3578 1663214
3579 551770
3580 2297708
3581 713519
3582 889947
3583 2261827
3584 329179
3585 856187
3586 2367376
3587 84313
3588 61854
3589 739480
3590 2346211
3591 58288
3592 703812
3593 292646
3594 237144
3595 73012
3596 231697
3597 668365
3598 256101
3599 321580
3600 219546
3601 242020
3602 182980
3603 633097
3604 209355
3605 146406
3606 599321
3607 343259
3608 119026
3609 109820
3610 82478
3611 401541
3612 369780
3613 607279
3614 146440
3615 54851
3616 109846
3617 57232
3618 52055
3619 73241
3620 48993
3621 73247
3622 36625
3623 986322
3624 65052
3625 493739
3626 357831
3627 146431
3628 171881
3629 100643
3630 159601
3631 707222
3632 875871
3633 203940
3634 470211
3635 109837
3636 503518
3637 613797
3638 579697
3639 431947
3640 445837
3641 464015
3642 457355
3643 360060
3644 212988
3645 332933
3646 84011
3647 381856
3648 36629
3649 506610
3650 845484
3651 107203
3652 73232
3653 36629
3654 36622
3655 1073430
3656 1201454
3657 253983
3658 572604
3659 274699
3660 1229918
3661 305571
3662 492564
3663 677229
3664 325265
3665 1541804
3666 232000
3667 453649
3668 221934
3669 195835
3670 36578
3671 293263
3672 292674
3673 491845
3674 159678
3675 1690278
3676 639141
3677 1713503
3678 124311
3679 36627
3680 139769
3681 91875
3682 219564
3683 310180
3684 76062
3685 453498
3686 79876
3687 382876
3688 187571
3689 1101321
3690 1061914
3691 1051432
3692 1065282
3693 1392682
3694 1156323
3695 598643
3696 1201258
3697 205230
3698 618969
3699 711696
3700 1050008
3701 602534
3702 626403
3703 1046294
3704 319287
3705 202112
3706 176755
3707 362398
3708 109854
3709 73248
3710 307796
3711 184540
3712 328924
3713 36630
3714 1334676
3715 36630
3716 778057
3717 955885
3718 1581929
3719 1118035
3720 1340989
3721 1143049
3722 723900
3723 164445
3724 699728
3725 363961
3726 147636
3727 682499
3728 166058
3729 331747
3730 1178287
3731 673539
3732 176798
3733 322058
3734 658163
3735 922857
3736 64295
3737 36628
3738 2100708
3739 1331398
3740 1013648
3741 1668246
3742 1057254
3743 303069
3744 293866
3745 148010
3746 1350612
3747 1656460
3748 335651
3749 707554
3750 1267884
3751 291998
3752 1260970
3753 36629
3754 713622
3755 1974925
3756 408868
3757 565791
3758 2012511
3759 374245
3760 164149
3761 73236
3762 36623
3763 272038
3764 734475
3765 247361
3766 617520
3767 447425
3768 145499
3769 260202
3770 1963816
3771 157598
3772 139097
3773 520296
3774 253390
3775 73241
3776 542212
3777 412244
3778 73242
3779 380324
3780 135700
3781 36625
3782 218495
3783 36626
3784 398193
3785 338847
3786 132230
3787 187291
3788 716752
3789 402400
3790 644634
3791 163111
3792 607923
3793 1720139
3794 129840
3795 691315
3796 145346
3797 210447
3798 594187
3799 73238
3800 109852
3801 197109
3802 102018
3803 93035
3804 109831
3805 279050
3806 1657494
3807 2509871
3808 1635354
3809 419688
3810 385477
3811 595103
3812 538914
3813 393812
3814 150165
3815 2357994
3816 4699538
3817 73244
3818 36616
3819 36626
3820 346300
3821 288370
3822 1849246
3823 519996
3824 282932
3825 36619
3826 1638283
3827 258730
3828 135457
3829 1430020
3830 52233
3831 239806
3832 119099
3833 1113959
3834 1564991
3835 413862
3836 259298
3837 112557
3838 276817
3839 38651
3840 104970
3841 212883
3842 244577
3843 1560451
3844 120109
3845 749734
3846 36628
3847 423414
3848 907106
3849 455355
3850 142825
3851 305612
3852 143590
3853 158638
3854 148471
3855 255633
3856 219105
3857 659672
3858 127456
3859 36628
3860 453265
3861 854873
3862 146439
3863 166309
3864 36543
3865 904700
3866 36627
3867 176988
3868 146108
3869 309060
3870 48739
3871 60876
3872 36546
3873 109846
3874 501311
3875 91873
3876 146419
3877 312504
3878 73241
3879 7820877
3880 61008
3881 278206
3882 54943
3883 185659
3884 36623
3885 42729
3886 155377
3887 58001
3888 48760
3889 2585036
3890 266430
3891 6667678
3892 195053
3893 64996
3894 2666215
3895 270586
3896 109596
3897 299196
3898 73076
3899 36544
3900 306646
3901 282125
3902 271983
3903 7804024
3904 148357
3905 96043
3906 171048
3907 3834010
3908 857079
3909 76540
3910 2373314
3911 700568
3912 76806
3913 109444
3914 3714876
3915 52664
3916 219540
3917 117278
3918 73243
3919 182971
3920 36625
3921 2297375
3922 146403
3923 61012
3924 322411
3925 172851
3926 137724
3927 114840
3928 114689
3929 228898
3930 179099
3931 172375
3932 169444
3933 192403
3934 225672
3935 341264
3936 369002
3937 89951
3938 706015
3939 733468
3940 77076
3941 310644
3942 89517
3943 2461731
3944 2915558
3945 275427
3946 523383
3947 621516
3948 242022
3949 412203
3950 352785
3951 211232
3952 148527
3953 182403
3954 195177
3955 106149
3956 180673
3957 132277
3958 96693
3959 61556
3960 48580
3961 70262
3962 104859
3963 36599
3964 73191
3965 109773
3966 49634
3967 36616
3968 73220
3969 36617
3970 73223
3971 179978
3972 194104
3973 215665
3974 242505
3975 275508
3976 311400
3977 347688
3978 384034
3979 420379
3980 456730
3981 36627
3982 73243
3983 109848
3984 146440
3985 109854
3986 42730
3987 42732
3988 620035
3989 2358290
3990 1860580
3991 2342658
3992 36627
3993 3619942
3994 3856903
3995 553059
3996 3634627
3997 529189
3998 507017
3999 1141374
4000 496372
4001 509226
4002 536390
4003 2777542
4004 441032
4005 53935
4006 1085090
4007 671220
4008 386649
4009 60486
4010 109853
4011 2161642
4012 553473
4013 42732
4014 42732
4015 102873
4016 566446
4017 1855989
4018 1820891
4019 302836
4020 87964
4021 1823217
4022 518284
4023 212395
4024 101550
4025 160083
4026 77206
4027 1850681
4028 1613287
4029 117978
4030 409660
4031 81520
4032 101675
4033 36626
4034 386070
4035 51431
4036 1210557
4037 79772
4038 488794
4039 302314
4040 36629
4041 281650
4042 436944
4043 267069
4044 92420
4045 260502
4046 907930
4047 267106
4048 1039356
4049 330509
4050 723856
4051 618946
4052 335776
4053 36629
4054 200402
4055 385815
4056 366505
4057 564395
4058 186406
4059 197745
4060 572979
4061 73232
4062 100169
4063 537586
4064 182963
4065 146433
4066 881230
4067 82374
4068 73239
4069 36622
4070 746676
4071 454484
4072 36622
4073 181742
4074 186424
4075 421420
4076 146393
4077 103171
4078 124723
4079 109812
4080 389633
4081 109841
4082 73219
4083 214079
4084 36615
4085 73238
4086 766476
4087 67289
4088 693575
4089 215893
4090 36622
4091 153499
4092 245897
4093 43044
4094 36629
4095 49108
4096 130629
4097 657345
4098 81635
4099 36627
4100 547884
4101 359349
4102 166162
4103 78188
4104 36627
4105 73219
4106 511677
4107 36615
4108 120112
4109 165160
4110 36630
4111 73248
4112 237859
4113 195400
4114 201165
4115 36629
4116 73246
4117 36630
4118 167357
4119 138288
4120 442786
4121 135392
4122 145745
4123 109320
4124 72884
4125 36447
4126 400515
4127 218595
4128 36460
4129 145759
4130 109335
4131 54760
4132 36455
4133 36600
4134 73195
4135 109783
4136 292610
4137 146371
4138 109795
4139 73208
4140 36610
4141 108891
4142 72285
4143 36606
4144 36630
4145 109787
4146 146360
4147 73203
4148 36608
4149 182923
4150 36628
4151 109832
4152 328607
4153 73232
4154 314879
4155 200518
4156 95195
4157 36629
4158 36629
4159 335433
4160 36618
4161 102463
4162 368478
4163 128748
4164 402063
4165 267706
4166 109840
4167 297507
4168 42727
4169 48830
4170 578610
4171 603933
4172 256082
4173 471853
4174 219546
4175 2755027
4176 97603
4177 85410
4178 61020
4179 36635
4180 48831
4181 1673603
4182 1637721
4183 1601901
4184 36627
4185 1566147
4186 1530439
4187 1494751
4188 1465919
4189 267058
4190 256130
4191 913952
4192 219574
4193 878095
4194 183006
4195 230657
4196 194418
4197 146429
4198 158444
4199 868393
4200 679960
4201 182963
4202 685413
4203 256076
4204 445299
4205 219524
4206 146393
4207 109840
4208 355734
4209 182963
4210 109811
4211 127623
4212 146391
4213 73217
4214 73210
4215 36613
4216 329729
4217 36610
4218 109808
4219 73215
4220 36613
4221 73238
4222 108997
4223 97836
4224 36625
4225 702320
4226 531473
4227 811575
4228 202745
4229 193739
4230 144621
4231 138538
4232 587937
4233 792485
4234 508348
4235 151551
4236 36629
4237 921234
4238 117105
4239 336635
4240 547797
4241 487974
4242 511341
4243 85365
4244 475074
4245 334788
4246 442640
4247 146351
4248 59183
4249 67091
4250 292516
4251 48805
4252 42708
4253 182898
4254 132537
4255 93120
4256 414604
4257 109761
4258 118715
4259 73174
4260 36599
4261 99739
4262 36629
4263 42698
4264 36580
4265 140363
4266 36598
4267 36630
4268 171022
4269 768433
4270 429826
4271 460883
4272 3406791
4273 786607
4274 817327
4275 3212766
4276 3900714
4277 109849
4278 175085
4279 3151178
4280 109843
4281 3904983
4282 3170655
4283 73244
4284 3730568
4285 1109824
4286 181878
4287 36627
4288 1190338
4289 178813
4290 73238
4291 36624
4292 3700473
4293 146404
4294 36624
4295 1281878
4296 109818
4297 73221
4298 219523
4299 36613
4300 2966245
4301 182971
4302 816030
4303 109806
4304 36616
4305 525894
4306 73215
4307 329140
4308 446997
4309 36613
4310 146435
4311 292607
4312 369303
4313 256062
4314 219507
4315 182944
4316 109842
4317 5618084
4318 146389
4319 36628
4320 146425
4321 73239
4322 109836
4323 73212
4324 36612
4325 73235
4326 36612
4327 2420781
4328 36625
4329 36622
4330 73239
4331 36624
4332 2035204
4333 73242
4334 36626
4335 5087929
4336 36627
4337 36620
4338 48823
4339 224955
4340 227056
4341 1804997
4342 1615541
4343 1624182
4344 53395
4345 73244
4346 36627
4347 36629
4348 109847
4349 73243
4350 146441
4351 36628
4352 36629
4353 36628
4354 54915
4355 36623
4356 146401
4357 54920
4358 1292596
4359 1258183
4360 1224429
4361 1192671
4362 1162606
4363 2737234
4364 1137685
4365 306811
4366 281900
4367 817090
4368 1637785
4369 1551377
4370 949451
4371 639527
4372 36537
4373 176752
4374 638540
4375 101887
4376 607396
4377 386133
4378 60370
4379 1207738
4380 137964
4381 151668
4382 79673
4383 98971
4384 491515
4385 499847
4386 111834
4387 128429
4388 484815
4389 91829
4390 273262
4391 98668
4392 73229
4393 1643475
4394 199693
4395 179323
4396 323486
4397 1222835
4398 320558
4399 104405
4400 36628
4401 500546
4402 146437
4403 36620
4404 220877
4405 434246
4406 2027740
4407 95687
4408 140516
4409 1968097
4410 610112
4411 324550
4412 300596
4413 36626
4414 183048
4415 542404
4416 124436
4417 109843
4418 73599
4419 152887
4420 475030
4421 36622
4422 73245
4423 73241
4424 36627
4425 73223
4426 842381
4427 73246
4428 70914
4429 352003
4430 94230
4431 36629
4432 36618
4433 152570
4434 74171
4435 36620
4436 36629
4437 36627
4438 36627
4439 699162
4440 294987
4441 85793
4442 36626
4443 3306461
4444 261753
4445 36627
4446 249180
4447 194322
4448 535468
4449 249463
4450 168937
4451 226140
4452 143591
4453 86742
4454 1500280
4455 460354
4456 2691108
4457 957122
4458 1201809
4459 36622
4460 122736
4461 653892
4462 428878
4463 469394
4464 36628
4465 318844
4466 116194
4467 75815
4468 63548
4469 50409
4470 548343
4471 88288
4472 721802
4473 365814
4474 63692
4475 44258
4476 36622
4477 219555
4478 146406
4479 73215
4480 36612
4481 36616
4482 256885
4483 401524
4484 423706
4485 220273
4486 146370
4487 453733
4488 452011
4489 109782
4490 359905
4491 556917
4492 73188
4493 323971
4494 1299676
4495 288072
4496 73228
4497 1581545
4498 254639
4499 1012157
4500 36616
4501 976266
4502 1000586
4503 224761
4504 73236
4505 1600348
4506 197149
4507 36624
4508 36600
4509 172870
4510 160474
4511 36624
4512 120175
4513 189460
4514 154308
4515 146444
4516 170727
4517 48836
4518 61031
4519 36633
4520 386001
4521 68859
4522 498517
4523 592671
4524 689166
4525 594496
4526 347231
4527 964642
4528 576891
4529 350837
4530 538072
4531 101755
4532 436006
4533 146276
4534 504878
4535 60909
4536 98881
4537 48791
4538 219585
4539 558284
4540 36576
4541 291215
4542 188188
4543 317022
4544 136479
4545 229713
4546 40169
4547 146429
4548 36625
4549 349396
4550 564743
4551 146441
4552 643465
4553 73231
4554 36628
4555 73237
4556 792117
4557 264821
4558 42731
4559 42735
4560 36621
4561 36621
4562 657015
4563 651214
4564 146445
4565 109798
4566 61036
4567 48833
4568 73193
4569 36633
4570 36597
4571 686407
4572 821187
4573 109843
4574 73240
4575 2139915
4576 36626
4577 1384195
4578 778981
4579 47873
4580 38131
4581 578836
4582 547357
4583 537973
4584 132038
4585 434586
4586 212960
4587 36629
4588 219613
4589 508764
4590 160716
4591 36628
4592 465352
4593 36627
4594 160084
4595 146443
4596 735156
4597 133076
4598 36629
4599 61035
4600 48833
4601 36633
4602 147094
4603 275953
4604 771006
4605 126245
4606 298654
4607 401283
4608 795961
4609 130495
4610 354687
4611 129720
4612 147180
4613 262427
4614 174408
4615 79887
4616 45042
4617 123679
4618 195332
4619 331447
4620 91688
4621 117472
4622 39157
4623 172865
4624 250525
4625 107533
4626 36627
4627 121137
4628 73244
4629 36627
4630 123987
4631 36555
4632 73240
4633 36626
4634 181690
4635 211957
4636 73228
4637 42728
4638 42721
4639 36630
4640 363931
4641 306863
4642 933171
4643 919131
4644 372723
4645 238812
4646 222718
4647 109848
4648 73242
4649 36627
4650 230944
4651 36629
4652 73243
4653 36626
4654 773832
4655 310041
4656 277164
4657 1083961
4658 320583
4659 146406
4660 109821
4661 1113615
4662 73223
4663 1145533
4664 36616
4665 1389691
4666 219587
4667 85433
4668 42724
4669 61021
4670 36625
4671 42730
4672 36620
4673 73229
4674 109828
4675 928057
4676 3231076
4677 3133921
4678 5201244
4679 2128799
4680 2146496
4681 3175091
4682 40096
4683 146223
4684 60917
4685 48784
4686 36575
4687 182745
4688 255791
4689 36574
4690 365276
4691 73133
4692 36572
4693 36618
4694 73221
4695 36610
4696 109826
4697 178405
4698 92321
4699 102494
4700 36628
4701 146425
4702 54924
4703 54928
4704 36626
4705 109836
4706 73233
4707 36617
4708 146428
4709 109838
4710 73236
4711 36623
4712 584510
4713 590915
4714 608040
4715 627495
4716 651624
4717 1325331
4718 733183
4719 696995
4720 660978
4721 625252
4722 590017
4723 555340
4724 521217
4725 487445
4726 453863
4727 420586
4728 387778
4729 356142
4730 325557
4731 296124
4732 268225
4733 241159
4734 214664
4735 190771
4736 169685
4737 149528
4738 132806
4739 128502
4740 141989
4741 164171
4742 186993
4743 216193
4744 251892
4745 447994
4746 458114
4747 487651
4748 192143
4749 517358
4750 180847
4751 1116809
4752 179391
4753 1127450
4754 704410
4755 1180165
4756 559092
4757 1351555
4758 144058
4759 184836
4760 109841
4761 73237
4762 107499
4763 528277
4764 36625
4765 146723
4766 1449822
4767 111563
4768 196856
4769 36626
4770 78650
4771 497957
4772 46894
4773 569273
4774 50841
4775 217893
4776 492351
4777 73244
4778 467983
4779 36627
4780 1908677
4781 445371
4782 1960594
4783 183006
4784 438518
4785 36624
4786 146429
4787 1475666
4788 257528
4789 245923
4790 59719
4791 1263103
4792 73236
4793 50135
4794 36626
4795 36624
4796 36629
4797 1380691
4798 1990238
4799 414248
4800 109841
4801 73236
4802 36624
4803 1193237
4804 734951
4805 1211588
4806 2022907
4807 690256
4808 36628
4809 109241
4810 2566839
4811 136776
4812 517778
4813 146399
4814 49935
4815 79308
4816 36617
4817 37408
4818 42718
4819 161573
4820 60697
4821 275903
4822 556127
4823 794277
4824 36629
4825 1243455
4826 733271
4827 369642
4828 2889617
4829 197538
4830 36629
4831 36626
4832 36613
4833 163948
4834 127955
4835 91990
4836 55509
4837 37353
4838 55698
4839 92263
4840 363127
4841 85418
4842 54934
4843 42737
4844 61023
4845 97610
4846 153976
4847 146444
4848 61039
4849 48826
4850 36627
4851 36629
4852 760607
4853 36628
4854 146422
4855 54922
4856 54930
4857 36628
4858 182996
4859 3420183
4860 176968
4861 153083
4862 37134
4863 205875
4864 146428
4865 109836
4866 73231
4867 36621
4868 36619
4869 95085
4870 61125
4871 76229
4872 208824
4873 111312
4874 228594
4875 164743
4876 97773
4877 1151856
4878 129546
4879 946990
4880 104876
4881 231327
4882 133093
4883 133401
4884 175340
4885 914459
4886 220221
4887 882545
4888 366571
4889 852070
4890 823253
4891 795469
4892 1355321
4893 893100
4894 769910
4895 732793
4896 746479
4897 725640
4898 802710
4899 707437
4900 691098
4901 781415
4902 583089
4903 292609
4904 256063
4905 219508
4906 182950
4907 146383
4908 576966
4909 109804
4910 73214
4911 36612
4912 574139
4913 575713
4914 583799
4915 598141
4916 648094
4917 509179
4918 204032
4919 526876
4920 208360
4921 220671
4922 236989
4923 256065
4924 277990
4925 428023
4926 146330
4927 109742
4928 73172
4929 36591
4930 1023288
4931 627970
4932 1017445
4933 609101
4934 1041264
4935 1265608
4936 240965
4937 1252356
4938 218975
4939 209740
4940 1274178
4941 1298217
4942 99789
4943 85922
4944 85277
4945 1748364
4946 439953
4947 1393130
4948 412230
4949 386129
4950 1370119
4951 364337
4952 1247249
4953 36628
4954 73238
4955 36621
4956 473220
4957 36588
4958 73204
4959 511386
4960 139739
4961 2691381
4962 2679818
4963 2714932
4964 2673012
4965 2783953
4966 106074
4967 94913
4968 146437
4969 106729
4970 73233
4971 36626
4972 36620
4973 120595
4974 812513
4975 288200
4976 1031768
4977 5385497
4978 1983499
4979 36629
4980 3732493
4981 1463021
4982 3510314
4983 737408
4984 109657
4985 3923395
4986 73054
4987 36440
4988 1789221
4989 259725
4990 483871
4991 232018
4992 3584918
4993 1833257
4994 774543
4995 630943
4996 73094
4997 1325936
4998 36548
4999 324932
5000 3612586
5001 778078
5002 356983
5003 1726381
5004 410426
5005 109834
5006 146427
5007 630831
5008 3641266
5009 54924
5010 54930
5011 73233
5012 1293698
5013 36625
5014 280378
5015 63737
5016 73243
5017 3802130
5018 637445
5019 754076
5020 1208735
5021 36627
5022 890540
5023 36622
5024 44662
5025 184634
5026 1177901
5027 1262095
5028 83816
5029 834005
5030 146444
5031 1231692
5032 54936
5033 54931
5034 55002
5035 3817247
5036 475720
5037 36631
5038 482250
5039 732210
5040 157500
5041 3847938
5042 36622
5043 602792
5044 418901
5045 345362
5046 192992
5047 1128707
5048 1206914
5049 457884
5050 3879358
5051 949667
5052 309231
5053 234246
5054 580808
5055 165293
5056 273424
5057 705785
5058 146434
5059 75275
5060 254391
5061 571300
5062 3911591
5063 905061
5064 723601
5065 207516
5066 156406
5067 128830
5068 238417
5069 402762
5070 36630
5071 919011
5072 248631
5073 73228
5074 125728
5075 742834
5076 111710
5077 48310
5078 922805
5079 36625
5080 171669
5081 204412
5082 73235
5083 329676
5084 36627
5085 776984
5086 1029421
5087 88126
5088 99655
5089 36618
5090 193899
5091 88794
5092 36628
5093 374107
5094 36615
5095 264387
5096 91010
5097 438562
5098 5736709
5099 6409072
5100 7218328
5101 644829
5102 2147364
5103 610287
5104 578265
5105 1115934
5106 2155030
5107 179874
5108 4913793
5109 977754
5110 587574
5111 970839
5112 145184
5113 2173901
5114 971023
5115 4934666
5116 1307701
5117 73244
5118 794541
5119 101469
5120 5763274
5121 440686
5122 622889
5123 1304766
5124 36628
5125 4277415
5126 36629
5127 407096
5128 81058
5129 2811486
5130 1801904
5131 4184821
5132 82600
5133 124100
5134 881510
5135 650805
5136 1442377
5137 1054051
5138 2510158
5139 2764454
5140 375598
5141 2780257
5142 146408
5143 84685
5144 4015045
5145 219609
5146 368804
5147 36629
5148 142346
5149 67100
5150 2901246
5151 158687
5152 329196
5153 42731
5154 1228463
5155 36618
5156 1306651
5157 336748
5158 1072110
5159 64330
5160 108481
5161 632800
5162 146438
5163 292737
5164 36628
5165 142293
5166 73382
5167 269822
5168 109835
5169 65878
5170 109846
5171 783856
5172 36626
5173 73242
5174 4036714
5175 1828937
5176 1500183
5177 85661
5178 36626
5179 193733
5180 90189
5181 488136
5182 73234
5183 222716
5184 101279
5185 36623
5186 2011812
5187 1885877
5188 249943
5189 146430
5190 1559965
5191 219170
5192 109839
5193 36628
5194 1217829
5195 36630
5196 36624
5197 1300892
5198 73236
5199 133459
5200 1278028
5201 1940890
5202 73246
5203 3860034
5204 244661
5205 705606
5206 444239
5207 36624
5208 36629
5209 434914
5210 234092
5211 3751026
5212 73245
5213 1527799
5214 182991
5215 562905
5216 2690159
5217 2675090
5218 3408702
5219 2353224
5220 314780
5221 792001
5222 141690
5223 774270
5224 182973
5225 146439
5226 213485
5227 146395
5228 67134
5229 576473
5230 48833
5231 2435640
5232 42733
5233 547655
5234 145639
5235 511197
5236 474728
5237 109807
5238 48633
5239 85048
5240 448450
5241 36427
5242 193129
5243 551210
5244 36613
5245 36614
5246 305803
5247 438415
5248 255724
5249 535036
5250 329712
5251 559201
5252 506323
5253 356575
5254 145992
5255 401073
5256 146416
5257 109409
5258 551853
5259 182951
5260 42705
5261 73222
5262 1842153
5263 421369
5264 36616
5265 42092
5266 42724
5267 36626
5268 73240
5269 43762
5270 36622
5271 73228
5272 73210
5273 300933
5274 36620
5275 266051
5276 36595
5277 447523
5278 187475
5279 125348
5280 170930
5281 86091
5282 1286110
5283 621049
5284 63462
5285 115346
5286 326884
5287 479970
5288 173181
5289 548366
5290 36629
5291 198041
5292 358008
5293 246365
5294 111640
5295 267106
5296 219568
5297 39348
5298 36626
5299 49836
5300 292724
5301 169287
5302 300647
5303 119411
5304 361867
5305 146417
5306 36629
5307 403498
5308 411844
5309 73223
5310 1142255
5311 36616
5312 36623
5313 313118
5314 188235
5315 146422
5316 374958
5317 463417
5318 109842
5319 48827
5320 37340
5321 61024
5322 1113844
5323 60137
5324 36628
5325 36620
5326 36625
5327 36628
5328 209617
5329 1095675
5330 440898
5331 36624
5332 238515
5333 542652
5334 340232
5335 331794
5336 338984
5337 356590
5338 361930
5339 380567
5340 538834
5341 577950
5342 410860
5343 139805
5344 154773
5345 510774
5346 130007
5347 161786
5348 596014
5349 754729
5350 191094
5351 713678
5352 168517
5353 556211
5354 113276
5355 183695
5356 627797
5357 347609
5358 378043
5359 105244
5360 212111
5361 749208
5362 739753
5363 496350
5364 182994
5365 359347
5366 244551
5367 164283
5368 328468
5369 313318
5370 498464
5371 146390
5372 278133
5373 242594
5374 510402
5375 113987
5376 165955
5377 109799
5378 146419
5379 563541
5380 138695
5381 1327706
5382 173679
5383 147542
5384 823888
5385 522618
5386 147114
5387 763204
5388 459859
5389 430862
5390 568752
5391 144196
5392 73212
5393 380360
5394 57334
5395 95220
5396 142328
5397 685038
5398 87139
5399 118171
5400 521633
5401 90700
5402 366187
5403 109833
5404 226667
5405 256091
5406 561525
5407 770485
5408 91230
5409 655521
5410 659023
5411 104398
5412 274386
5413 734268
5414 450701
5415 686653
5416 182979
5417 609237
5418 628193
5419 169082
5420 166699
5421 174040
5422 200444
5423 160372
5424 589439
5425 132814
5426 219538
5427 146406
5428 645490
5429 73242
5430 591377
5431 1172483
5432 355205
5433 586119
5434 356004
5435 36626
5436 744400
5437 330898
5438 182976
5439 73234
5440 36626
5441 109821
5442 73242
5443 232215
5444 353561
5445 1187481
5446 603628
5447 36622
5448 176640
5449 500300
5450 256079
5451 73241
5452 170482
5453 147090
5454 102517
5455 101116
5456 76064
5457 1321615
5458 36625
5459 886548
5460 1182979
5461 36619
5462 816324
5463 1668887
5464 1639214
5465 1615383
5466 186062
5467 156777
5468 240269
5469 132209
5470 115136
5471 291229
5472 180495
5473 301866
5474 113221
5475 201418
5476 137916
5477 111618
5478 494177
5479 367448
5480 80773
5481 136768
5482 510683
5483 182977
5484 36619
5485 543422
5486 146400
5487 73217
5488 61028
5489 36609
5490 52611
5491 48811
5492 776451
5493 69437
5494 224208
5495 102281
5496 791731
5497 200064
5498 826932
5499 257149
5500 182985
5501 156271
5502 146410
5503 185295
5504 67123
5505 219228
5506 48818
5507 42723
5508 1488017
5509 2216923
5510 1387029
5511 1682132
5512 1316778
5513 109841
5514 1391169
5515 1427954
5516 36629
5517 73237
5518 109440
5519 1667233
5520 1433996
5521 1697343
5522 81897
5523 329166
5524 36623
5525 1459965
5526 109837
5527 1490555
5528 182886
5529 62160
5530 146306
5531 109743
5532 65805
5533 36592
5534 54900
5535 73235
5536 36623
5537 36630
5538 114806
5539 100929
5540 36627
5541 132192
5542 166860
5543 202799
5544 99064
5545 36629
5546 36626
5547 162442
5548 100865
5549 121713
5550 101813
5551 224749
5552 316281
5553 151040
5554 73148
5555 36538
5556 36627
5557 36622
5558 36628
5559 415161
5560 430445
5561 460723
5562 525371
5563 553863
5564 585768
5565 36623
5566 36627
5567 36622
5568 73234
5569 109837
5570 861090
5571 1079224
5572 183783
5573 256284
5574 242020
5575 1181912
5576 330828
5577 274113
5578 158329
5579 146426
5580 401750
5581 61029
5582 157473
5583 61026
5584 48831
5585 1196742
5586 128070
5587 450724
5588 146147
5589 1227355
5590 109554
5591 1164396
5592 42728
5593 1258839
5594 36624
5595 1291181
5596 1317352
5597 81913
5598 724456
5599 69933
5600 1324069
5601 1343384
5602 37116
5603 116160
5604 143912
5605 36627
5606 53768
5607 663171
5608 1409445
5609 599477
5610 36624
5611 36628
5612 1439663
5613 1542181
5614 73219
5615 1607182
5616 36615
5617 36627
5618 180229
5619 241906
5620 184106
5621 73172
5622 203954
5623 36591
5624 307174
5625 339300
5626 372065
5627 405350
5628 439081
5629 473107
5630 507436
5631 542169
5632 577178
5633 612378
5634 647949
5635 683846
5636 719890
5637 55413
5638 44742
5639 254009
5640 36623
5641 36622
5642 255248
5643 36626
5644 648314
5645 741327
5646 112992
5647 109626
5648 602245
5649 181517
5650 109833
5651 73230
5652 36616
5653 146401
5654 109817
5655 73224
5656 36618
5657 67188
5658 59802
5659 85582
5660 336796
5661 239097
5662 216124
5663 36627
5664 36627
5665 36625
5666 36596
5667 73211
5668 36627
5669 36618
5670 73224
5671 36622
5672 73237
5673 36628
5674 76318
5675 61194
5676 3549761
5677 2232431
5678 3299490
5679 2199656
5680 1309292
5681 858938
5682 3327350
5683 1276037
5684 825171
5685 792586
5686 760409
5687 36624
5688 422277
5689 454444
5690 255147
5691 218592
5692 182027
5693 145636
5694 276363
5695 109235
5696 72822
5697 36623
5698 36406
5699 36589
5700 3944530
5701 67115
5702 36625
5703 42727
5704 79316
5705 36618
5706 73226
5707 109829
5708 36599
5709 73186
5710 109786
5711 172622
5712 148701
5713 141628
5714 36613
5715 73229
5716 36619
5717 109833
5718 109836
5719 73235
5720 36624
5721 302318
5722 270969
5723 335310
5724 245632
5725 681588
5726 850243
5727 146433
5728 61032
5729 79339
5730 36622
5731 322834
5732 1464996
5733 292032
5734 266533
5735 242073
5736 218345
5737 626487
5738 201424
5739 540156
5740 73237
5741 517125
5742 36624
5743 191231
5744 417829
5745 409981
5746 444669
5747 329170
5748 73229
5749 292640
5750 36616
5751 256099
5752 219544
5753 182979
5754 146400
5755 109817
5756 73222
5757 36613
5758 36628
5759 36628
5760 73244
5761 763538
5762 663364
5763 640388
5764 656689
5765 73233
5766 36617
5767 111435
5768 146396
5769 109808
5770 73216
5771 36615
5772 36625
5773 36624
5774 36627
5775 134043
5776 107392
5777 91682
5778 146441
5779 54930
5780 54936
5781 36631
5782 36627
5783 36622
5784 36628
5785 146356
5786 60987
5787 48805
5788 36607
5789 306905
5790 194011
5791 283709
5792 332741
5793 347066
5794 36626
5795 372832
5796 36545
5797 73108
5798 109658
5799 146197
5800 182742
5801 219278
5802 255634
5803 292159
5804 802715
5805 474807
5806 438344
5807 401872
5808 365386
5809 328891
5810 292383
5811 255867
5812 219340
5813 182808
5814 146266
5815 109714
5816 73152
5817 36579
5818 36625
5819 208590
5820 202228
5821 36616
5822 73226
5823 109823
5824 1971730
5825 1841296
5826 256092
5827 219538
5828 182972
5829 146398
5830 1896393
5831 1893554
5832 109815
5833 73219
5834 36616
5835 80933
5836 77356
5837 36628
5838 73230
5839 36619
5840 109836
5841 73234
5842 36622
5843 106159
5844 106872
5845 45814
5846 103770
5847 39065
5848 134000
5849 143262
5850 169145
5851 79330
5852 227067
5853 139053
5854 92707
5855 237707
5856 271991
5857 36627
5858 158294
5859 201725
5860 524688
5861 167934
5862 73242
5863 36626
5864 36610
5865 73211
5866 36540
5867 255608
5868 182564
5869 109560
5870 42635
5871 54751
5872 36532
5873 92984
5874 135670
5875 36624
5876 36634
5877 56359
5878 53487
5879 109674
5880 73127
5881 36567
5882 36627
5883 500335
5884 117451
5885 36625
5886 537114
5887 909323
5888 920945
5889 368766
5890 36619
5891 316895
5892 36626
5893 622231
5894 36623
5895 36626
5896 1106812
5897 3117026
5898 36627
5899 814039
5900 36626
5901 146369
5902 109790
5903 73203
5904 36604
5905 109841
5906 73236
5907 36621
5908 36625
5909 272677
5910 291447
5911 315056
5912 343226
5913 36625
5914 36628
5915 73243
5916 36618
5917 103714
5918 36639
5919 219535
5920 42732
5921 79304
5922 36616
5923 839490
5924 480886
5925 286290
5926 371453
5927 73246
5928 213352
5929 36618
5930 298576
5931 36722
5932 36726
5933 140274
5934 146380
5935 115895
5936 36610
5937 79397
5938 103827
5939 55075
5940 49017
5941 36612
5942 36615
5943 73206
5944 36609
5945 36624
5946 1175025
5947 1722026
5948 1734967
5949 239668
5950 272012
5951 305698
5952 340162
5953 1140954
5954 1937437
5955 1109392
5956 1177622
5957 574704
5958 1079023
5959 1056759
5960 807941
5961 662511
5962 751358
5963 146400
5964 680898
5965 109809
5966 36626
5967 73207
5968 76123
5969 440660
5970 36609
5971 667663
5972 51400
5973 73239
5974 36624
5975 762672
5976 203805
5977 51093
5978 149443
5979 450681
5980 78273
5981 148859
5982 36625
5983 126434
5984 955075
5985 472562
5986 36625
5987 73240
5988 36625
5989 36625
5990 1497364
5991 36628
5992 36620
5993 3136687
5994 3125733
5995 2129598
5996 991095
5997 350787
5998 315544
5999 962796
6000 282804
6001 936431
6002 1750115
6003 36626
6004 216041
6005 189494
6006 173381
6007 1106266
6008 36623
6009 127667
6010 128764
6011 165267
6012 36625
6013 204862
6014 1076799
6015 36618
6016 695177
6017 36625
6018 653244
6019 637885
6020 849632
6021 620006
6022 36625
6023 630539
6024 842083
6025 36627
6026 399425
6027 36624
6028 390021
6029 697493
6030 328866
6031 87691
6032 538615
6033 593678
6034 55544
6035 474683
6036 374473
6037 36575
6038 187399
6039 109825
6040 75696
6041 432843
6042 411827
6043 36614
6044 36614
6045 386432
6046 36626
6047 520721
6048 36622
6049 340414
6050 386431
6051 318876
6052 271073
6053 36627
6054 221211
6055 267584
6056 188861
6057 185325
6058 69368
6059 136545
6060 156964
6061 350520
6062 223663
6063 79506
6064 120506
6065 73238
6066 36624
6067 245581
6068 103333
6069 192218
6070 57636
6071 235295
6072 74889
6073 36626
6074 109840
6075 73238
6076 36624
6077 36621
6078 36623
6079 696131
6080 729761
6081 800992
6082 36628
6083 210967
6084 36627
6085 145413
6086 95805
6087 368824
6088 403305
6089 44483
6090 125170
6091 60470
6092 89234
6093 438947
6094 480989
6095 110383
6096 547202
6097 36609
6098 73219
6099 109815
6100 146406
6101 219579
6102 36628
6103 36627
6104 36621
