0 898168
1 923478
2 874849
3 949535
4 976274
5 854813
6 2208786
7 838256
8 1272642
9 2169215
10 1242842
11 825158
12 752145
13 460998
14 576542
15 394653
16 188407
17 430730
18 170323
19 316315
20 140045
21 2197098
22 267902
23 200514
24 400538
25 97546
26 176927
27 2225618
28 97533
29 128122
30 116375
31 79574
32 36602
33 2254643
34 97796
35 97768
36 140710
37 813917
38 73218
39 54915
40 297706
41 110449
42 61002
43 206837
44 30509
45 30506
46 92186
47 73139
48 30564
49 79313
50 842223
51 201496
52 158260
53 121964
54 684689
55 91488
56 660404
57 61002
58 639969
59 202292
60 30506
61 181553
62 624015
63 30517
64 185628
65 621272
66 4350595
67 195198
68 524478
69 104685
70 94351
71 90331
72 171734
73 93335
74 2528564
75 105645
76 160875
77 212398
78 61025
79 184412
80 607159
81 157508
82 4050204
83 374551
84 165303
85 1488000
86 61030
87 289757
88 365457
89 591306
90 61014
91 1183636
92 435672
93 689213
94 391379
95 30520
96 1662823
97 91519
98 61019
99 1157406
100 30513
101 619211
102 611016
103 91536
104 415716
105 1658300
106 61022
107 412005
108 365445
109 613346
110 584681
111 30520
112 121903
113 773408
114 30515
115 91450
116 105130
117 108868
118 5732537
119 6673622
120 6587910
121 5746778
122 1030801
123 5762424
124 6579696
125 5778948
126 10864201
127 1006951
128 4196995
129 7457327
130 4406042
131 1563961
132 925411
133 2007069
134 4207624
135 900013
136 229193
137 121829
138 6575572
139 3998669
140 1981476
141 95059
142 1009410
143 86334
144 61040
145 152525
146 1543632
147 1808084
148 122041
149 67828
150 48831
151 590195
152 42729
153 79437
154 56113
155 30529
156 30525
157 535155
158 1912421
159 4034501
160 1525914
161 610428
162 3665499
163 73846
164 486623
165 1957867
166 199643
167 438322
168 149191
169 514979
170 67246
171 2077233
172 555487
173 424680
174 501300
175 75068
176 180556
177 30519
178 1842990
179 474355
180 413444
181 173514
182 122042
183 524177
184 7470263
185 596299
186 693544
187 30525
188 67137
189 190794
190 1426549
191 392635
192 36630
193 947519
194 2282749
195 30521
196 759182
197 2115837
198 728897
199 219618
200 173189
201 986563
202 350915
203 402726
204 1849842
205 173278
206 1686634
207 397689
208 468803
209 920423
210 165940
211 92921
212 368399
213 174367
214 159913
215 928025
216 122032
217 392407
218 698602
219 218798
220 326577
221 61030
222 142663
223 252843
224 339667
225 30522
226 87721
227 2003383
228 436055
229 180123
230 439651
231 30524
232 100836
233 316843
234 405248
235 1008689
236 7488836
237 7508518
238 18360490
239 13083038
240 5080141
241 1318717
242 11672374
243 3442869
244 522850
245 1296606
246 431789
247 968037
248 2497750
249 500348
250 858841
251 68337
252 30521
253 8222842
254 719337
255 843828
256 3141756
257 663356
258 2105424
259 576508
260 61032
261 2482742
262 262203
263 1628084
264 118650
265 30524
266 30521
267 57415
268 156257
269 3955252
270 18036115
271 126208
272 115852
273 3797025
274 30525
275 117653
276 1812263
277 630594
278 572982
279 93800
280 30525
281 3743441
282 90604
283 410941
284 268996
285 376204
286 45612
287 33271
288 297784
289 79857
290 5437774
291 188951
292 8201274
293 397855
294 1240803
295 42694
296 276808
297 225759
298 61040
299 1636170
300 374475
301 1286159
302 145842
303 217580
304 1241300
305 160500
306 8427727
307 89917
308 301032
309 16790484
310 30525
311 91589
312 31910
313 2760890
314 108128
315 217631
316 139162
317 255792
318 91516
319 1072622
320 158629
321 48814
322 36618
323 1098843
324 212595
325 63258
326 3729475
327 339130
328 7563265
329 538099
330 214058
331 1319528
332 61037
333 91510
334 469553
335 690269
336 327862
337 931897
338 42830
339 2459826
340 61047
341 1300828
342 227047
343 144833
344 30525
345 1046979
346 1288027
347 1307834
348 1394806
349 61017
350 51019
351 2008244
352 555564
353 252817
354 30521
355 6556061
356 6500452
357 6493786
358 12877663
359 3459291
360 3078628
361 393245
362 7711276
363 2647774
364 3220874
365 695682
366 8460986
367 691658
368 1946360
369 665313
370 5420079
371 61772
372 847001
373 667646
374 60380
375 30521
376 30517
377 366800
378 888588
379 6492906
380 363490
381 383671
382 527552
383 1050039
384 2678869
385 317310
386 5396199
387 476148
388 1841469
389 30525
390 5345256
391 604352
392 1263189
393 8474984
394 30525
395 478193
396 1252086
397 1123706
398 1212894
399 176857
400 384007
401 1115575
402 360624
403 30525
404 4856395
405 337358
406 170169
407 876117
408 1781322
409 167757
410 452269
411 343764
412 1066571
413 774483
414 331982
415 592484
416 317109
417 436192
418 1166385
419 274043
420 330205
421 758710
422 531246
423 547663
424 243638
425 766851
426 182708
427 517308
428 894599
429 301937
430 30525
431 122043
432 820513
433 30515
434 61035
435 1472141
436 36628
437 486943
438 36630
439 97614
440 30525
441 125516
442 152258
443 30515
444 456568
445 91283
446 732343
447 72938
448 8826798
449 4796654
450 30515
451 739086
452 75775
453 30515
454 56033
455 68167
456 289309
457 30523
458 54395
459 289187
460 42574
461 66159
462 75514
463 708019
464 430487
465 336573
466 938308
467 30518
468 410308
469 6580521
470 60788
471 75353
472 990363
473 1007005
474 1026503
475 976391
476 1048481
477 970034
478 1071586
479 7248618
480 973470
481 4922612
482 2353339
483 169867
484 2173212
485 149497
486 132455
487 118171
488 4967059
489 2155959
490 106426
491 6160973
492 2505138
493 99746
494 530321
495 100064
496 1033973
497 4510338
498 111869
499 193395
500 165769
501 967308
502 1447436
503 138168
504 108485
505 85474
506 484317
507 503213
508 392454
509 75783
510 135655
511 386814
512 4819116
513 83787
514 203070
515 1828619
516 469927
517 106383
518 1804145
519 275770
520 1055161
521 386383
522 170870
523 810764
524 393657
525 79482
526 163603
527 30525
528 1370870
529 58041
530 1302904
531 265690
532 781635
533 1361387
534 1048198
535 6182090
536 3513908
537 469108
538 311533
539 1750182
540 753231
541 309907
542 46237
543 460744
544 53967
545 121991
546 461466
547 314819
548 61015
549 61016
550 30512
551 54921
552 79676
553 469229
554 255818
555 1006633
556 273405
557 30525
558 972365
559 61040
560 725775
561 986369
562 30525
563 705679
564 178830
565 30513
566 1890909
567 93310
568 91515
569 91509
570 91542
571 1038147
572 595044
573 42719
574 61020
575 1973251
576 30513
577 497706
578 69688
579 30515
580 151538
581 1711364
582 2988119
583 178781
584 60978
585 121065
586 67730
587 30524
588 30520
589 202836
590 6576228
591 6206073
592 16803730
593 28105480
594 6241129
595 9094879
596 3839046
597 9116042
598 61018
599 3789387
600 30514
601 1310837
602 3728843
603 61026
604 243922
605 3716929
606 1283592
607 4083045
608 182978
609 30518
610 2476358
611 2981036
612 152506
613 30522
614 3235735
615 122024
616 1583479
617 91533
618 1320965
619 258288
620 3996664
621 7902437
622 61032
623 1273121
624 1167362
625 1380108
626 773833
627 7516603
628 30521
629 1330344
630 815315
631 24083559
632 122025
633 48823
634 155153
635 1763353
636 884647
637 427252
638 42725
639 531629
640 1751550
641 61032
642 30525
643 235707
644 795485
645 1088029
646 127722
647 30521
648 529656
649 694377
650 1727462
651 107781
652 4942491
653 1492639
654 101962
655 234099
656 609555
657 4140338
658 106347
659 91517
660 171754
661 1472744
662 2274616
663 2580865
664 61021
665 30515
666 242907
667 6301346
668 926714
669 404266
670 119494
671 146312
672 1223304
673 547117
674 1276696
675 208339
676 88981
677 677633
678 243788
679 139295
680 1107997
681 200239
682 1922046
683 182777
684 1873535
685 1104957
686 524313
687 1078555
688 1061356
689 61032
690 1976176
691 763953
692 91521
693 178114
694 61024
695 30521
696 152318
697 386919
698 1340369
699 30517
700 91536
701 6693845
702 30521
703 1353858
704 1488010
705 1529043
706 346427
707 121850
708 61034
709 30522
710 24087156
711 25858417
712 23557401
713 4075096
714 29570756
715 5682489
716 3413199
717 3395325
718 4514279
719 2295864
720 6733893
721 3543583
722 1162153
723 1244379
724 4388925
725 716110
726 2334700
727 4340410
728 2278501
729 2274627
730 690994
731 23216397
732 444715
733 2312910
734 975554
735 1830377
736 5529180
737 3131256
738 30514
739 667439
740 807065
741 1818344
742 778641
743 560835
744 2127254
745 751225
746 2662735
747 1469078
748 726145
749 3328575
750 703018
751 2020950
752 953230
753 423181
754 3018553
755 2040323
756 3552720
757 413237
758 321971
759 751997
760 682628
761 952026
762 2010339
763 1465420
764 2010355
765 2556715
766 685017
767 506459
768 231620
769 1982903
770 1349753
771 148855
772 1409644
773 674325
774 583824
775 722713
776 164274
777 672618
778 61812
779 2641410
780 30525
781 445101
782 727777
783 348654
784 902522
785 728192
786 39305
787 248817
788 4011209
789 1045285
790 3884731
791 46004
792 731953
793 492608
794 328224
795 954447
796 425793
797 529272
798 419529
799 492227
800 315679
801 467593
802 1748979
803 23213050
804 116019
805 97789
806 1129045
807 99327
808 446903
809 3249943
810 4308522
811 398801
812 97158
813 562780
814 122040
815 491564
816 54932
817 1127893
818 42728
819 457507
820 3260861
821 317867
822 60971
823 36628
824 553162
825 988440
826 61030
827 3176081
828 30518
829 21268566
830 21265613
831 30787208
832 4797142
833 27203943
834 4770149
835 4951499
836 1784257
837 10714096
838 746165
839 4377295
840 1653210
841 5323840
842 720889
843 352892
844 1482538
845 10215543
846 122010
847 2302514
848 91519
849 61022
850 30516
851 180919
852 698264
853 2052066
854 2376352
855 2290757
856 1389614
857 91550
858 1120222
859 91545
860 344700
861 61040
862 678151
863 760779
864 30525
865 182988
866 8307769
867 349473
868 663542
869 4999335
870 61040
871 739302
872 1507531
873 30525
874 108280
875 89155
876 152513
877 3485467
878 30525
879 2408687
880 6857336
881 122028
882 218931
883 71678
884 652829
885 2409135
886 834139
887 62390
888 91535
889 1503277
890 5238375
891 61033
892 30525
893 1782961
894 2213719
895 1454955
896 30521
897 6834016
898 601920
899 274320
900 188669
901 1549201
902 2747596
903 181189
904 527692
905 91538
906 3082786
907 127933
908 1430354
909 207935
910 153596
911 1761304
912 3977658
913 571606
914 3955285
915 1444712
916 131484
917 2511710
918 2048797
919 3565328
920 169009
921 2384681
922 121223
923 198401
924 541492
925 3579570
926 209323
927 61033
928 291043
929 67169
930 1230718
931 91545
932 243875
933 61040
934 1401338
935 361945
936 3054362
937 30525
938 2238598
939 239962
940 1455561
941 1671228
942 2221965
943 30525
944 375558
945 61036
946 213465
947 23466975
948 23457289
949 27780234
950 5759364
951 16283142
952 5754856
953 10589396
954 276979
955 250938
956 5394823
957 501087
958 218038
959 3132390
960 5376268
961 225046
962 203591
963 2290708
964 2284959
965 3048465
966 5358761
967 469854
968 30508
969 316819
970 30514
971 332379
972 284065
973 5443776
974 4179933
975 296880
976 182997
977 13855331
978 1989079
979 279030
980 152522
981 228876
982 10176447
983 122037
984 1905569
985 2888495
986 268867
987 168717
988 1093891
989 91542
990 316833
991 224510
992 265996
993 113838
994 61038
995 760140
996 242262
997 365440
998 710046
999 91538
1000 646577
1001 805075
1002 266752
1003 3456341
1004 619972
1005 137143
1006 4351935
1007 335040
1008 91538
1009 6133084
1010 61016
1011 304668
1012 30514
1013 3900329
1014 89174
1015 573617
1016 134128
1017 30513
1018 1157287
1019 30507
1020 6036677
1021 30524
1022 2272489
1023 61018
1024 586496
1025 891908
1026 103672
1027 2615297
1028 864678
1029 140170
1030 73219
1031 109716
1032 61035
1033 1382674
1034 30517
1035 79263
1036 2464520
1037 594366
1038 1623908
1039 48816
1040 61035
1041 30566
1042 30514
1043 42764
1044 10152433
1045 729446
1046 1343031
1047 30523
1048 1608478
1049 1023317
1050 5231717
1051 2084243
1052 177869
1053 844696
1054 5163911
1055 3329928
1056 30522
1057 3342500
1058 2564479
1059 2402661
1060 1567078
1061 1726454
1062 872896
1063 571192
1064 2842774
1065 8510973
1066 8491482
1067 2008218
1068 614661
1069 290824
1070 421849
1071 418157
1072 197480
1073 143703
1074 400223
1075 1233866
1076 165134
1077 115374
1078 1317459
1079 6054303
1080 348818
1081 255667
1082 58369
1083 42461
1084 105329
1085 3241113
1086 91527
1087 250257
1088 45121
1089 30516
1090 65582
1091 61028
1092 649729
1093 30519
1094 356352
1095 1290140
1096 121983
1097 3212729
1098 114461
1099 413645
1100 2789214
1101 30508
1102 2750163
1103 1347322
1104 396444
1105 61006
1106 30493
1107 61031
1108 3184669
1109 339071
1110 30508
1111 232730
1112 384582
1113 410577
1114 326391
1115 5455424
1116 3156798
1117 3191470
1118 184920
1119 314275
1120 202351
1121 69521
1122 292949
1123 30520
1124 2902395
1125 845018
1126 2783191
1127 61034
1128 394500
1129 686852
1130 474280
1131 91523
1132 1048350
1133 328786
1134 178684
1135 61021
1136 30522
1137 30509
1138 50802
1139 308172
1140 30520
1141 318415
1142 271135
1143 250776
1144 541654
1145 169775
1146 30521
1147 623854
1148 2267362
1149 516225
1150 701025
1151 163841
1152 917385
1153 297754
1154 216927
1155 984301
1156 857177
1157 391269
1158 504350
1159 275052
1160 230424
1161 30522
1162 260691
1163 239613
1164 349120
1165 246043
1166 560798
1167 30519
1168 255351
1169 226254
1170 1440418
1171 246170
1172 432975
1173 274231
1174 2134595
1175 534073
1176 200073
1177 156544
1178 30518
1179 243852
1180 476973
1181 78865
1182 444940
1183 169335
1184 91500
1185 632878
1186 182613
1187 86051
1188 502762
1189 112123
1190 164834
1191 532611
1192 64911
1193 190728
1194 42545
1195 123616
1196 161286
1197 1429347
1198 97166
1199 49210
1200 1347208
1201 135659
1202 117584
1203 644563
1204 642521
1205 955555
1206 138630
1207 62109
1208 107786
1209 805273
1210 115069
1211 30517
1212 919691
1213 966972
1214 133990
1215 184615
1216 1763657
1217 1967078
1218 614248
1219 150684
1220 4308969
1221 157788
1222 2098829
1223 4256453
1224 481431
1225 4568860
1226 4248672
1227 101331
1228 4507407
1229 1611436
1230 1902368
1231 74395
1232 851196
1233 4246594
1234 1309724
1235 1980435
1236 719191
1237 340035
1238 849693
1239 4510120
1240 989324
1241 294208
1242 216430
1243 192035
1244 30523
1245 1759493
1246 78117
1247 4465283
1248 282514
1249 362961
1250 177808
1251 66425
1252 196944
1253 129170
1254 988682
1255 183994
1256 4564601
1257 260210
1258 1339231
1259 126969
1260 93405
1261 1003282
1262 875494
1263 3263019
1264 963811
1265 199080
1266 2721723
1267 820208
1268 285430
1269 79544
1270 4295023
1271 230240
1272 4042058
1273 106273
1274 2469568
1275 1785164
1276 733568
1277 353245
1278 444844
1279 1225498
1280 71575
1281 780563
1282 64953
1283 100149
1284 814171
1285 3860144
1286 1037047
1287 3322099
1288 556735
1289 149726
1290 970840
1291 1541992
1292 3828651
1293 2273313
1294 2284062
1295 542194
1296 849787
1297 681018
1298 2891220
1299 100637
1300 60764
1301 2751877
1302 101166
1303 692598
1304 49139
1305 593105
1306 61439
1307 951547
1308 46260
1309 504061
1310 52072
1311 108120
1312 1640085
1313 509507
1314 72792
1315 506767
1316 93566
1317 1063992
1318 483570
1319 798599
1320 459395
1321 108015
1322 473048
1323 808582
1324 1056208
1325 438461
1326 475447
1327 125692
1328 1058067
1329 201126
1330 1170738
1331 75610
1332 114606
1333 238819
1334 424150
1335 150785
1336 1152726
1337 30518
1338 66769
1339 1166530
1340 92615
1341 419178
1342 109217
1343 1176008
1344 264028
1345 71756
1346 424439
1347 152325
1348 1055227
1349 643801
1350 152810
1351 1020205
1352 30518
1353 720181
1354 911507
1355 251981
1356 1188465
1357 110770
1358 281024
1359 437416
1360 118403
1361 86428
1362 1202701
1363 91535
1364 652462
1365 30522
1366 1423375
1367 61033
1368 376949
1369 1218033
1370 741707
1371 276647
1372 1282920
1373 30521
1374 156418
1375 516854
1376 30522
1377 521942
1378 61029
1379 847147
1380 453699
1381 893881
1382 572233
1383 134612
1384 577538
1385 472862
1386 537555
1387 1288636
1388 969699
1389 70483
1390 30520
1391 72824
1392 744033
1393 3027888
1394 457617
1395 100218
1396 30517
1397 61033
1398 1545172
1399 67250
1400 541747
1401 1964007
1402 912276
1403 3729653
1404 1523478
1405 1577256
1406 61028
1407 526828
1408 1183297
1409 331176
1410 1145790
1411 30517
1412 315333
1413 30521
1414 313134
1415 3945720
1416 91446
1417 1504424
1418 300702
1419 250712
1420 1153612
1421 182985
1422 54900
1423 67134
1424 61026
1425 30518
1426 213416
1427 30518
1428 611858
1429 633920
1430 578798
1431 510062
1432 401072
1433 89006
1434 58508
1435 30516
1436 678304
1437 397079
1438 91513
1439 30512
1440 30513
1441 490694
1442 757663
1443 1215384
1444 652011
1445 441888
1446 1194423
1447 475283
1448 1428844
1449 365168
1450 1024077
1451 1337397
1452 91485
1453 60999
1454 30518
1455 1332421
1456 30504
1457 91521
1458 1734672
1459 1367393
1460 1667276
1461 1188665
1462 1756597
1463 152471
1464 61024
1465 1293696
1466 121994
1467 647593
1468 335208
1469 91508
1470 243890
1471 1197057
1472 61014
1473 152471
1474 30512
1475 30519
1476 619271
1477 30517
1478 61019
1479 61029
1480 1776768
1481 30514
1482 121995
1483 30519
1484 91510
1485 61016
1486 591676
1487 1411288
1488 30513
1489 1143827
1490 1795594
1491 1487666
1492 575737
1493 429260
1494 61032
1495 30521
1496 2085671
1497 449507
1498 533455
1499 437472
1500 1543919
1501 110067
1502 122000
1503 362217
1504 120543
1505 30521
1506 1159497
1507 639319
1508 91512
1509 410888
1510 405291
1511 356311
1512 61031
1513 326445
1514 399430
1515 61013
1516 395871
1517 335173
1518 139710
1519 30520
1520 437982
1521 1112142
1522 499301
1523 304787
1524 167105
1525 374615
1526 274415
1527 158521
1528 30520
1529 61029
1530 82267
1531 30519
1532 30508
1533 225106
1534 427039
1535 72523
1536 404967
1537 34986
1538 30514
1539 304709
1540 91478
1541 60995
1542 121957
1543 30501
1544 335003
1545 60997
1546 365417
1547 30502
1548 30503
1549 450888
1550 55688
1551 60993
1552 31172
1553 37020
1554 30501
1555 67324
1556 97632
1557 4455813
1558 3543450
1559 3163095
1560 1132587
1561 2034103
1562 3052659
1563 175567
1564 1131812
1565 4589456
1566 1605559
1567 1146571
1568 151376
1569 4628121
1570 2243218
1571 2998588
1572 2596973
1573 2532105
1574 30522
1575 134851
1576 62814
1577 1309777
1578 2529628
1579 259506
1580 2952358
1581 2904694
1582 2616723
1583 47824
1584 2915807
1585 131615
1586 114349
1587 1480104
1588 1436058
1589 243108
1590 184283
1591 1944443
1592 2381721
1593 113068
1594 107913
1595 59076
1596 181178
1597 583783
1598 2368782
1599 493793
1600 197136
1601 3970031
1602 62966
1603 687572
1604 120441
1605 432772
1606 528506
1607 259507
1608 2373868
1609 83606
1610 1691276
1611 108313
1612 933472
1613 521977
1614 117270
1615 705614
1616 73257
1617 857550
1618 115622
1619 276360
1620 2493198
1621 889645
1622 95652
1623 2505790
1624 97104
1625 81524
1626 1087762
1627 203384
1628 123836
1629 491138
1630 401490
1631 4696440
1632 316973
1633 130221
1634 192435
1635 540611
1636 832738
1637 608173
1638 453707
1639 344536
1640 838626
1641 233878
1642 1673584
1643 252125
1644 642246
1645 257913
1646 389191
1647 629088
1648 1904364
1649 312517
1650 441589
1651 2636174
1652 138815
1653 825025
1654 2580803
1655 1057967
1656 349422
1657 3053569
1658 70521
1659 942445
1660 640777
1661 334945
1662 69873
1663 65415
1664 1001032
1665 2677138
1666 1111717
1667 163647
1668 523458
1669 689482
1670 2535396
1671 411403
1672 348386
1673 871605
1674 348494
1675 508306
1676 285349
1677 2350172
1678 816796
1679 760742
1680 78807
1681 553335
1682 790919
1683 2426813
1684 287507
1685 2462587
1686 281836
1687 40613
1688 547552
1689 455065
1690 506002
1691 364177
1692 2589415
1693 58103
1694 577348
1695 1835497
1696 612832
1697 571694
1698 310101
1699 306614
1700 2548627
1701 106144
1702 626191
1703 360965
1704 871892
1705 176923
1706 5042275
1707 6211721
1708 30523
1709 2568069
1710 3732547
1711 726593
1712 30519
1713 439748
1714 93141
1715 4295683
1716 1353364
1717 5639082
1718 2174155
1719 198445
1720 122011
1721 91520
1722 61019
1723 30509
1724 895694
1725 1405646
1726 57226
1727 1155950
1728 2163032
1729 1272468
1730 327390
1731 306660
1732 1127294
1733 877721
1734 4556853
1735 168503
1736 2910147
1737 931482
1738 165237
1739 872087
1740 219903
1741 4581174
1742 426046
1743 707626
1744 2185559
1745 3786899
1746 1760899
1747 424170
1748 401496
1749 281467
1750 139351
1751 270385
1752 117321
1753 878769
1754 1004784
1755 3793019
1756 1023017
1757 94463
1758 1510933
1759 2700548
1760 167285
1761 1561869
1762 858050
1763 2193460
1764 875589
1765 499774
1766 125488
1767 1384330
1768 857024
1769 335399
1770 999384
1771 1343185
1772 258164
1773 2053484
1774 343171
1775 312478
1776 983265
1777 289094
1778 1902824
1779 733828
1780 94152
1781 1938549
1782 333026
1783 432216
1784 252963
1785 446713
1786 744593
1787 142597
1788 327666
1789 524262
1790 1022473
1791 69258
1792 328033
1793 1337957
1794 113066
1795 1091308
1796 48602
1797 256844
1798 1211443
1799 330743
1800 57426
1801 1295406
1802 3562628
1803 3285151
1804 1280060
1805 2371759
1806 2939120
1807 1268640
1808 2415107
1809 6579790
1810 2947906
1811 598711
1812 2913575
1813 3421211
1814 4481199
1815 30524
1816 1908802
1817 91525
1818 1864001
1819 607232
1820 530070
1821 61026
1822 3305290
1823 3357224
1824 30517
1825 2357876
1826 122537
1827 567990
1828 127372
1829 30521
1830 93201
1831 3440291
1832 3056720
1833 1929575
1834 3255165
1835 1170776
1836 8384001
1837 1028084
1838 136025
1839 1680552
1840 2383461
1841 94764
1842 39628
1843 90037
1844 75566
1845 91543
1846 660208
1847 1611030
1848 61039
1849 1010542
1850 3177123
1851 1638329
1852 265196
1853 30524
1854 165551
1855 144887
1856 792235
1857 377306
1858 1797398
1859 30524
1860 91519
1861 241852
1862 60998
1863 122415
1864 1584074
1865 851047
1866 61021
1867 1286836
1868 230271
1869 2526675
1870 1113590
1871 120187
1872 1516116
1873 75895
1874 64067
1875 3089225
1876 10178788
1877 45003
1878 230340
1879 48834
1880 30504
1881 839888
1882 99827
1883 91542
1884 30525
1885 30515
1886 8667724
1887 199002
1888 61038
1889 1612655
1890 64871
1891 971746
1892 61038
1893 215238
1894 442159
1895 2452987
1896 466348
1897 1287319
1898 88493
1899 67304
1900 30524
1901 282982
1902 324763
1903 802358
1904 187894
1905 91542
1906 334608
1907 61037
1908 311206
1909 264469
1910 30523
1911 724985
1912 528372
1913 251830
1914 102106
1915 211743
1916 152511
1917 30518
1918 592082
1919 122028
1920 472708
1921 728899
1922 240405
1923 91534
1924 658344
1925 61036
1926 737114
1927 144235
1928 30524
1929 446910
1930 311256
1931 30522
1932 117873
1933 61031
1934 1063319
1935 511471
1936 421800
1937 30523
1938 61040
1939 30520
1940 597853
1941 122667
1942 282401
1943 669624
1944 145212
1945 134904
1946 30525
1947 143101
1948 397637
1949 30524
1950 80179
1951 30523
1952 30524
1953 2590118
1954 62905
1955 468762
1956 513731
1957 262356
1958 68090
1959 442822
1960 340093
1961 2001460
1962 440810
1963 213426
1964 197302
1965 226604
1966 182964
1967 385379
1968 152492
1969 204052
1970 2392772
1971 210655
1972 193578
1973 2407891
1974 581499
1975 1738327
1976 248097
1977 329411
1978 190476
1979 95147
1980 179736
1981 2728829
1982 215370
1983 122010
1984 75060
1985 336121
1986 91521
1987 81401
1988 448767
1989 61023
1990 107542
1991 152538
1992 30516
1993 127881
1994 61037
1995 285326
1996 225913
1997 61025
1998 206892
1999 273010
2000 300118
2001 223951
2002 224554
2003 338071
2004 2726450
2005 49761
2006 91549
2007 213464
2008 737168
2009 2680452
2010 30524
2011 209168
2012 161610
2013 30524
2014 316223
2015 182965
2016 469751
2017 35581
2018 592288
2019 61037
2020 30520
2021 30525
2022 168013
2023 122013
2024 30520
2025 1523747
2026 122022
2027 498080
2028 274815
2029 673911
2030 190967
2031 368156
2032 153959
2033 2059039
2034 1683484
2035 481720
2036 302712
2037 1696380
2038 129069
2039 4213463
2040 176915
2041 595939
2042 269569
2043 256421
2044 321552
2045 509117
2046 154643
2047 2843842
2048 324607
2049 709913
2050 122899
2051 2202151
2052 281878
2053 120124
2054 262999
2055 4027643
2056 97461
2057 2604374
2058 83455
2059 86743
2060 106002
2061 187688
2062 170369
2063 67079
2064 2644425
2065 506348
2066 592749
2067 95094
2068 471222
2069 2342528
2070 183755
2071 73279
2072 2452764
2073 3490432
2074 245226
2075 1188240
2076 104558
2077 92049
2078 582129
2079 519237
2080 526418
2081 366604
2082 75640
2083 439188
2084 170020
2085 2505433
2086 61020
2087 145753
2088 185656
2089 120977
2090 187468
2091 323258
2092 653530
2093 126572
2094 1400580
2095 167666
2096 2489012
2097 217980
2098 30513
2099 663248
2100 1174856
2101 784142
2102 153508
2103 608523
2104 103507
2105 122030
2106 142644
2107 166030
2108 720185
2109 54926
2110 527700
2111 36626
2112 90251
2113 484902
2114 1553741
2115 30526
2116 246291
2117 326340
2118 54772
2119 300528
2120 633479
2121 502056
2122 137769
2123 30523
2124 146251
2125 65957
2126 967943
2127 151164
2128 420268
2129 182177
2130 73158
2131 312079
2132 313520
2133 46863
2134 1768744
2135 163880
2136 229843
2137 415958
2138 1731682
2139 2576168
2140 1104399
2141 91538
2142 1334956
2143 516436
2144 252315
2145 1316621
2146 929720
2147 1252538
2148 1019845
2149 1774518
2150 1000472
2151 172373
2152 1127833
2153 161352
2154 819016
2155 974905
2156 192573
2157 1947906
2158 458545
2159 1106724
2160 953947
2161 188894
2162 950180
2163 1734404
2164 75718
2165 312556
2166 2969063
2167 298491
2168 72889
2169 30521
2170 122035
2171 91497
2172 30524
2173 496138
2174 61007
2175 42721
2176 48832
2177 30524
2178 1371764
2179 575057
2180 734066
2181 830172
2182 697017
2183 30508
2184 89079
2185 282087
2186 1140917
2187 706813
2188 61035
2189 366342
2190 997626
2191 276922
2192 130810
2193 648389
2194 30524
2195 684243
2196 3098717
2197 1268673
2198 265024
2199 565165
2200 258089
2201 678243
2202 91532
2203 283419
2204 3235819
2205 30520
2206 30525
2207 129634
2208 507344
2209 621309
2210 30518
2211 381072
2212 30516
2213 146919
2214 30516
2215 150308
2216 1085920
2217 30513
2218 387924
2219 134109
2220 30524
2221 1657492
2222 406496
2223 934760
2224 114455
2225 431641
2226 236381
2227 220328
2228 30516
2229 3063795
2230 30523
2231 638570
2232 458549
2233 247646
2234 965781
2235 114553
2236 30525
2237 875981
2238 259165
2239 428114
2240 1070518
2241 30520
2242 344559
2243 486003
2244 451478
2245 30523
2246 121677
2247 30516
2248 30520
2249 693788
2250 407058
2251 421521
2252 695236
2253 130895
2254 189469
2255 122039
2256 513716
2257 30515
2258 396131
2259 571031
2260 218242
2261 30518
2262 61031
2263 402150
2264 30524
2265 558584
2266 55013
2267 51864
2268 43049
2269 61001
2270 441468
2271 429879
2272 578784
2273 44883
2274 462027
2275 134725
2276 411166
2277 115461
2278 432374
2279 380860
2280 757738
2281 274305
2282 350575
2283 456764
2284 436987
2285 269029
2286 128380
2287 243863
2288 262662
2289 115294
2290 1235188
2291 126839
2292 265294
2293 276573
2294 1264127
2295 213410
2296 428948
2297 163802
2298 190023
2299 340784
2300 356496
2301 182948
2302 413421
2303 440149
2304 61039
2305 469480
2306 1293470
2307 625403
2308 152479
2309 320349
2310 30525
2311 1322873
2312 624947
2313 325242
2314 1352326
2315 452973
2316 290288
2317 651869
2318 214727
2319 260421
2320 230669
2321 274176
2322 680082
2323 122000
2324 631026
2325 657796
2326 134928
2327 104828
2328 687193
2329 91515
2330 243737
2331 75217
2332 1381868
2333 341536
2334 828422
2335 276933
2336 716716
2337 213456
2338 358357
2339 213303
2340 1411512
2341 50834
2342 1719347
2343 122010
2344 1017632
2345 36614
2346 122028
2347 1103548
2348 855123
2349 1024042
2350 61009
2351 1069655
2352 36612
2353 1037239
2354 44497
2355 152476
2356 746396
2357 182991
2358 965416
2359 1055835
2360 91535
2361 1095924
2362 182858
2363 52769
2364 121999
2365 884549
2366 140675
2367 127652
2368 91512
2369 824029
2370 152517
2371 36617
2372 61032
2373 30513
2374 56454
2375 62492
2376 136435
2377 379405
2378 1104774
2379 892464
2380 30521
2381 152404
2382 121940
2383 230771
2384 411585
2385 139484
2386 30520
2387 30520
2388 67141
2389 337734
2390 404291
2391 103714
2392 160565
2393 513805
2394 183694
2395 197548
2396 73281
2397 195880
2398 30522
2399 60949
2400 270303
2401 103683
2402 109889
2403 215936
2404 811014
2405 91532
2406 305660
2407 61028
2408 30521
2409 130527
2410 191236
2411 30519
2412 85486
2413 215764
2414 171271
2415 836510
2416 344644
2417 30520
2418 115365
2419 896952
2420 140968
2421 320955
2422 346797
2423 376897
2424 30525
2425 5702459
2426 5172403
2427 407015
2428 148971
2429 5470132
2430 5454800
2431 128183
2432 5222978
2433 139381
2434 5316997
2435 5938159
2436 5191127
2437 288146
2438 74610
2439 3137764
2440 276730
2441 298533
2442 542641
2443 3205064
2444 449191
2445 6030168
2446 5209455
2447 278907
2448 3109363
2449 60481
2450 3091241
2451 1301947
2452 275973
2453 5072080
2454 261390
2455 188792
2456 587602
2457 5146496
2458 1310788
2459 518356
2460 532995
2461 247528
2462 2405439
2463 756165
2464 64826
2465 560214
2466 242708
2467 431651
2468 1757746
2469 254977
2470 518526
2471 961819
2472 422756
2473 2722401
2474 235965
2475 2431191
2476 384355
2477 226522
2478 714801
2479 1263375
2480 2786061
2481 245455
2482 431851
2483 768091
2484 491160
2485 199631
2486 2577244
2487 393302
2488 174550
2489 259487
2490 121373
2491 123576
2492 150769
2493 268753
2494 111915
2495 2436162
2496 998780
2497 311603
2498 2114364
2499 157209
2500 506215
2501 814258
2502 381697
2503 578919
2504 355794
2505 91534
2506 61033
2507 726113
2508 30522
2509 63171
2510 177292
2511 292694
2512 213440
2513 122242
2514 1171780
2515 1859863
2516 111708
2517 96514
2518 1158872
2519 76433
2520 30517
2521 1156253
2522 182992
2523 72253
2524 1879479
2525 79320
2526 1136418
2527 73223
2528 54927
2529 42730
2530 48827
2531 30522
2532 1069660
2533 1099675
2534 1186527
2535 437934
2536 851491
2537 436025
2538 442006
2539 1554130
2540 1595546
2541 1235748
2542 1434315
2543 854546
2544 1253068
2545 877782
2546 1272344
2547 1460862
2548 2845996
2549 1292175
2550 2845378
2551 819234
2552 669910
2553 1948229
2554 1910588
2555 646724
2556 2501652
2557 1440876
2558 788976
2559 1002867
2560 83042
2561 1636568
2562 99882
2563 1436401
2564 758708
2565 626983
2566 125770
2567 981879
2568 112283
2569 1765534
2570 61036
2571 2506746
2572 92229
2573 728432
2574 1813190
2575 91536
2576 138420
2577 32105
2578 2465615
2579 611593
2580 207859
2581 54251
2582 30522
2583 928076
2584 698145
2585 61033
2586 254605
2587 2231113
2588 923582
2589 254050
2590 536167
2591 667848
2592 61032
2593 30521
2594 30521
2595 921057
2596 918376
2597 637541
2598 2261459
2599 91531
2600 61022
2601 61030
2602 290935
2603 30520
2604 3487357
2605 890897
2606 607226
2607 1562887
2608 1837611
2609 291860
2610 729524
2611 1454335
2612 576903
2613 312523
2614 30515
2615 1094481
2616 1584272
2617 546570
2618 560527
2619 2244550
2620 2220782
2621 2199818
2622 2188177
2623 30509
2624 91502
2625 30509
2626 121980
2627 182938
2628 243849
2629 30514
2630 30515
2631 591771
2632 393842
2633 332224
2634 61021
2635 30514
2636 97318
2637 30520
2638 60993
2639 86025
2640 30523
2641 213190
2642 182891
2643 42822
2644 121948
2645 42791
2646 54883
2647 36603
2648 61022
2649 30499
2650 30520
2651 91535
2652 30520
2653 128058
2654 97594
2655 67134
2656 48858
2657 42766
2658 54954
2659 85419
2660 115886
2661 122018
2662 30519
2663 61028
2664 30519
2665 30521
2666 30416
2667 60824
2668 121621
2669 30419
2670 182379
2671 30419
2672 212719
2673 243070
2674 273415
2675 303750
2676 334075
2677 364407
2678 394790
2679 425162
2680 455527
2681 485884
2682 516232
2683 30523
2684 30525
2685 397499
2686 476390
2687 182968
2688 152495
2689 383614
2690 122015
2691 91526
2692 36620
2693 30519
2694 391999
2695 194117
2696 221229
2697 95935
2698 73230
2699 46803
2700 30519
2701 61031
2702 620145
2703 541296
2704 524835
2705 30518
2706 936876
2707 950313
2708 923618
2709 915433
2710 912533
2711 914967
2712 1276443
2713 853814
2714 831141
2715 804075
2716 964285
2717 838949
2718 873999
2719 30523
2720 112794
2721 969078
2722 87109
2723 52861
2724 983965
2725 49674
2726 152495
2727 1001096
2728 62653
2729 1009070
2730 1350041
2731 122016
2732 91527
2733 61028
2734 30519
2735 1034593
2736 1297919
2737 571636
2738 667826
2739 982228
2740 543150
2741 274360
2742 537213
2743 965733
2744 243916
2745 700783
2746 213462
2747 432237
2748 135304
2749 992265
2750 516029
2751 145851
2752 490980
2753 122913
2754 30524
2755 182997
2756 554765
2757 467615
2758 90946
2759 30522
2760 65386
2761 341410
2762 975103
2763 228114
2764 152523
2765 1252150
2766 30522
2767 856623
2768 941330
2769 30524
2770 482464
2771 594083
2772 236817
2773 30523
2774 362965
2775 1278261
2776 30518
2777 188199
2778 859075
2779 336255
2780 122043
2781 1107357
2782 122038
2783 91545
2784 30523
2785 61037
2786 30524
2787 333371
2788 36628
2789 36627
2790 30523
2791 30523
2792 129128
2793 152512
2794 537540
2795 479508
2796 771466
2797 182552
2798 609782
2799 30523
2800 91543
2801 30523
2802 141609
2803 30525
2804 48824
2805 36627
2806 346949
2807 2215996
2808 602347
2809 30524
2810 149668
2811 599543
2812 1220138
2813 111195
2814 91528
2815 1980442
2816 161553
2817 166460
2818 508457
2819 61029
2820 30523
2821 30519
2822 61037
2823 30519
2824 243804
2825 30507
2826 426383
2827 182890
2828 152431
2829 121964
2830 91487
2831 61000
2832 30505
2833 152433
2834 121966
2835 91489
2836 61001
2837 30506
2838 4002445
2839 4093682
2840 4090106
2841 113853
2842 83497
2843 4114224
2844 58580
2845 3255264
2846 50305
2847 61037
2848 4138836
2849 30523
2850 3247953
2851 64312
2852 2816877
2853 108305
2854 78034
2855 511586
2856 58742
2857 2736666
2858 209594
2859 30523
2860 2794405
2861 61183
2862 517516
2863 509812
2864 435734
2865 78560
2866 91529
2867 61029
2868 30520
2869 287318
2870 267817
2871 223074
2872 122042
2873 30525
2874 42728
2875 54934
2876 36628
2877 2492631
2878 183159
2879 30525
2880 30525
2881 260538
2882 802265
2883 30524
2884 311786
2885 91541
2886 125169
2887 30523
2888 36627
2889 122033
2890 36622
2891 61034
2892 36629
2893 101165
2894 1846328
2895 30523
2896 30525
2897 30521
2898 61034
2899 183018
2900 213452
2901 91540
2902 243906
2903 61037
2904 274349
2905 30523
2906 457023
2907 487172
2908 152515
2909 122032
2910 91538
2911 61035
2912 30522
2913 121999
2914 54890
2915 36635
2916 30516
2917 274359
2918 387729
2919 122009
2920 61016
2921 30510
2922 30515
2923 30365
2924 30524
2925 265836
2926 797749
2927 262632
2928 292439
2929 545289
2930 511001
2931 2107561
2932 2192137
2933 521106
2934 527899
2935 254251
2936 2042690
2937 518463
2938 695334
2939 1852914
2940 530271
2941 2043693
2942 329827
2943 2226933
2944 101749
2945 591728
2946 503173
2947 122683
2948 201161
2949 2011316
2950 533265
2951 365438
2952 2053810
2953 770828
2954 506654
2955 290813
2956 30512
2957 539047
2958 2071128
2959 91539
2960 335031
2961 305050
2962 2092054
2963 61036
2964 588106
2965 2216016
2966 705622
2967 304657
2968 30523
2969 153414
2970 672042
2971 837556
2972 61017
2973 825592
2974 685391
2975 130792
2976 847738
2977 30508
2978 468608
2979 311767
2980 30513
2981 1300887
2982 183527
2983 335024
2984 389903
2985 438553
2986 1190941
2987 61031
2988 397970
2989 1372098
2990 370624
2991 243768
2992 30520
2993 186968
2994 213369
2995 264714
2996 82512
2997 30522
2998 153970
2999 172838
3000 62914
3001 1408705
3002 61012
3003 121961
3004 30511
3005 253285
3006 104378
3007 171220
3008 42709
3009 67100
3010 1320981
3011 73905
3012 30505
3013 53094
3014 61000
3015 47411
3016 922354
3017 507967
3018 30504
3019 40419
3020 140518
3021 405347
3022 54870
3023 119433
3024 54046
3025 97194
3026 1355815
3027 78636
3028 61291
3029 895368
3030 130318
3031 109636
3032 174333
3033 51910
3034 554471
3035 1033300
3036 194448
3037 1338721
3038 613392
3039 479587
3040 213107
3041 125100
3042 185817
3043 30522
3044 111038
3045 94579
3046 134110
3047 137793
3048 30523
3049 203662
3050 61034
3051 30519
3052 699589
3053 522697
3054 60994
3055 30502
3056 30521
3057 30525
3058 193763
3059 135305
3060 30524
3061 84227
3062 30524
3063 70963
3064 30523
3065 30524
3066 30522
3067 30524
3068 229344
3069 324171
3070 186278
3071 184751
3072 1495867
3073 166238
3074 30520
3075 333580
3076 1413150
3077 438132
3078 354566
3079 1418566
3080 235839
3081 483705
3082 125286
3083 168279
3084 168047
3085 1182560
3086 61037
3087 1425473
3088 1161924
3089 353348
3090 557013
3091 304765
3092 161376
3093 507635
3094 318538
3095 972249
3096 360819
3097 197009
3098 61039
3099 30523
3100 399636
3101 160617
3102 408300
3103 30519
3104 205769
3105 960593
3106 492810
3107 30525
3108 113367
3109 479358
3110 274407
3111 1034439
3112 30525
3113 473682
3114 382495
3115 922210
3116 2292502
3117 92700
3118 73031
3119 91531
3120 2625657
3121 64815
3122 2262424
3123 1380515
3124 152507
3125 58391
3126 2810027
3127 61034
3128 61029
3129 992291
3130 3357332
3131 1358332
3132 81795
3133 2309679
3134 1764934
3135 1307320
3136 30518
3137 1290378
3138 1803930
3139 1256781
3140 122025
3141 30520
3142 30513
3143 91533
3144 30520
3145 1263367
3146 2587576
3147 347599
3148 1343903
3149 335333
3150 1755486
3151 224246
3152 595007
3153 61031
3154 320668
3155 246665
3156 1384001
3157 513993
3158 303072
3159 2558240
3160 355440
3161 571167
3162 417217
3163 1413817
3164 260250
3165 235665
3166 121152
3167 30523
3168 1367785
3169 42439
3170 91504
3171 48244
3172 766958
3173 222902
3174 30233
3175 428716
3176 400188
3177 102027
3178 61009
3179 334537
3180 255848
3181 1840202
3182 274255
3183 30519
3184 299148
3185 30509
3186 381762
3187 325406
3188 30510
3189 30521
3190 91541
3191 30522
3192 1355775
3193 1191241
3194 1330941
3195 122011
3196 91518
3197 30519
3198 1183685
3199 61016
3200 30513
3201 1252305
3202 1169850
3203 1172836
3204 1181116
3205 152493
3206 122010
3207 91521
3208 1192179
3209 61023
3210 30516
3211 1204660
3212 1218201
3213 1873272
3214 1439751
3215 1089219
3216 1059153
3217 1454915
3218 1029093
3219 1470956
3220 1001102
3221 365589
3222 335177
3223 1487794
3224 607553
3225 304756
3226 577452
3227 1505254
3228 274357
3229 547371
3230 2185394
3231 517309
3232 2377981
3233 2434785
3234 487383
3235 329731
3236 152447
3237 2332623
3238 457602
3239 91511
3240 121974
3241 2351135
3242 427848
3243 739117
3244 91498
3245 398136
3246 299400
3247 368458
3248 338787
3249 309152
3250 279572
3251 61019
3252 260646
3253 257760
3254 265907
3255 280009
3256 245048
3257 709100
3258 294651
3259 42733
3260 309624
3261 679138
3262 269107
3263 48831
3264 238851
3265 325613
3266 67124
3267 342726
3268 649211
3269 360416
3270 378707
3271 619333
3272 234092
3273 208685
3274 228278
3275 589516
3276 559751
3277 398056
3278 418249
3279 381189
3280 530028
3281 438571
3282 500332
3283 557032
3284 470655
3285 441002
3286 239456
3287 178626
3288 210417
3289 180385
3290 215356
3291 197122
3292 148627
3293 190238
3294 194789
3295 159666
3296 150951
3297 199754
3298 210587
3299 227409
3300 244733
3301 262420
3302 118714
3303 94726
3304 82071
3305 80738
3306 150479
3307 30512
3308 1237449
3309 1204176
3310 539730
3311 100888
3312 117380
3313 30510
3314 91359
3315 60914
3316 30459
3317 182673
3318 60921
3319 30466
3320 215020
3321 264837
3322 198504
3323 30522
3324 2606447
3325 30512
3326 30352
3327 91032
3328 30352
3329 30523
3330 83537
3331 708856
3332 734206
3333 685384
3334 669389
3335 30518
3336 645795
3337 86900
3338 30524
3339 37187
3340 41819
3341 1745050
3342 1695588
3343 1678571
3344 1856570
3345 426283
3346 396027
3347 91485
3348 1613116
3349 1629054
3350 30497
3351 274355
3352 36600
3353 121998
3354 121998
3355 48816
3356 42709
3357 30515
3358 91513
3359 61018
3360 30514
3361 1583204
3362 4926201
3363 158098
3364 4702211
3365 75382
3366 57697
3367 216469
3368 70007
3369 3622210
3370 59911
3371 86732
3372 361797
3373 38900
3374 184170
3375 51417
3376 47333
3377 71985
3378 30525
3379 4721539
3380 34496
3381 118414
3382 91397
3383 531349
3384 65029
3385 191603
3386 90016
3387 4148628
3388 3991764
3389 243914
3390 788379
3391 213484
3392 168454
3393 30525
3394 152534
3395 3877125
3396 616259
3397 250776
3398 3247238
3399 91545
3400 146625
3401 30524
3402 91543
3403 30524
3404 371687
3405 30522
3406 30523
3407 30522
3408 61032
3409 381374
3410 734350
3411 249262
3412 30520
3413 3222602
3414 30525
3415 93757
3416 387237
3417 281144
3418 3291780
3419 61038
3420 371715
3421 30524
3422 4878334
3423 61039
3424 1374960
3425 1429079
3426 30524
3427 2388770
3428 838919
3429 974375
3430 366369
3431 1204705
3432 842913
3433 1053188
3434 1166461
3435 583628
3436 91531
3437 599272
3438 899515
3439 1186295
3440 65336
3441 1134633
3442 294242
3443 52454
3444 61027
3445 30515
3446 652876
3447 76084
3448 766018
3449 2572026
3450 2394099
3451 2399720
3452 1975727
3453 91532
3454 1866804
3455 152483
3456 1743855
3457 122001
3458 91512
3459 61031
3460 61013
3461 30520
3462 1441034
3463 30508
3464 325951
3465 353066
3466 198931
3467 182816
3468 184651
3469 152518
3470 176976
3471 180840
3472 1417498
3473 198302
3474 246137
3475 1149435
3476 218753
3477 122469
3478 192293
3479 1123597
3480 213264
3481 258513
3482 225474
3483 98013
3484 152491
3485 1416775
3486 122010
3487 534396
3488 182802
3489 91521
3490 61023
3491 152330
3492 30520
3493 121882
3494 978796
3495 552302
3496 30516
3497 585016
3498 395451
3499 240320
3500 411299
3501 91423
3502 262914
3503 1509697
3504 60959
3505 286704
3506 30484
3507 585166
3508 576370
3509 596594
3510 972020
3511 595652
3512 177661
3513 123010
3514 159627
3515 456727
3516 152466
3517 155618
3518 169484
3519 508449
3520 177301
3521 1079127
3522 569327
3523 88162
3524 171941
3525 547959
3526 60468
3527 522601
3528 1048583
3529 1266214
3530 4464504
3531 527515
3532 518424
3533 1360629
3534 447645
3535 806498
3536 3669086
3537 81180
3538 169591
3539 1678828
3540 174362
3541 1132062
3542 463471
3543 3938445
3544 280650
3545 737878
3546 710475
3547 169101
3548 486761
3549 1044248
3550 86054
3551 2651871
3552 129133
3553 183046
3554 2498832
3555 4054204
3556 76611
3557 198776
3558 93912
3559 251148
3560 102634
3561 202677
3562 221968
3563 158803
3564 138595
3565 194075
3566 69456
3567 1143354
3568 1350854
3569 30523
3570 163191
3571 563958
3572 61035
3573 474292
3574 30522
3575 589925
3576 617736
3577 646133
3578 1422689
3579 466384
3580 2053956
3581 686225
3582 773112
3583 2030302
3584 274306
3585 745196
3586 1772359
3587 77781
3588 55418
3589 640643
3590 1764538
3591 46132
3592 610852
3593 243862
3594 207795
3595 54888
3596 202242
3597 581280
3598 213408
3599 239497
3600 182946
3601 189434
3602 152475
3603 551877
3604 187863
3605 121998
3606 523716
3607 312360
3608 93926
3609 91511
3610 63475
3611 296239
3612 334344
3613 543943
3614 122032
3615 41177
3616 91537
3617 44325
3618 44475
3619 61033
3620 42181
3621 61039
3622 30520
3623 769132
3624 58941
3625 435698
3626 210947
3627 122023
3628 154079
3629 89136
3630 153496
3631 579804
3632 656232
3633 181522
3634 431148
3635 91528
3636 466433
3637 473156
3638 566136
3639 424937
3640 439664
3641 448960
3642 423218
3643 218052
3644 201199
3645 319831
3646 71310
3647 163725
3648 30524
3649 472436
3650 617172
3651 89264
3652 61024
3653 30524
3654 30517
3655 829257
3656 935166
3657 235610
3658 520847
3659 255271
3660 958545
3661 280641
3662 444056
3663 585128
3664 307981
3665 1217292
3666 180584
3667 439513
3668 192737
3669 150508
3670 30473
3671 247135
3672 243884
3673 472386
3674 120442
3675 1337519
3676 599001
3677 1355881
3678 91168
3679 30522
3680 114985
3681 64352
3682 182960
3683 258459
3684 53667
3685 394270
3686 62507
3687 358852
3688 163684
3689 1057270
3690 1039019
3691 1032861
3692 1017816
3693 1319056
3694 1087156
3695 533629
3696 1129415
3697 184255
3698 548965
3699 606541
3700 995471
3701 569613
3702 518041
3703 995519
3704 290695
3705 183640
3706 163473
3707 334794
3708 91545
3709 61040
3710 294441
3711 167850
3712 309539
3713 30525
3714 1222686
3715 30525
3716 722206
3717 866588
3718 1524729
3719 890907
3720 1279952
3721 1135004
3722 496372
3723 142083
3724 558344
3725 347181
3726 126236
3727 546969
3728 154210
3729 308679
3730 849974
3731 624149
3732 149373
3733 296957
3734 612350
3735 788905
3736 43661
3737 30523
3738 1948191
3739 1292705
3740 699984
3741 1535316
3742 738686
3743 200655
3744 274484
3745 138718
3746 1307354
3747 1520099
3748 305197
3749 588688
3750 1223019
3751 192682
3752 1226880
3753 30524
3754 599873
3755 1768779
3756 337175
3757 470748
3758 1864324
3759 308615
3760 150537
3761 61028
3762 30518
3763 224680
3764 620450
3765 206090
3766 527671
3767 359107
3768 133235
3769 220004
3770 1874129
3771 128806
3772 123239
3773 464067
3774 233377
3775 61033
3776 491032
3777 329768
3778 61034
3779 303633
3780 112442
3781 30520
3782 203494
3783 30521
3784 355286
3785 312612
3786 113950
3787 175920
3788 678531
3789 321575
3790 604249
3791 151890
3792 563657
3793 1629555
3794 97480
3795 650446
3796 131083
3797 186518
3798 548605
3799 61030
3800 91542
3801 169703
3802 74272
3803 66316
3804 91524
3805 235900
3806 1494587
3807 2192689
3808 1477295
3809 389701
3810 361466
3811 469036
3812 421358
3813 375233
3814 131368
3815 2040138
3816 3987936
3817 61036
3818 30511
3819 30521
3820 333393
3821 281415
3822 1537938
3823 405876
3824 264156
3825 30514
3826 1380944
3827 203542
3828 129352
3829 1331140
3830 46128
3831 191216
3832 94310
3833 996716
3834 1319041
3835 405050
3836 199921
3837 105004
3838 211747
3839 32388
3840 86101
3841 204799
3842 208166
3843 1323201
3844 106504
3845 692812
3846 30523
3847 416139
3848 775313
3849 367811
3850 136713
3851 257099
3852 132365
3853 141596
3854 134532
3855 212945
3856 182506
3857 550152
3858 109520
3859 30523
3860 441887
3861 796516
3862 122031
3863 160010
3864 30439
3865 818946
3866 30522
3867 157474
3868 121702
3869 283387
3870 42635
3871 48670
3872 30442
3873 91537
3874 415226
3875 79860
3876 122011
3877 283898
3878 61033
3879 6773198
3880 54903
3881 233437
3882 42736
3883 150014
3884 30518
3885 36623
3886 125489
3887 51718
3888 42284
3889 1610547
3890 220873
3891 5707860
3892 170307
3893 52422
3894 1661562
3895 219719
3896 91287
3897 253474
3898 60868
3899 30439
3900 222210
3901 225708
3902 193525
3903 6621213
3904 115779
3905 56019
3906 144224
3907 2610100
3908 596330
3909 42422
3910 1988129
3911 459065
3912 48575
3913 103009
3914 3196508
3915 45710
3916 182945
3917 97820
3918 61035
3919 152471
3920 30520
3921 1926278
3922 121998
3923 48807
3924 303573
3925 129279
3926 100235
3927 83434
3928 89368
3929 209564
3930 172530
3931 165553
3932 162954
3933 180442
3934 207872
3935 310069
3936 332546
3937 81560
3938 635330
3939 657653
3940 68290
3941 281453
3942 74707
3943 2023933
3944 2401758
3945 252143
3946 473503
3947 548742
3948 224604
3949 382585
3950 293177
3951 199377
3952 118469
3953 175561
3954 171648
3955 88429
3956 156655
3957 114252
3958 84506
3959 55155
3960 42031
3961 57634
3962 86153
3963 30495
3964 60984
3965 91465
3966 43529
3967 30515
3968 61020
3969 30512
3970 61015
3971 125932
3972 134288
3973 150058
3974 171040
3975 198118
3976 228020
3977 258250
3978 288536
3979 318821
3980 349113
3981 30522
3982 61035
3983 91539
3984 122032
3985 91544
3986 36625
3987 36627
3988 567111
3989 2005401
3990 1551374
3991 1982830
3992 30522
3993 2989145
3994 3158761
3995 405210
3996 3010987
3997 386031
3998 367581
3999 1047050
4000 359648
4001 371591
4002 394292
4003 2145047
4004 428855
4005 47829
4006 912688
4007 592378
4008 365277
4009 47317
4010 91543
4011 1596873
4012 485558
4013 36627
4014 36627
4015 96169
4016 467440
4017 1395689
4018 1366445
4019 229788
4020 80055
4021 1372535
4022 456247
4023 156895
4024 88581
4025 145961
4026 57556
4027 1404704
4028 1229208
4029 87709
4030 351043
4031 57338
4032 95334
4033 30521
4034 333513
4035 33338
4036 1054192
4037 67549
4038 431889
4039 249929
4040 30524
4041 264776
4042 213330
4043 256276
4044 62790
4045 254377
4046 808722
4047 220747
4048 815636
4049 310771
4050 709719
4051 581478
4052 279068
4053 30524
4054 166149
4055 358256
4056 300292
4057 419479
4058 157805
4059 165049
4060 496103
4061 61024
4062 89314
4063 398667
4064 152498
4065 122025
4066 747351
4067 57393
4068 61031
4069 30517
4070 733324
4071 385926
4072 30517
4073 153436
4074 150619
4075 358757
4076 122017
4077 85089
4078 110074
4079 91527
4080 332859
4081 91532
4082 61027
4083 181237
4084 30518
4085 61030
4086 638703
4087 55244
4088 577953
4089 178151
4090 30517
4091 123602
4092 197029
4093 36875
4094 30524
4095 42778
4096 106287
4097 547762
4098 67814
4099 30522
4100 456547
4101 308320
4102 144795
4103 67740
4104 30522
4105 61013
4106 426376
4107 30511
4108 107891
4109 141754
4110 30525
4111 61040
4112 213140
4113 183938
4114 175645
4115 30524
4116 61038
4117 30525
4118 145435
4119 121185
4120 302936
4121 117948
4122 121337
4123 91011
4124 60676
4125 30342
4126 333454
4127 181999
4128 30355
4129 121359
4130 91034
4131 42560
4132 30354
4133 30497
4134 60991
4135 91480
4136 243830
4137 121971
4138 91492
4139 61004
4140 30507
4141 90582
4142 60077
4143 30501
4144 30525
4145 91484
4146 121960
4147 60999
4148 30505
4149 152428
4150 30523
4151 91523
4152 277008
4153 61024
4154 254428
4155 174603
4156 84853
4157 30524
4158 30525
4159 269640
4160 30513
4161 87180
4162 296631
4163 108190
4164 324146
4165 224084
4166 91531
4167 249117
4168 30520
4169 42725
4170 483858
4171 505261
4172 213389
4173 381778
4174 182944
4175 2256480
4176 79297
4177 73205
4178 48813
4179 30528
4180 42725
4181 1367958
4182 1338074
4183 1308251
4184 30522
4185 1278483
4186 1248748
4187 1219030
4188 1195196
4189 218769
4190 213447
4191 739196
4192 182984
4193 709345
4194 152511
4195 188443
4196 158280
4197 122029
4198 128382
4199 705421
4200 553270
4201 152458
4202 564445
4203 213383
4204 372658
4205 182924
4206 121985
4207 91537
4208 301228
4209 152458
4210 91502
4211 103636
4212 121983
4213 61009
4214 61004
4215 30508
4216 281238
4217 30506
4218 91499
4219 61007
4220 30508
4221 61034
4222 90955
4223 85563
4224 30522
4225 603200
4226 446922
4227 686400
4228 170364
4229 151050
4230 114057
4231 113511
4232 502388
4233 661903
4234 441675
4235 128309
4236 30524
4237 786684
4238 99954
4239 302780
4240 456446
4241 410445
4242 426067
4243 73629
4244 395847
4245 302018
4246 368354
4247 121947
4248 52151
4249 48785
4250 243731
4251 42701
4252 30502
4253 152395
4254 121419
4255 79513
4256 369646
4257 91454
4258 106955
4259 60969
4260 30495
4261 85895
4262 30524
4263 36594
4264 30477
4265 126940
4266 30494
4267 30525
4268 153782
4269 644412
4270 385223
4271 411332
4272 2354668
4273 657927
4274 683179
4275 2182576
4276 2738016
4277 91540
4278 160858
4279 2134504
4280 91534
4281 2868852
4282 2141629
4283 61036
4284 2573864
4285 1048663
4286 170810
4287 30522
4288 1118390
4289 166610
4290 61030
4291 30519
4292 2680633
4293 121999
4294 30523
4295 1197246
4296 91512
4297 61015
4298 182923
4299 30509
4300 2033134
4301 152463
4302 719030
4303 91497
4304 30511
4305 472269
4306 61007
4307 274267
4308 399037
4309 30508
4310 122027
4311 243823
4312 327275
4313 213369
4314 182907
4315 152439
4316 91533
4317 4254781
4318 121979
4319 30523
4320 122017
4321 61031
4322 91527
4323 61004
4324 30507
4325 61027
4326 30507
4327 2013452
4328 30520
4329 30517
4330 61032
4331 30520
4332 1704203
4333 61035
4334 30522
4335 3949825
4336 30522
4337 30516
4338 42719
4339 218717
4340 220611
4341 1728940
4342 1544026
4343 1550607
4344 41188
4345 61036
4346 30522
4347 30524
4348 91538
4349 61035
4350 122033
4351 30523
4352 30524
4353 30523
4354 48811
4355 30518
4356 121997
4357 42715
4358 1029980
4359 1001205
4360 973016
4361 946773
4362 922203
4363 2145543
4364 902689
4365 235692
4366 216186
4367 657844
4368 1295564
4369 1223965
4370 937243
4371 325038
4372 30432
4373 148176
4374 511927
4375 89682
4376 310246
4377 366292
4378 43148
4379 930376
4380 120158
4381 128757
4382 73565
4383 87832
4384 461016
4385 395452
4386 100094
4387 110720
4388 385588
4389 85712
4390 211966
4391 92522
4392 61021
4393 1348142
4394 154899
4395 165691
4396 281371
4397 943600
4398 280934
4399 97779
4400 30524
4401 400677
4402 122035
4403 30515
4404 196965
4405 347259
4406 1680261
4407 78976
4408 118221
4409 1642148
4410 516030
4411 282410
4412 262009
4413 30521
4414 152539
4415 460014
4416 102815
4417 91540
4418 59710
4419 129936
4420 403792
4421 30517
4422 61037
4423 61037
4424 30522
4425 61015
4426 687686
4427 61038
4428 62509
4429 303347
4430 76529
4431 30524
4432 30513
4433 131523
4434 61963
4435 30515
4436 30524
4437 30522
4438 30524
4439 566617
4440 257245
4441 79681
4442 30521
4443 2839925
4444 207801
4445 30522
4446 222066
4447 152547
4448 460610
4449 222926
4450 133247
4451 204441
4452 113986
4453 67272
4454 1271315
4455 398979
4456 2370087
4457 797636
4458 1098621
4459 30517
4460 99215
4461 644459
4462 360847
4463 387775
4464 30525
4465 291722
4466 98757
4467 66386
4468 49415
4469 42197
4470 456968
4471 76081
4472 645239
4473 304861
4474 57586
4475 37396
4476 30517
4477 182951
4478 121996
4479 61007
4480 30507
4481 30511
4482 239228
4483 366956
4484 385843
4485 189768
4486 121962
4487 411503
4488 383173
4489 91473
4490 310286
4491 497005
4492 60980
4493 280436
4494 1077955
4495 250621
4496 61020
4497 1481771
4498 223273
4499 974953
4500 30511
4501 813150
4502 964702
4503 199480
4504 61028
4505 1497133
4506 177951
4507 30519
4508 30495
4509 158733
4510 147196
4511 30519
4512 108810
4513 152856
4514 148203
4515 122036
4516 121939
4517 36629
4518 54926
4519 30527
4520 331130
4521 62754
4522 470917
4523 464128
4524 556881
4525 491729
4526 260129
4527 804272
4528 479179
4529 260303
4530 466996
4531 87771
4532 298424
4533 121868
4534 448598
4535 48702
4536 80024
4537 42686
4538 182981
4539 388569
4540 30470
4541 195491
4542 180665
4543 215762
4544 105892
4545 217446
4546 34064
4547 122019
4548 30520
4549 242376
4550 487638
4551 122033
4552 550510
4553 61023
4554 30523
4555 61030
4556 608757
4557 247874
4558 36626
4559 36629
4560 30516
4561 30516
4562 562528
4563 579494
4564 122036
4565 91500
4566 48829
4567 42728
4568 60996
4569 30528
4570 30503
4571 587368
4572 699853
4573 91534
4574 61032
4575 1796111
4576 30521
4577 1162587
4578 646961
4579 36132
4580 32026
4581 493515
4582 467173
4583 458975
4584 116188
4585 365481
4586 176773
4587 30524
4588 183009
4589 439877
4590 132629
4591 30523
4592 402926
4593 30522
4594 132395
4595 122035
4596 653861
4597 107643
4598 30524
4599 54930
4600 36626
4601 30527
4602 116152
4603 156071
4604 688100
4605 42346
4606 173610
4607 371476
4608 724709
4609 115436
4610 313981
4611 51378
4612 129071
4613 211312
4614 152507
4615 67791
4616 38812
4617 104657
4618 145522
4619 295104
4620 67447
4621 98895
4622 32817
4623 132829
4624 206053
4625 82341
4626 30522
4627 99548
4628 61036
4629 30522
4630 109291
4631 30450
4632 61032
4633 30521
4634 158068
4635 182286
4636 61021
4637 36622
4638 36616
4639 30525
4640 346847
4641 298430
4642 907474
4643 876976
4644 336825
4645 220920
4646 195088
4647 91539
4648 61034
4649 30522
4650 187580
4651 30524
4652 61035
4653 30521
4654 631207
4655 297855
4656 271040
4657 897413
4658 290047
4659 121998
4660 91512
4661 921569
4662 61015
4663 947653
4664 30511
4665 1150154
4666 182984
4667 73226
4668 36619
4669 48815
4670 30520
4671 36623
4672 30516
4673 61022
4674 91520
4675 903170
4676 2865869
4677 2772764
4678 4812821
4679 2089511
4680 2102346
4681 3081797
4682 32552
4683 121814
4684 54812
4685 36577
4686 30470
4687 152240
4688 213093
4689 30469
4690 304302
4691 60925
4692 30467
4693 30514
4694 61013
4695 30505
4696 91517
4697 153511
4698 63753
4699 68317
4700 30523
4701 122028
4702 48822
4703 42727
4704 30524
4705 91527
4706 61025
4707 30512
4708 122023
4709 91532
4710 61030
4711 30519
4712 558214
4713 562108
4714 575651
4715 590454
4716 609894
4717 1175389
4718 614507
4719 584360
4720 554384
4721 524699
4722 495451
4723 466698
4724 438432
4725 410424
4726 382548
4727 354942
4728 327762
4729 301693
4730 276645
4731 252719
4732 230199
4733 208313
4734 186874
4735 167887
4736 151347
4737 135395
4738 119920
4739 112492
4740 120648
4741 136812
4742 153609
4743 176782
4744 206452
4745 361550
4746 365980
4747 389509
4748 156813
4749 413203
4750 151565
4751 938177
4752 156152
4753 939449
4754 621814
4755 982513
4756 509371
4757 1126218
4758 113754
4759 167625
4760 91532
4761 61029
4762 82403
4763 483873
4764 30520
4765 123701
4766 1207660
4767 94288
4768 185664
4769 30522
4770 66627
4771 458618
4772 39406
4773 467553
4774 43887
4775 207661
4776 408507
4777 61036
4778 433656
4779 30522
4780 1642746
4781 369219
4782 1685958
4783 152516
4784 409078
4785 30519
4786 122035
4787 1087214
4788 212804
4789 231478
4790 53618
4791 894763
4792 61028
4793 37936
4794 30525
4795 30519
4796 30524
4797 998394
4798 1710690
4799 388885
4800 91534
4801 61030
4802 30520
4803 799429
4804 452786
4805 815180
4806 1737890
4807 415772
4808 30523
4809 94968
4810 2151775
4811 106458
4812 275843
4813 121990
4814 43830
4815 67101
4816 30512
4817 31302
4818 36613
4819 131072
4820 48490
4821 256858
4822 424180
4823 551749
4824 30524
4825 841809
4826 647809
4827 358116
4828 2440242
4829 142800
4830 30524
4831 30522
4832 30510
4833 133482
4834 103582
4835 73707
4836 43309
4837 31226
4838 49558
4839 80027
4840 304192
4841 67112
4842 42728
4843 36631
4844 54917
4845 85404
4846 136433
4847 122035
4848 48832
4849 42721
4850 30522
4851 30524
4852 750226
4853 30523
4854 122026
4855 42721
4856 48828
4857 30525
4858 152506
4859 3008489
4860 165172
4861 146876
4862 30525
4863 175370
4864 122020
4865 91527
4866 61023
4867 30516
4868 30518
4869 76666
4870 54858
4871 70078
4872 178086
4873 105050
4874 191778
4875 152603
4876 91651
4877 968072
4878 117460
4879 804454
4880 86747
4881 213119
4882 108883
4883 109425
4884 144593
4885 777666
4886 213812
4887 751463
4888 329596
4889 726499
4890 702987
4891 680474
4892 1131443
4893 659123
4894 659379
4895 726434
4896 639359
4897 621172
4898 794589
4899 605016
4900 590621
4901 663295
4902 495553
4903 243830
4904 213375
4905 182913
4906 152450
4907 121979
4908 490247
4909 91498
4910 61008
4911 30508
4912 488027
4913 489728
4914 497618
4915 511179
4916 553302
4917 474610
4918 134518
4919 492594
4920 135944
4921 144543
4922 156370
4923 170766
4924 187865
4925 310610
4926 121922
4927 91433
4928 60964
4929 30486
4930 852265
4931 573042
4932 845530
4933 559262
4934 864604
4935 1066983
4936 222259
4937 1050043
4938 205809
4939 202011
4940 1066504
4941 1084995
4942 86718
4943 74335
4944 72017
4945 1293378
4946 397016
4947 983566
4948 375115
4949 354577
4950 965150
4951 337865
4952 1241136
4953 30523
4954 61030
4955 30516
4956 429773
4957 30484
4958 60998
4959 471445
4960 129555
4961 2438025
4962 2427518
4963 2460449
4964 2421677
4965 2517594
4966 98107
4967 87758
4968 122027
4969 95095
4970 61025
4971 30521
4972 30515
4973 109750
4974 416485
4975 237936
4976 1023984
4977 4815553
4978 1322904
4979 30524
4980 2871255
4981 1025927
4982 2694691
4983 549957
4984 91348
4985 3018427
4986 60846
4987 30335
4988 1505063
4989 229589
4990 331631
4991 207921
4992 2726837
4993 1552904
4994 636592
4995 521319
4996 60886
4997 911508
4998 30443
4999 315905
5000 2749683
5001 628680
5002 336262
5003 1465632
5004 372777
5005 91525
5006 122018
5007 526514
5008 2773504
5009 48816
5010 42726
5011 61025
5012 884585
5013 30520
5014 265433
5015 51742
5016 61036
5017 2907503
5018 538304
5019 643917
5020 1063507
5021 30523
5022 792478
5023 30517
5024 38555
5025 165465
5026 1037977
5027 858231
5028 71398
5029 740713
5030 122036
5031 833030
5032 48831
5033 42724
5034 48684
5035 2920128
5036 409431
5037 30525
5038 454790
5039 669927
5040 149964
5041 2945820
5042 30517
5043 553347
5044 392340
5045 302707
5046 155629
5047 997809
5048 813425
5049 438636
5050 2972045
5051 853362
5052 272657
5053 208806
5054 536769
5055 133864
5056 242927
5057 638851
5058 122024
5059 59940
5060 199773
5061 525620
5062 2998897
5063 795188
5064 692142
5065 189198
5066 143983
5067 103489
5068 213984
5069 381597
5070 30525
5071 827966
5072 188983
5073 61020
5074 101338
5075 708309
5076 93359
5077 38613
5078 832955
5079 30520
5080 140334
5081 186036
5082 61027
5083 303071
5084 30522
5085 737788
5086 899084
5087 75918
5088 76255
5089 30513
5090 152698
5091 82682
5092 30523
5093 338506
5094 30510
5095 213049
5096 81542
5097 343583
5098 4791353
5099 5441476
5100 6141556
5101 627145
5102 2129724
5103 598502
5104 571958
5105 927205
5106 2141539
5107 144018
5108 3913405
5109 826341
5110 568628
5111 823910
5112 115422
5113 2160001
5114 827770
5115 3942506
5116 1131814
5117 61036
5118 702012
5119 67972
5120 4819267
5121 371599
5122 525789
5123 1185160
5124 30523
5125 3596841
5126 30524
5127 343532
5128 74214
5129 2757675
5130 1538630
5131 3514498
5132 54243
5133 100428
5134 765601
5135 618806
5136 1280130
5137 920264
5138 2433015
5139 2635374
5140 317338
5141 2618781
5142 121998
5143 60964
5144 3373181
5145 183005
5146 344482
5147 30524
5148 113505
5149 54892
5150 2745766
5151 139088
5152 274323
5153 36626
5154 1173286
5155 30513
5156 1248670
5157 318049
5158 1026267
5159 57973
5160 84614
5161 625078
5162 122030
5163 243941
5164 30523
5165 127778
5166 61661
5167 262551
5168 91526
5169 59666
5170 91537
5171 765568
5172 30521
5173 61034
5174 3394902
5175 1746623
5176 1459019
5177 73385
5178 30521
5179 158606
5180 80728
5181 475786
5182 61026
5183 207280
5184 85101
5185 30518
5186 1860546
5187 1752326
5188 242401
5189 122022
5190 1446686
5191 200380
5192 91530
5193 30523
5194 1205389
5195 30525
5196 30519
5197 1280320
5198 61028
5199 113260
5200 1257416
5201 1792876
5202 61038
5203 3456884
5204 214148
5205 585541
5206 349892
5207 30519
5208 30524
5209 375274
5210 202267
5211 3195891
5212 61037
5213 1419993
5214 152486
5215 262623
5216 2359541
5217 2346060
5218 2949307
5219 2088981
5220 250132
5221 661003
5222 105842
5223 647923
5224 152468
5225 122031
5226 181958
5227 121987
5228 54927
5229 485170
5230 42728
5231 2158378
5232 36627
5233 456350
5234 122035
5235 425965
5236 395571
5237 91498
5238 42729
5239 73242
5240 379902
5241 30523
5242 177650
5243 465048
5244 30508
5245 30509
5246 245534
5247 365307
5248 213051
5249 452166
5250 280261
5251 462698
5252 431166
5253 320425
5254 121600
5255 311969
5256 122022
5257 91112
5258 481235
5259 159405
5260 36604
5261 61022
5262 1643782
5263 327317
5264 30515
5265 35986
5266 36623
5267 30521
5268 61040
5269 37657
5270 30518
5271 61028
5272 61002
5273 261571
5274 30519
5275 232544
5276 30490
5277 348442
5278 169305
5279 113023
5280 153996
5281 74242
5282 1182701
5283 517558
5284 57002
5285 108067
5286 294981
5287 375541
5288 155156
5289 456986
5290 30524
5291 178851
5292 327694
5293 217742
5294 103804
5295 233018
5296 182976
5297 32666
5298 30523
5299 40095
5300 243947
5301 143288
5302 260787
5303 105584
5304 334914
5305 122015
5306 30524
5307 363972
5308 352413
5309 61019
5310 1065440
5311 30513
5312 30520
5313 242228
5314 151647
5315 122024
5316 292581
5317 447735
5318 91538
5319 42725
5320 31088
5321 48823
5322 1041688
5323 54032
5324 30526
5325 30517
5326 30522
5327 30523
5328 168307
5329 1026608
5330 433878
5331 30521
5332 224054
5333 518046
5334 285747
5335 281076
5336 287156
5337 297513
5338 304712
5339 316650
5340 463692
5341 496285
5342 341995
5343 132393
5344 141520
5345 424506
5346 117919
5347 150606
5348 495453
5349 641850
5350 175116
5351 623573
5352 161247
5353 456449
5354 97323
5355 176588
5356 521222
5357 336879
5358 270018
5359 84782
5360 199650
5361 629685
5362 618781
5363 425925
5364 152489
5365 344076
5366 226508
5367 67308
5368 303612
5369 279110
5370 429536
5371 121982
5372 254411
5373 231515
5374 440677
5375 88553
5376 141763
5377 91490
5378 122011
5379 485475
5380 108230
5381 1086072
5382 144836
5383 134107
5384 697623
5385 318406
5386 139363
5387 516786
5388 402848
5389 370216
5390 479533
5391 136527
5392 61004
5393 274340
5394 51217
5395 89103
5396 122901
5397 471730
5398 77227
5399 106255
5400 282267
5401 77819
5402 265412
5403 91524
5404 197603
5405 213398
5406 472343
5407 525477
5408 79304
5409 517550
5410 448021
5411 86011
5412 240030
5413 639641
5414 398691
5415 492706
5416 152476
5417 431554
5418 452399
5419 133551
5420 136987
5421 79275
5422 159822
5423 64540
5424 482271
5425 108910
5426 182938
5427 122000
5428 501979
5429 61034
5430 496948
5431 786946
5432 259609
5433 423326
5434 265235
5435 30521
5436 625903
5437 278986
5438 152471
5439 61026
5440 30521
5441 91514
5442 61034
5443 186327
5444 233733
5445 799111
5446 566549
5447 30517
5448 77552
5449 446500
5450 213386
5451 61033
5452 154253
5453 135013
5454 95616
5455 93528
5456 62705
5457 943625
5458 30520
5459 563356
5460 862049
5461 30514
5462 610256
5463 1418240
5464 1393518
5465 1374141
5466 156686
5467 133292
5468 174983
5469 102154
5470 108966
5471 268643
5472 162190
5473 284495
5474 89141
5475 177085
5476 131346
5477 93421
5478 448986
5479 296119
5480 74635
5481 124324
5482 465174
5483 152472
5484 30516
5485 492770
5486 121992
5487 61009
5488 42719
5489 30504
5490 46500
5491 36632
5492 676701
5493 51161
5494 180718
5495 77907
5496 686183
5497 162292
5498 715354
5499 220148
5500 152484
5501 144836
5502 122005
5503 167805
5504 54918
5505 195666
5506 42714
5507 36619
5508 1428683
5509 2162043
5510 1327237
5511 1651385
5512 1282243
5513 91532
5514 1324307
5515 1382602
5516 30524
5517 61029
5518 103052
5519 1548300
5520 1383719
5521 1642448
5522 75295
5523 274281
5524 30518
5525 1404238
5526 91528
5527 1429113
5528 152384
5529 43758
5530 121901
5531 91437
5532 53380
5533 30488
5534 42694
5535 61027
5536 30518
5537 30525
5538 102094
5539 87729
5540 30522
5541 114164
5542 143199
5543 173258
5544 79812
5545 30524
5546 30521
5547 126597
5548 76412
5549 98722
5550 86601
5551 190163
5552 268068
5553 125137
5554 60940
5555 30433
5556 30522
5557 30517
5558 30523
5559 393436
5560 404516
5561 429890
5562 483881
5563 507673
5564 534264
5565 30519
5566 30522
5567 30522
5568 61032
5569 91535
5570 806990
5571 1009073
5572 172270
5573 243321
5574 229106
5575 1085232
5576 282293
5577 222620
5578 152224
5579 122016
5580 324024
5581 48822
5582 124629
5583 54920
5584 42726
5585 1096981
5586 100004
5587 354917
5588 121739
5589 1122438
5590 91245
5591 999307
5592 36623
5593 1148624
5594 30519
5595 1175505
5596 1133487
5597 62186
5598 653168
5599 56300
5600 1202841
5601 1155208
5602 31011
5603 103951
5604 127033
5605 30522
5606 47663
5607 602003
5608 1210212
5609 548882
5610 30519
5611 30523
5612 1235274
5613 1320525
5614 61011
5615 1374283
5616 30510
5617 30522
5618 169720
5619 217443
5620 171121
5621 60964
5622 185325
5623 30486
5624 283163
5625 310152
5626 337606
5627 365406
5628 393531
5629 421916
5630 450565
5631 479540
5632 508732
5633 538023
5634 567576
5635 597419
5636 627407
5637 49308
5638 37852
5639 241018
5640 30518
5641 30517
5642 219135
5643 30521
5644 425408
5645 503170
5646 100789
5647 103521
5648 389614
5649 157108
5650 91524
5651 61022
5652 30511
5653 121993
5654 91508
5655 61016
5656 30513
5657 55103
5658 53227
5659 67866
5660 295937
5661 208882
5662 189319
5663 30522
5664 30522
5665 30520
5666 30491
5667 61003
5668 30522
5669 30515
5670 61018
5671 30517
5672 61029
5673 30523
5674 62185
5675 53154
5676 2587704
5677 1702847
5678 2335635
5679 1675560
5680 897034
5681 752259
5682 2358146
5683 869117
5684 724108
5685 696912
5686 670041
5687 30519
5688 341597
5689 379580
5690 212454
5691 181992
5692 151522
5693 121228
5694 243265
5695 90926
5696 60614
5697 30519
5698 30301
5699 30484
5700 3026355
5701 54909
5702 30518
5703 36620
5704 67110
5705 30513
5706 61018
5707 91520
5708 30516
5709 61022
5710 91521
5711 160145
5712 141963
5713 134908
5714 30508
5715 61022
5716 30515
5717 91525
5718 91529
5719 61029
5720 30520
5721 236305
5722 210936
5723 263281
5724 191504
5725 505368
5726 644630
5727 122025
5728 54927
5729 67131
5730 30517
5731 223877
5732 1195733
5733 199019
5734 179321
5735 160635
5736 142559
5737 563436
5738 131142
5739 494621
5740 61029
5741 477207
5742 30519
5743 126424
5744 355433
5745 387040
5746 415820
5747 274297
5748 61021
5749 243856
5750 30511
5751 213406
5752 182944
5753 152474
5754 121992
5755 91508
5756 61014
5757 30508
5758 30523
5759 30523
5760 61036
5761 633759
5762 551225
5763 533986
5764 553469
5765 61025
5766 30512
5767 93126
5768 121988
5769 91499
5770 61008
5771 30510
5772 30520
5773 30519
5774 30522
5775 124486
5776 98831
5777 78927
5778 122032
5779 48825
5780 42729
5781 30526
5782 30522
5783 30517
5784 30523
5785 121947
5786 48780
5787 42700
5788 30502
5789 252070
5790 162952
5791 229125
5792 268219
5793 278589
5794 30521
5795 299621
5796 30446
5797 60911
5798 91365
5799 121810
5800 152259
5801 182700
5802 212963
5803 243397
5804 668811
5805 395624
5806 365242
5807 334853
5808 304452
5809 274043
5810 243623
5811 213195
5812 182758
5813 152318
5814 121870
5815 91414
5816 60950
5817 30477
5818 30520
5819 189148
5820 180069
5821 30512
5822 61019
5823 91515
5824 1863702
5825 1753734
5826 213420
5827 182959
5828 152488
5829 122007
5830 1785544
5831 1786862
5832 91519
5833 61020
5834 30516
5835 56873
5836 53638
5837 30523
5838 61024
5839 30515
5840 91527
5841 61026
5842 30517
5843 93439
5844 100561
5845 39708
5846 78870
5847 32960
5848 122097
5849 112265
5850 151338
5851 71426
5852 203142
5853 103769
5854 86041
5855 189709
5856 217944
5857 30522
5858 145236
5859 189003
5860 481390
5861 147877
5862 61034
5863 30521
5864 30505
5865 61003
5866 30435
5867 212934
5868 152080
5869 91269
5870 36536
5871 42555
5872 30433
5873 80772
5874 117362
5875 30519
5876 30525
5877 50254
5878 41283
5879 91383
5880 60931
5881 30468
5882 30522
5883 453122
5884 108925
5885 30521
5886 523396
5887 871194
5888 878782
5889 346914
5890 30514
5891 300671
5892 30521
5893 592743
5894 30518
5895 30521
5896 1074179
5897 2587538
5898 30522
5899 801831
5900 30521
5901 121963
5902 91483
5903 60997
5904 30501
5905 91532
5906 61028
5907 30516
5908 30521
5909 260662
5910 277327
5911 297721
5912 321073
5913 30520
5914 30523
5915 61035
5916 30513
5917 91506
5918 30530
5919 182935
5920 30524
5921 60999
5922 30512
5923 699545
5924 407813
5925 231480
5926 316622
5927 61040
5928 170703
5929 30514
5930 255898
5931 30602
5932 30608
5933 109802
5934 121980
5935 103673
5936 30508
5937 73262
5938 79433
5939 48941
5940 36800
5941 30508
5942 30511
5943 61004
5944 30507
5945 30519
5946 1027947
5947 1548514
5948 1558290
5949 193406
5950 220498
5951 248634
5952 277279
5953 1074609
5954 1732703
5955 1048369
5956 1006097
5957 527582
5958 1023154
5959 1003634
5960 646661
5961 598127
5962 594296
5963 121995
5964 620452
5965 91503
5966 30521
5967 61001
5968 68550
5969 420493
5970 30505
5971 600412
5972 39268
5973 61031
5974 30519
5975 692300
5976 182449
5977 34328
5978 138952
5979 343462
5980 56105
5981 114495
5982 30520
5983 120252
5984 881742
5985 400457
5986 30520
5987 61032
5988 30521
5989 30520
5990 1395001
5991 30523
5992 30515
5993 2875918
5994 2868875
5995 1921803
5996 944546
5997 300341
5998 270746
5999 920020
6000 242853
6001 896814
6002 1597328
6003 30522
6004 185663
6005 161045
6006 143693
6007 1077061
6008 30518
6009 102231
6010 103313
6011 136461
6012 30520
6013 169830
6014 1043631
6015 30513
6016 659304
6017 30520
6018 617667
6019 591413
6020 685879
6021 498003
6022 30520
6023 589692
6024 728218
6025 30522
6026 386153
6027 30519
6028 360277
6029 629040
6030 311147
6031 57052
6032 513524
6033 477237
6034 49419
6035 461042
6036 361695
6037 30470
6038 134723
6039 91515
6040 64601
6041 418740
6042 350365
6043 30509
6044 30509
6045 368566
6046 30521
6047 446689
6048 30517
6049 255420
6050 345582
6051 270535
6052 219701
6053 30522
6054 184484
6055 220186
6056 158074
6057 160206
6058 63167
6059 120450
6060 134773
6061 294715
6062 177201
6063 73354
6064 101348
6065 61030
6066 30519
6067 214253
6068 91176
6069 172999
6070 51531
6071 210369
6072 62681
6073 30521
6074 91531
6075 61030
6076 30519
6077 30516
6078 30518
6079 627500
6080 655097
6081 714187
6082 30523
6083 178777
6084 30522
6085 124332
6086 85122
6087 312903
6088 341577
6089 38137
6090 107104
6091 54248
6092 77152
6093 371222
6094 407192
6095 104278
6096 461265
6097 30504
6098 61011
6099 91506
6100 121998
6101 182975
6102 30523
6103 30522
6104 30517
