0 170245
1 180150
2 161942
3 190524
4 201353
5 156616
6 696817
7 154356
8 509376
9 683281
10 497487
11 154836
12 254959
13 230672
14 194348
15 109378
16 48720
17 218553
18 79128
19 66976
20 30514
21 694845
22 61002
23 97332
24 206488
25 18313
26 85440
27 706566
28 145864
29 36738
30 36893
31 42760
32 12210
33 718349
34 36779
35 73131
36 36854
37 156906
38 30513
39 24446
40 48754
41 12505
42 24416
43 73053
44 18311
45 12210
46 12532
47 48681
48 12241
49 48715
50 176709
51 79377
52 60919
53 48816
54 116904
55 36618
56 108093
57 24416
58 102618
59 88637
60 12210
61 89130
62 101346
63 12210
64 95839
65 109715
66 1533094
67 102691
68 98169
69 28812
70 32057
71 37254
72 46882
73 45338
74 1147038
75 56515
76 50410
77 112142
78 24416
79 92227
80 329203
81 55894
82 1287778
83 77487
84 63236
85 513997
86 24416
87 140011
88 91716
89 326001
90 24412
91 384067
92 216390
93 195574
94 123182
95 12210
96 711477
97 36594
98 24411
99 373665
100 12209
101 154947
102 134011
103 36617
104 212892
105 712101
106 24394
107 153115
108 146185
109 134890
110 325550
111 12210
112 48764
113 274667
114 12208
115 36579
116 62539
117 65103
118 2290840
119 2306661
120 2264237
121 2298093
122 59258
123 2305736
124 2259182
125 2313758
126 4360135
127 48489
128 2113808
129 2348831
130 2035513
131 1344085
132 240829
133 540357
134 2125335
135 232337
136 87899
137 41943
138 2257295
139 2054530
140 529820
141 31386
142 353462
143 41449
144 24416
145 61010
146 1341228
147 462409
148 48817
149 39865
150 24414
151 339592
152 12210
153 26071
154 38477
155 12211
156 12210
157 139832
158 571204
159 2095341
160 1340138
161 360684
162 1943494
163 24983
164 232468
165 1481952
166 146414
167 213513
168 68258
169 142209
170 40918
171 1597174
172 325430
173 205582
174 160519
175 24948
176 143870
177 12209
178 546045
179 166971
180 199068
181 141803
182 48817
183 294643
184 2350059
185 227488
186 242187
187 18312
188 18312
189 146962
190 724449
191 123950
192 12211
193 318481
194 1237968
195 12209
196 303225
197 1667679
198 291111
199 95478
200 88058
201 38608
202 43263
203 135570
204 1532873
205 26800
206 1473557
207 258422
208 403039
209 393599
210 86720
211 43819
212 246803
213 89999
214 23936
215 311124
216 48817
217 275637
218 278993
219 105838
220 33281
221 24414
222 25837
223 163680
224 235388
225 12210
226 40955
227 720872
228 136559
229 85563
230 391503
231 12211
232 82521
233 224017
234 214125
235 185507
236 2356605
237 2364614
238 5696600
239 3357364
240 2314462
241 303198
242 3674631
243 2007853
244 187371
245 296713
246 139732
247 199220
248 1824982
249 192903
250 164176
251 15121
252 12206
253 2641042
254 407228
255 191358
256 774428
257 388040
258 1119598
259 356027
260 24394
261 1826467
262 111253
263 863175
264 84184
265 12202
266 12199
267 14382
268 75860
269 2557362
270 4374630
271 60016
272 17477
273 2571195
274 12210
275 51342
276 895202
277 130776
278 356726
279 13097
280 12203
281 2557751
282 33629
283 133799
284 119401
285 208942
286 17444
287 14546
288 204393
289 39006
290 3098595
291 104101
292 2632902
293 137655
294 1011148
295 18669
296 156470
297 115501
298 24402
299 1187396
300 30595
301 1082793
302 54632
303 123303
304 1012150
305 93902
306 2776976
307 30190
308 213098
309 3868484
310 12203
311 38674
312 13139
313 2022400
314 39702
315 131539
316 88769
317 201267
318 36618
319 855602
320 108895
321 24416
322 12210
323 869206
324 115051
325 27671
326 2345445
327 21874
328 2449856
329 300432
330 97483
331 1216936
332 24413
333 36583
334 236808
335 235214
336 27663
337 601786
338 17958
339 2206236
340 24416
341 1083090
342 94126
343 104619
344 12210
345 190442
346 167743
347 866390
348 1096592
349 24393
350 16475
351 1648229
352 331171
353 100001
354 12206
355 1948099
356 1925631
357 1923661
358 3203432
359 714589
360 533440
361 199847
362 2076838
363 951004
364 616678
365 532812
366 2002493
367 544073
368 428343
369 552127
370 1422402
371 25148
372 328606
373 557867
374 28528
375 12206
376 12203
377 104012
378 26105
379 1926246
380 187776
381 479224
382 517664
383 409027
384 504879
385 164698
386 1412616
387 92735
388 468240
389 12210
390 1392120
391 124504
392 394155
393 2008441
394 12210
395 259413
396 654716
397 625717
398 423909
399 116221
400 217177
401 633387
402 211444
403 12210
404 1127891
405 43989
406 123646
407 27095
408 454658
409 122744
410 86734
411 205784
412 221847
413 599878
414 200210
415 232240
416 37864
417 86709
418 421698
419 109644
420 29847
421 601022
422 248951
423 218927
424 97488
425 624461
426 73128
427 206785
428 248952
429 36216
430 12210
431 48817
432 257067
433 12200
434 24414
435 457111
436 12210
437 194639
438 12211
439 31311
440 12210
441 68348
442 60954
443 12200
444 182489
445 36576
446 239647
447 24644
448 2899150
449 1103958
450 12200
451 615395
452 33778
453 12200
454 298732
455 45852
456 25292
457 12208
458 23791
459 302181
460 23551
461 15333
462 35758
463 238441
464 94577
465 126253
466 647732
467 12203
468 97711
469 2260834
470 24384
471 19211
472 36057
473 44253
474 53811
475 29236
476 63990
477 25719
478 75265
479 1649645
480 29628
481 895391
482 822717
483 60038
484 765362
485 55654
486 51818
487 48334
488 951472
489 762574
490 45575
491 1511681
492 988831
493 43847
494 170346
495 44890
496 514754
497 851721
498 48380
499 103643
500 94278
501 487774
502 687472
503 84920
504 73133
505 61520
506 322249
507 193528
508 162757
509 50231
510 57342
511 163093
512 1106862
513 44876
514 72760
515 701524
516 321223
517 46522
518 691223
519 106831
520 551395
521 167767
522 61792
523 309947
524 177197
525 36974
526 61117
527 12210
528 332632
529 28680
530 646011
531 80653
532 298466
533 335376
534 256641
535 1519402
536 826598
537 320308
538 174603
539 669281
540 287595
541 159174
542 20525
543 321209
544 20691
545 48767
546 323827
547 85900
548 24391
549 24392
550 12197
551 12198
552 30535
553 328225
554 120274
555 468382
556 108741
557 12209
558 226766
559 24416
560 277559
561 242683
562 12210
563 272117
564 70875
565 12198
566 659518
567 40785
568 36618
569 36583
570 36612
571 331542
572 230409
573 12198
574 24416
575 756690
576 12198
577 347651
578 30224
579 12210
580 60023
581 520521
582 640770
583 74553
584 29960
585 47841
586 39722
587 12209
588 12205
589 114983
590 2258405
591 1528544
592 3873722
593 8389654
594 3402909
595 3360296
596 2255620
597 3369755
598 24414
599 2247940
600 12209
601 746283
602 2231751
603 24412
604 97576
605 2230447
606 736060
607 2323060
608 73196
609 12208
610 1223592
611 1275948
612 61006
613 12210
614 939949
615 48812
616 1654006
617 36615
618 316114
619 171730
620 1558939
621 2822239
622 24414
623 735720
624 693719
625 409986
626 327133
627 2749939
628 12209
629 979913
630 476564
631 6155376
632 48814
633 24412
634 101844
635 1508443
636 624778
637 348161
638 12209
639 85031
640 1087051
641 24414
642 12209
643 162661
644 472306
645 683134
646 92597
647 12209
648 82502
649 435554
650 1085956
651 84017
652 1929751
653 652406
654 75542
655 155044
656 103453
657 1690082
658 69197
659 36599
660 99665
661 647078
662 1217407
663 1153958
664 24403
665 12203
666 126486
667 1889508
668 418320
669 339282
670 65201
671 46594
672 775431
673 329199
674 593629
675 114233
676 35839
677 560241
678 61253
679 42673
680 87593
681 121982
682 796580
683 73015
684 781379
685 133557
686 363288
687 38614
688 37746
689 24414
690 1116126
691 330148
692 36603
693 102083
694 24406
695 12209
696 60837
697 332609
698 103946
699 12205
700 36618
701 1881836
702 12210
703 635721
704 560304
705 667587
706 248485
707 48656
708 24416
709 12210
710 6155406
711 6532953
712 5615353
713 1296826
714 7237555
715 2234398
716 1150104
717 1143875
718 1613049
719 1116185
720 1390834
721 1472476
722 931595
723 941256
724 1185047
725 556955
726 205233
727 1168962
728 1113279
729 1122114
730 547170
731 5272899
732 78890
733 197936
734 404109
735 1053533
736 1984806
737 992758
738 12200
739 537865
740 676269
741 1052631
742 665982
743 60332
744 1176622
745 656519
746 1056678
747 949830
748 648158
749 1999108
750 640437
751 468396
752 536323
753 70504
754 2055910
755 1258260
756 1324114
757 67769
758 90580
759 732554
760 633154
761 995011
762 466747
763 961640
764 471697
765 286823
766 188650
767 298462
768 133851
769 1236310
770 1032886
771 125580
772 1032807
773 631066
774 165678
775 750281
776 123815
777 538783
778 23274
779 1049335
780 12210
781 382110
782 655060
783 164403
784 798440
785 686230
786 23481
787 158748
788 1378603
789 344726
790 871936
791 18271
792 657015
793 530968
794 155202
795 122391
796 373194
797 301008
798 55280
799 384526
800 146080
801 311183
802 1035111
803 5270801
804 48415
805 36980
806 779800
807 36601
808 349439
809 1655175
810 1249243
811 47982
812 39810
813 161157
814 48813
815 284029
816 24412
817 776114
818 12209
819 349976
820 1261837
821 137839
822 24370
823 12210
824 307316
825 345446
826 24406
827 1102292
828 12210
829 5072866
830 5073625
831 8388183
832 1759741
833 7358896
834 1749300
835 1852352
836 1138604
837 3688673
838 340665
839 1876407
840 1096223
841 1871990
842 332962
843 234752
844 1065546
845 3507274
846 48814
847 1239992
848 36616
849 24414
850 12209
851 53267
852 326824
853 629157
854 948388
855 1239673
856 1039022
857 36620
858 544897
859 36618
860 225709
861 24416
862 322602
863 228075
864 12210
865 73188
866 3233175
867 373737
868 320485
869 1907683
870 24416
871 217999
872 1169855
873 12210
874 34232
875 31638
876 60998
877 1688447
878 12210
879 1464608
880 2950748
881 48804
882 84978
883 34695
884 258857
885 1403677
886 400912
887 45020
888 36608
889 1189177
890 1847938
891 24409
892 12210
893 538419
894 459315
895 1240184
896 12206
897 2942457
898 243212
899 109709
900 72900
901 416652
902 826705
903 124650
904 294543
905 36611
906 2254839
907 48634
908 368706
909 83456
910 113735
911 428230
912 1851355
913 231093
914 1843976
915 1259455
916 102912
917 1041809
918 412075
919 1770468
920 61788
921 1055171
922 92124
923 150730
924 219057
925 1598227
926 80756
927 24409
928 150851
929 30169
930 785424
931 36618
932 97531
933 24416
934 357020
935 155934
936 1272063
937 12210
938 1263601
939 104836
940 1266969
941 866949
942 1259590
943 12210
944 145150
945 24409
946 85367
947 5912992
948 5910794
949 8551619
950 2561562
951 6111583
952 2562802
953 2829286
954 197402
955 189179
956 2512494
957 66399
958 178997
959 1709302
960 2509677
961 176573
962 171422
963 907441
964 914450
965 1681265
966 2507257
967 188332
968 12204
969 57816
970 12210
971 184214
972 175511
973 2581304
974 1879040
975 54949
976 73197
977 5010295
978 740611
979 53041
980 61007
981 124162
982 3658279
983 48813
984 715828
985 1611812
986 177371
987 119649
988 647171
989 36615
990 160484
991 167265
992 152481
993 38667
994 24414
995 529448
996 167987
997 146155
998 253661
999 36617
1000 488630
1001 259257
1002 155389
1003 1281179
1004 480183
1005 66153
1006 1881715
1007 133993
1008 36617
1009 2784104
1010 24414
1011 121847
1012 12210
1013 1889360
1014 51538
1015 60114
1016 54874
1017 12209
1018 548754
1019 12189
1020 2728182
1021 12209
1022 1892494
1023 24416
1024 177628
1025 191752
1026 42693
1027 2323162
1028 22722
1029 54827
1030 30513
1031 42645
1032 24415
1033 765596
1034 12205
1035 30465
1036 1935537
1037 472382
1038 18304
1039 18296
1040 24415
1041 12229
1042 12210
1043 18332
1044 3648820
1045 307299
1046 938908
1047 12210
1048 21845
1049 670690
1050 4428015
1051 733005
1052 382388
1053 12734
1054 2704711
1055 2926158
1056 12209
1057 2813799
1058 2453817
1059 2436686
1060 571501
1061 389936
1062 426354
1063 469997
1064 2474481
1065 2023008
1066 2015234
1067 1280485
1068 1164548
1069 103617
1070 130416
1071 152568
1072 16252
1073 95530
1074 180736
1075 1466270
1076 110640
1077 69501
1078 531611
1079 1853886
1080 111447
1081 127341
1082 33514
1083 23601
1084 34249
1085 1177957
1086 36615
1087 106814
1088 14494
1089 12208
1090 16390
1091 24414
1092 131897
1093 12209
1094 167610
1095 526161
1096 48775
1097 1166657
1098 83699
1099 94032
1100 775496
1101 12201
1102 789778
1103 531251
1104 91259
1105 24389
1106 12185
1107 24413
1108 1155578
1109 101474
1110 12192
1111 129446
1112 88926
1113 213923
1114 93995
1115 672884
1116 1144536
1117 1154450
1118 125374
1119 177285
1120 136774
1121 25761
1122 166866
1123 12209
1124 1034161
1125 431392
1126 838117
1127 24416
1128 175626
1129 290096
1130 183817
1131 36605
1132 467154
1133 132610
1134 125639
1135 24403
1136 12210
1137 12197
1138 21722
1139 125002
1140 12208
1141 128022
1142 55797
1143 153681
1144 237232
1145 69662
1146 12209
1147 247711
1148 635527
1149 216935
1150 263099
1151 36235
1152 501887
1153 215447
1154 57372
1155 487414
1156 462418
1157 173328
1158 265873
1159 210855
1160 40565
1161 12210
1162 206328
1163 44685
1164 138019
1165 125859
1166 348245
1167 12207
1168 206763
1169 32501
1170 777283
1171 113741
1172 223866
1173 109663
1174 513409
1175 339837
1176 29070
1177 103013
1178 12207
1179 97512
1180 318916
1181 90839
1182 136385
1183 29090
1184 36591
1185 85791
1186 53714
1187 48420
1188 57968
1189 31404
1190 51715
1191 122305
1192 13909
1193 80278
1194 24909
1195 74999
1196 95084
1197 592633
1198 43380
1199 34701
1200 907506
1201 56105
1202 74606
1203 480120
1204 437302
1205 908784
1206 53270
1207 17208
1208 74834
1209 526316
1210 81806
1211 12210
1212 896388
1213 917024
1214 92089
1215 62823
1216 971197
1217 189679
1218 485410
1219 56376
1220 4121313
1221 103061
1222 843421
1223 4100251
1224 415821
1225 4293816
1226 4101547
1227 62596
1228 4264957
1229 1194074
1230 324779
1231 50905
1232 612876
1233 4102931
1234 1236124
1235 353180
1236 340588
1237 184843
1238 601671
1239 4245293
1240 650986
1241 186006
1242 168333
1243 161918
1244 12209
1245 410046
1246 131175
1247 4124989
1248 179273
1249 168440
1250 158598
1251 42301
1252 93849
1253 144136
1254 649487
1255 158289
1256 4156337
1257 136401
1258 1094160
1259 60020
1260 29845
1261 655747
1262 365355
1263 3073792
1264 891831
1265 24695
1266 2089967
1267 411104
1268 176479
1269 42285
1270 3470539
1271 123094
1272 2332245
1273 50850
1274 2065627
1275 1487975
1276 277977
1277 189993
1278 407191
1279 814927
1280 25794
1281 170291
1282 30377
1283 45824
1284 401327
1285 3246043
1286 921452
1287 2679224
1288 127165
1289 47352
1290 695349
1291 429800
1292 3030350
1293 2038411
1294 730744
1295 117056
1296 371803
1297 362751
1298 2483418
1299 47845
1300 26145
1301 987849
1302 34982
1303 380037
1304 40660
1305 358258
1306 18371
1307 744023
1308 14420
1309 436061
1310 39402
1311 49414
1312 1408749
1313 425119
1314 43227
1315 435893
1316 36559
1317 925183
1318 414955
1319 743232
1320 405665
1321 34271
1322 434974
1323 744769
1324 917814
1325 397788
1326 442353
1327 39056
1328 811652
1329 98665
1330 906939
1331 32645
1332 31589
1333 81168
1334 392634
1335 33723
1336 892556
1337 12207
1338 25840
1339 869025
1340 36972
1341 390003
1342 22445
1343 863745
1344 84847
1345 27045
1346 387932
1347 33057
1348 797211
1349 587277
1350 24411
1351 560359
1352 12207
1353 308267
1354 264378
1355 75483
1356 861075
1357 59472
1358 179775
1359 386633
1360 22328
1361 47565
1362 860617
1363 36616
1364 248972
1365 12209
1366 287041
1367 24414
1368 335249
1369 861958
1370 193633
1371 181850
1372 878504
1373 12209
1374 177436
1375 64200
1376 12210
1377 66422
1378 24407
1379 404094
1380 387829
1381 268790
1382 230573
1383 59425
1384 231946
1385 391494
1386 68966
1387 871348
1388 591189
1389 43329
1390 12206
1391 47260
1392 257771
1393 1279241
1394 212440
1395 94526
1396 12202
1397 24415
1398 427880
1399 34301
1400 277939
1401 1115481
1402 572077
1403 1310140
1404 420611
1405 588825
1406 24416
1407 235793
1408 672276
1409 155599
1410 637117
1411 12210
1412 140552
1413 12209
1414 148539
1415 1382036
1416 50659
1417 415168
1418 142647
1419 96919
1420 639132
1421 73200
1422 12208
1423 36610
1424 24412
1425 12208
1426 85372
1427 12208
1428 456239
1429 456928
1430 479623
1431 301214
1432 233230
1433 34092
1434 21893
1435 12206
1436 300283
1437 137651
1438 36604
1439 12204
1440 12205
1441 157477
1442 142935
1443 535461
1444 209638
1445 91351
1446 611840
1447 106618
1448 684082
1449 97822
1450 600715
1451 712475
1452 36570
1453 24383
1454 12207
1455 708442
1456 12193
1457 36606
1458 561939
1459 620946
1460 851387
1461 475905
1462 860555
1463 60981
1464 24408
1465 630044
1466 48790
1467 383688
1468 134100
1469 36596
1470 97572
1471 485651
1472 24400
1473 60999
1474 12202
1475 12209
1476 373530
1477 12206
1478 24412
1479 24412
1480 788632
1481 12208
1482 48806
1483 12207
1484 36610
1485 24410
1486 364078
1487 872984
1488 12207
1489 381228
1490 862888
1491 411789
1492 365141
1493 390937
1494 24416
1495 12210
1496 1023003
1497 397385
1498 371130
1499 390931
1500 576939
1501 71735
1502 48800
1503 287243
1504 70051
1505 12210
1506 398593
1507 255735
1508 36604
1509 387410
1510 213681
1511 280948
1512 24415
1513 264824
1514 388162
1515 24403
1516 389290
1517 134066
1518 71864
1519 12209
1520 391715
1521 387707
1522 436385
1523 121908
1524 78139
1525 285134
1526 109775
1527 67052
1528 12208
1529 24411
1530 62520
1531 12207
1532 12200
1533 99721
1534 397879
1535 45961
1536 296754
1537 19862
1538 12207
1539 121751
1540 36551
1541 24371
1542 48727
1543 12186
1544 133868
1545 24373
1546 146033
1547 12187
1548 12188
1549 182858
1550 24945
1551 24369
1552 12841
1553 12592
1554 12186
1555 24418
1556 36526
1557 3014740
1558 2777785
1559 2436070
1560 1107043
1561 1329438
1562 2505542
1563 127716
1564 1105679
1565 2560391
1566 75415
1567 1109238
1568 119393
1569 2778413
1570 1500242
1571 1379570
1572 2512927
1573 2467964
1574 12208
1575 113462
1576 42043
1577 1166194
1578 2470128
1579 218858
1580 2828336
1581 2808941
1582 1447269
1583 31987
1584 2810413
1585 109919
1586 67133
1587 73504
1588 1172845
1589 261316
1590 126072
1591 82122
1592 2319872
1593 45795
1594 27847
1595 49338
1596 65108
1597 499562
1598 2318654
1599 23107
1600 74739
1601 1851320
1602 54190
1603 15563
1604 83031
1605 22953
1606 490057
1607 67041
1608 2324723
1609 41745
1610 1297757
1611 72519
1612 164499
1613 495483
1614 264138
1615 18499
1616 78500
1617 46534
1618 65878
1619 45974
1620 2423378
1621 825325
1622 43845
1623 2427927
1624 42008
1625 71310
1626 957635
1627 337387
1628 101022
1629 189090
1630 348344
1631 1808445
1632 51704
1633 49203
1634 118068
1635 422103
1636 660569
1637 560725
1638 61785
1639 324970
1640 41743
1641 129498
1642 1293699
1643 73624
1644 569221
1645 133305
1646 335433
1647 330558
1648 1504548
1649 125377
1650 28759
1651 2581763
1652 109234
1653 38741
1654 2553276
1655 842421
1656 331642
1657 1717926
1658 20623
1659 800134
1660 362414
1661 289612
1662 19098
1663 31469
1664 870574
1665 2630818
1666 885424
1667 35777
1668 411950
1669 585512
1670 1489812
1671 350830
1672 311214
1673 781039
1674 124952
1675 137425
1676 112957
1677 777351
1678 534648
1679 89603
1680 50895
1681 513190
1682 521758
1683 722627
1684 33170
1685 817496
1686 19459
1687 28378
1688 111040
1689 37602
1690 69465
1691 113485
1692 900232
1693 27876
1694 540412
1695 292066
1696 569010
1697 568807
1698 70699
1699 172146
1700 877335
1701 34742
1702 601906
1703 65804
1704 282872
1705 208804
1706 2378234
1707 2796330
1708 12208
1709 1443600
1710 2481783
1711 206278
1712 12202
1713 232144
1714 154284
1715 1415944
1716 122165
1717 2018432
1718 1630546
1719 193482
1720 48787
1721 36593
1722 24395
1723 12194
1724 752191
1725 884412
1726 40570
1727 953249
1728 1534046
1729 955481
1730 266398
1731 284505
1732 688773
1733 689357
1734 1940816
1735 36643
1736 2285002
1737 53189
1738 32440
1739 430558
1740 37201
1741 1800989
1742 372922
1743 586375
1744 1724695
1745 1764783
1746 1651222
1747 82308
1748 350484
1749 146968
1750 37700
1751 46904
1752 33384
1753 35282
1754 653108
1755 1765733
1756 671260
1757 14027
1758 1053988
1759 2305691
1760 36105
1761 1059263
1762 767471
1763 1961340
1764 348363
1765 376985
1766 25097
1767 1033212
1768 773861
1769 280374
1770 664831
1771 1032444
1772 128495
1773 1059711
1774 59902
1775 274617
1776 674117
1777 131982
1778 1057374
1779 646721
1780 81315
1781 1068650
1782 58718
1783 303748
1784 122142
1785 378785
1786 641960
1787 38923
1788 57796
1789 385394
1790 994252
1791 36653
1792 57072
1793 257064
1794 87524
1795 12204
1796 30399
1797 207417
1798 96140
1799 254902
1800 39267
1801 240701
1802 1265648
1803 1981140
1804 420200
1805 1178960
1806 1723103
1807 411066
1808 1160714
1809 2129233
1810 1712083
1811 399865
1812 1511759
1813 1473763
1814 1337957
1815 12209
1816 516868
1817 36598
1818 521478
1819 400130
1820 363988
1821 24402
1822 1985870
1823 1468475
1824 12202
1825 836955
1826 30079
1827 353541
1828 42865
1829 12206
1830 36993
1831 2036847
1832 877553
1833 515543
1834 1411206
1835 1066561
1836 2354993
1837 874348
1838 55977
1839 1002162
1840 1133527
1841 16311
1842 18278
1843 27045
1844 12863
1845 36616
1846 344896
1847 427391
1848 24415
1849 915339
1850 1380127
1851 989387
1852 212899
1853 12209
1854 58359
1855 19664
1856 705708
1857 121174
1858 1020973
1859 12209
1860 36593
1861 201733
1862 24374
1863 42699
1864 415460
1865 703964
1866 24398
1867 1026307
1868 190783
1869 1177412
1870 1060962
1871 30739
1872 401106
1873 51659
1874 27255
1875 1366321
1876 3656701
1877 20387
1878 180326
1879 18827
1880 12189
1881 726653
1882 20210
1883 36615
1884 12210
1885 12200
1886 2445767
1887 80306
1888 24414
1889 982281
1890 22861
1891 931617
1892 24414
1893 71901
1894 182351
1895 1166234
1896 185296
1897 321317
1898 33772
1899 42272
1900 12209
1901 60827
1902 60689
1903 732110
1904 61744
1905 36615
1906 134016
1907 24413
1908 109372
1909 51171
1910 12208
1911 155614
1912 103548
1913 45285
1914 24838
1915 84357
1916 61001
1917 12204
1918 150355
1919 48808
1920 81772
1921 185108
1922 116643
1923 36610
1924 198944
1925 24412
1926 56931
1927 44495
1928 12209
1929 71460
1930 150909
1931 12207
1932 41907
1933 24409
1934 232107
1935 25875
1936 61299
1937 12208
1938 24416
1939 12206
1940 184823
1941 52027
1942 59040
1943 129281
1944 100165
1945 42303
1946 12210
1947 96382
1948 51843
1949 12203
1950 40431
1951 12208
1952 12209
1953 1060353
1954 40061
1955 195584
1956 130127
1957 109320
1958 40118
1959 185584
1960 119199
1961 983614
1962 186952
1963 85364
1964 80676
1965 103353
1966 73179
1967 109548
1968 60990
1969 94543
1970 1145566
1971 89004
1972 86392
1973 1149993
1974 237245
1975 775208
1976 114525
1977 104544
1978 68898
1979 37568
1980 116267
1981 1379417
1982 99823
1983 48797
1984 36154
1985 130996
1986 36603
1987 44877
1988 190239
1989 24405
1990 43691
1991 61014
1992 12204
1993 60301
1994 24413
1995 137157
1996 105818
1997 24415
1998 50110
1999 186988
2000 143295
2001 108121
2002 100467
2003 55633
2004 1375877
2005 18293
2006 36619
2007 85393
2008 383458
2009 1352079
2010 12209
2011 195555
2012 89330
2013 12209
2014 144399
2015 73160
2016 383812
2017 12217
2018 396755
2019 24413
2020 12210
2021 12210
2022 70910
2023 48807
2024 12210
2025 875146
2026 48801
2027 401983
2028 133993
2029 447487
2030 158661
2031 266989
2032 46375
2033 1482924
2034 1173318
2035 308084
2036 202990
2037 1171458
2038 37610
2039 3547971
2040 73050
2041 412627
2042 162338
2043 86096
2044 176072
2045 237220
2046 90683
2047 2400657
2048 148290
2049 409623
2050 37039
2051 1330379
2052 187010
2053 71791
2054 184649
2055 3439216
2056 66490
2057 2248120
2058 57752
2059 66376
2060 26348
2061 144189
2062 29527
2063 48386
2064 2274839
2065 426727
2066 378911
2067 68359
2068 398945
2069 2187334
2070 72238
2071 47850
2072 2208962
2073 3026602
2074 64019
2075 432720
2076 24706
2077 18028
2078 462677
2079 69795
2080 36648
2081 410660
2082 42639
2083 121575
2084 73714
2085 1233382
2086 24402
2087 56837
2088 22254
2089 29987
2090 140036
2091 81954
2092 342238
2093 68355
2094 448588
2095 100709
2096 1501548
2097 81904
2098 12201
2099 349309
2100 401977
2101 424856
2102 103224
2103 347401
2104 29993
2105 48809
2106 69955
2107 106910
2108 145116
2109 18308
2110 334390
2111 18310
2112 18027
2113 324416
2114 641121
2115 12210
2116 135618
2117 79741
2118 26347
2119 61693
2120 443669
2121 198756
2122 60714
2123 12210
2124 57474
2125 33276
2126 580204
2127 39730
2128 186433
2129 18017
2130 38568
2131 63969
2132 203854
2133 26547
2134 1633338
2135 60005
2136 189567
2137 188452
2138 1588849
2139 1931692
2140 550945
2141 36614
2142 1237344
2143 111807
2144 181328
2145 1228530
2146 458613
2147 759061
2148 486320
2149 970514
2150 476502
2151 69078
2152 529566
2153 63739
2154 356227
2155 680639
2156 71600
2157 1062977
2158 240717
2159 387512
2160 675830
2161 87242
2162 331678
2163 990801
2164 26324
2165 83801
2166 1799503
2167 107884
2168 14148
2169 12206
2170 48809
2171 36574
2172 12208
2173 252488
2174 24387
2175 18302
2176 18315
2177 12208
2178 748926
2179 109785
2180 549445
2181 389823
2182 249501
2183 12195
2184 13202
2185 203434
2186 737752
2187 538323
2188 24412
2189 103361
2190 381746
2191 68226
2192 53151
2193 269779
2194 12209
2195 528375
2196 1872281
2197 755249
2198 206384
2199 212126
2200 214515
2201 519591
2202 36610
2203 232972
2204 2000434
2205 12206
2206 12208
2207 66293
2208 84307
2209 218317
2210 12206
2211 302019
2212 12205
2213 35692
2214 12205
2215 79978
2216 707334
2217 12207
2218 308846
2219 110566
2220 12209
2221 891379
2222 318945
2223 539835
2224 65792
2225 329080
2226 71272
2227 130877
2228 12203
2229 1924388
2230 12210
2231 479884
2232 339360
2233 123975
2234 284871
2235 59895
2236 12210
2237 225805
2238 62783
2239 154411
2240 484495
2241 12205
2242 210439
2243 349865
2244 316565
2245 12207
2246 59015
2247 12208
2248 12205
2249 229032
2250 151016
2251 304699
2252 299910
2253 60664
2254 95229
2255 48813
2256 360490
2257 12203
2258 198538
2259 382602
2260 82805
2261 12206
2262 24410
2263 293190
2264 12210
2265 241651
2266 22378
2267 20598
2268 16420
2269 22368
2270 192140
2271 233905
2272 250257
2273 15692
2274 205304
2275 41045
2276 180025
2277 31808
2278 54424
2279 167908
2280 499732
2281 109720
2282 155795
2283 64416
2284 241447
2285 84902
2286 43545
2287 97545
2288 72986
2289 32328
2290 572033
2291 36080
2292 64571
2293 59929
2294 583529
2295 85365
2296 134878
2297 50428
2298 36618
2299 83073
2300 90138
2301 73182
2302 143412
2303 155161
2304 24415
2305 166922
2306 595265
2307 191012
2308 60995
2309 143709
2310 12210
2311 607039
2312 183262
2313 94122
2314 618830
2315 159778
2316 131648
2317 193152
2318 95479
2319 119585
2320 107761
2321 109572
2322 204007
2323 48804
2324 228368
2325 239229
2326 50622
2327 38486
2328 250991
2329 36609
2330 97398
2331 26375
2332 630662
2333 146662
2334 263387
2335 104757
2336 262759
2337 85377
2338 153983
2339 85235
2340 642552
2341 18963
2342 943248
2343 48787
2344 816416
2345 24394
2346 48804
2347 439912
2348 274238
2349 823994
2350 12202
2351 386597
2352 12203
2353 832447
2354 18017
2355 60961
2356 274584
2357 73191
2358 279107
2359 841839
2360 36608
2361 857762
2362 73067
2363 17916
2364 48775
2365 286005
2366 110693
2367 108836
2368 36585
2369 309447
2370 61002
2371 12199
2372 24408
2373 12198
2374 23700
2375 22997
2376 107306
2377 136182
2378 862176
2379 336491
2380 12206
2381 60896
2382 48721
2383 133211
2384 160991
2385 96731
2386 12209
2387 12209
2388 24400
2389 66282
2390 78273
2391 73205
2392 29115
2393 106089
2394 41236
2395 155521
2396 24421
2397 49614
2398 12207
2399 24433
2400 59188
2401 24403
2402 48820
2403 191813
2404 332420
2405 36616
2406 103221
2407 24415
2408 12208
2409 22842
2410 63475
2411 12210
2412 24426
2413 203848
2414 77882
2415 223387
2416 238052
2417 12205
2418 55392
2419 247556
2420 65756
2421 239623
2422 249960
2423 261989
2424 12210
2425 4832975
2426 4802630
2427 274017
2428 114834
2429 5041035
2430 5043278
2431 106245
2432 5013582
2433 102281
2434 5101184
2435 4868855
2436 4992521
2437 55337
2438 36285
2439 3122798
2440 50319
2441 279113
2442 175698
2443 3124888
2444 198090
2445 4853524
2446 4508082
2447 273868
2448 3050988
2449 32187
2450 3053863
2451 365428
2452 46228
2453 4408988
2454 269428
2455 84328
2456 131461
2457 4260437
2458 359015
2459 164912
2460 195541
2461 266201
2462 2301408
2463 767154
2464 34765
2465 120418
2466 263909
2467 174534
2468 390968
2469 165417
2470 46174
2471 928259
2472 168947
2473 2575680
2474 176069
2475 2394316
2476 151364
2477 154510
2478 689717
2479 1179112
2480 1727378
2481 175867
2482 175646
2483 709521
2484 439168
2485 144053
2486 1729673
2487 360045
2488 134262
2489 249799
2490 48811
2491 39073
2492 124914
2493 247850
2494 92294
2495 1345281
2496 895168
2497 303244
2498 1559738
2499 121320
2500 405784
2501 455202
2502 156134
2503 395937
2504 145808
2505 36610
2506 24411
2507 438083
2508 12208
2509 33581
2510 60728
2511 111073
2512 85368
2513 49230
2514 390496
2515 807349
2516 34989
2517 25210
2518 385637
2519 26939
2520 12206
2521 385585
2522 73187
2523 38807
2524 817693
2525 36603
2526 373382
2527 24405
2528 24409
2529 12213
2530 12210
2531 12207
2532 344839
2533 358850
2534 751918
2535 694559
2536 454827
2537 688007
2538 683678
2539 862605
2540 864988
2541 559079
2542 484570
2543 474432
2544 561603
2545 484669
2546 565521
2547 483650
2548 987033
2549 569717
2550 961588
2551 327137
2552 156301
2553 581618
2554 566214
2555 146785
2556 554739
2557 212280
2558 315036
2559 413914
2560 46256
2561 89805
2562 38855
2563 157469
2564 302931
2565 139645
2566 120591
2567 402754
2568 126797
2569 205651
2570 24412
2571 543514
2572 51220
2573 290824
2574 535459
2575 36609
2576 137343
2577 13784
2578 1174875
2579 237667
2580 144760
2581 23736
2582 12207
2583 732360
2584 278712
2585 24409
2586 165607
2587 1095632
2588 744417
2589 168773
2590 248104
2591 266596
2592 24407
2593 12206
2594 12205
2595 771440
2596 449267
2597 254476
2598 1104479
2599 36607
2600 24400
2601 24408
2602 180660
2603 12206
2604 1172705
2605 779611
2606 242353
2607 821917
2608 1195352
2609 186048
2610 291738
2611 1113099
2612 230228
2613 196853
2614 12201
2615 885469
2616 1043846
2617 218098
2618 292450
2619 351116
2620 341806
2621 334463
2622 331038
2623 12195
2624 36575
2625 12195
2626 48760
2627 73132
2628 97487
2629 12200
2630 12201
2631 194530
2632 141993
2633 130613
2634 24399
2635 12200
2636 36236
2637 12207
2638 17511
2639 30083
2640 12208
2641 85287
2642 73185
2643 18384
2644 48779
2645 18351
2646 24392
2647 12201
2648 24411
2649 12199
2650 12209
2651 36617
2652 12209
2653 54866
2654 42683
2655 30501
2656 18317
2657 12233
2658 18333
2659 30518
2660 42703
2661 48810
2662 12208
2663 24412
2664 12208
2665 12210
2666 12122
2667 24242
2668 48475
2669 12125
2670 72694
2671 12125
2672 84789
2673 96888
2674 108986
2675 121080
2676 133170
2677 145260
2678 157407
2679 169549
2680 181690
2681 193829
2682 205965
2683 12208
2684 12210
2685 210102
2686 245387
2687 73177
2688 60988
2689 208650
2690 48798
2691 36605
2692 12206
2693 12206
2694 209301
2695 75660
2696 85671
2697 49635
2698 17741
2699 13192
2700 12204
2701 24407
2702 466399
2703 440855
2704 438093
2705 12203
2706 717853
2707 727046
2708 708717
2709 699687
2710 695526
2711 696498
2712 846093
2713 527761
2714 518591
2715 473735
2716 736631
2717 517166
2718 493587
2719 12208
2720 43934
2721 510031
2722 34786
2723 23789
2724 746733
2725 22317
2726 60999
2727 532241
2728 25995
2729 757062
2730 657684
2731 48806
2732 36610
2733 24410
2734 12207
2735 767517
2736 847565
2737 343918
2738 323412
2739 776314
2740 333503
2741 109741
2742 240822
2743 776657
2744 97564
2745 207844
2746 85383
2747 268137
2748 65736
2749 836609
2750 323167
2751 95767
2752 313410
2753 71187
2754 12209
2755 73197
2756 224612
2757 304285
2758 70876
2759 12207
2760 65354
2761 236808
2762 844109
2763 187309
2764 61008
2765 510699
2766 12207
2767 232188
2768 840648
2769 12208
2770 308275
2771 209873
2772 169909
2773 12207
2774 221963
2775 1112876
2776 12208
2777 59877
2778 207835
2779 183965
2780 48814
2781 202558
2782 48814
2783 36617
2784 12209
2785 24414
2786 12209
2787 164677
2788 12210
2789 12209
2790 12208
2791 12208
2792 37040
2793 60988
2794 304236
2795 202232
2796 448549
2797 150151
2798 198698
2799 12209
2800 36617
2801 12208
2802 53738
2803 12210
2804 12209
2805 12209
2806 188110
2807 480068
2808 216847
2809 12209
2810 83053
2811 196259
2812 1114629
2813 41571
2814 36601
2815 466066
2816 140655
2817 133821
2818 227568
2819 24405
2820 12209
2821 12204
2822 24413
2823 12204
2824 97442
2825 12193
2826 170415
2827 73096
2828 60923
2829 48746
2830 36565
2831 24380
2832 12192
2833 60923
2834 48746
2835 36565
2836 24379
2837 12192
2838 860626
2839 896901
2840 898728
2841 39560
2842 27400
2843 908251
2844 15257
2845 431246
2846 13737
2847 24413
2848 917962
2849 12208
2850 449992
2851 23480
2852 449989
2853 54107
2854 42103
2855 58294
2856 30418
2857 420019
2858 76735
2859 12209
2860 462139
2861 24481
2862 147538
2863 158161
2864 157661
2865 27883
2866 36602
2867 24405
2868 12205
2869 119501
2870 118483
2871 110346
2872 48809
2873 12209
2874 24410
2875 12209
2876 12210
2877 440536
2878 116751
2879 12210
2880 12210
2881 96897
2882 253347
2883 12209
2884 116699
2885 36613
2886 45212
2887 12208
2888 12209
2889 48808
2890 24409
2891 12208
2892 12209
2893 36038
2894 298087
2895 12209
2896 12210
2897 12142
2898 24281
2899 72811
2900 84919
2901 36418
2902 97100
2903 24283
2904 109276
2905 12143
2906 182339
2907 194398
2908 61000
2909 48808
2910 36611
2911 24411
2912 12207
2913 48781
2914 24374
2915 12221
2916 12202
2917 109719
2918 123571
2919 48798
2920 24405
2921 12204
2922 12204
2923 12188
2924 12209
2925 262644
2926 431226
2927 264450
2928 46972
2929 188488
2930 369342
2931 1614349
2932 1618374
2933 370585
2934 179464
2935 125755
2936 1530387
2937 172282
2938 480158
2939 1377944
2940 126382
2941 1533980
2942 61011
2943 1457595
2944 62960
2945 302923
2946 328198
2947 67813
2948 125895
2949 1408585
2950 121730
2951 146082
2952 1538575
2953 404673
2954 217934
2955 19783
2956 12209
2957 114558
2958 1544692
2959 36612
2960 133925
2961 17482
2962 1551914
2963 24412
2964 248253
2965 1543617
2966 419446
2967 121783
2968 12208
2969 103682
2970 417168
2971 396763
2972 24415
2973 405387
2974 319546
2975 98030
2976 415376
2977 12195
2978 305005
2979 159118
2980 12209
2981 760892
2982 115837
2983 168545
2984 266460
2985 296882
2986 618786
2987 24415
2988 270987
2989 1091180
2990 257336
2991 97445
2992 12209
2993 61175
2994 85293
2995 156648
2996 33863
2997 12207
2998 58801
2999 51942
3000 26205
3001 1101874
3002 24384
3003 48753
3004 12194
3005 128072
3006 41191
3007 46345
3008 12194
3009 24384
3010 681831
3011 29009
3012 12194
3013 23405
3014 24384
3015 20747
3016 419172
3017 279591
3018 12193
3019 20100
3020 51708
3021 201778
3022 25310
3023 51702
3024 23768
3025 36108
3026 1071729
3027 31996
3028 34804
3029 406713
3030 49198
3031 30698
3032 73973
3033 26620
3034 282451
3035 432978
3036 54087
3037 1064193
3038 237999
3039 235257
3040 85045
3041 58166
3042 47956
3043 12207
3044 76737
3045 73414
3046 73413
3047 65365
3048 12208
3049 78177
3050 24412
3051 12206
3052 241379
3053 197667
3054 24370
3055 12187
3056 12206
3057 12210
3058 80429
3059 56115
3060 12209
3061 34193
3062 12209
3063 26909
3064 12208
3065 12209
3066 12207
3067 12209
3068 81984
3069 281616
3070 70413
3071 78287
3072 405853
3073 74722
3074 12208
3075 317764
3076 181532
3077 176349
3078 111282
3079 458894
3080 105148
3081 174373
3082 62191
3083 86971
3084 84445
3085 400696
3086 24413
3087 180675
3088 409989
3089 191202
3090 236592
3091 121858
3092 88527
3093 234305
3094 65157
3095 373867
3096 194558
3097 54555
3098 24415
3099 12208
3100 126109
3101 86821
3102 112770
3103 12204
3104 129009
3105 375175
3106 232866
3107 12210
3108 35764
3109 232390
3110 109716
3111 794808
3112 12210
3113 232809
3114 204394
3115 711788
3116 1981634
3117 27234
3118 18748
3119 36597
3120 2156961
3121 22322
3122 1953516
3123 1246204
3124 60975
3125 30289
3126 2274456
3127 24414
3128 24401
3129 716549
3130 2814901
3131 1235474
3132 24929
3133 2174333
3134 1276855
3135 1212641
3136 12202
3137 1202102
3138 1360480
3139 1181278
3140 48787
3141 12209
3142 12198
3143 36595
3144 12205
3145 1174263
3146 2205430
3147 213216
3148 1188575
3149 213791
3150 1410543
3151 93046
3152 227976
3153 24400
3154 33418
3155 116168
3156 1117180
3157 361124
3158 27957
3159 2209621
3160 165210
3161 398124
3162 204469
3163 1111825
3164 99301
3165 184894
3166 48804
3167 12208
3168 1075891
3169 18310
3170 36603
3171 18304
3172 324288
3173 175755
3174 12206
3175 109657
3176 252002
3177 155934
3178 24401
3179 89020
3180 174842
3181 1204169
3182 169984
3183 12201
3184 177548
3185 12206
3186 206931
3187 186176
3188 12206
3189 12206
3190 36611
3191 12207
3192 1064653
3193 994809
3194 1060027
3195 48803
3196 36607
3197 12207
3198 991471
3199 24408
3200 12206
3201 1011050
3202 969765
3203 966741
3204 963844
3205 60962
3206 48771
3207 36580
3208 961534
3209 24391
3210 12197
3211 960040
3212 959012
3213 1140717
3214 753303
3215 569710
3216 557733
3217 753538
3218 545761
3219 754154
3220 534932
3221 146217
3222 134053
3223 755150
3224 377887
3225 121886
3226 365896
3227 756459
3228 109726
3229 353925
3230 914329
3231 341957
3232 934777
3233 937003
3234 330004
3235 150892
3236 67052
3237 854944
3238 318062
3239 30513
3240 54867
3241 856344
3242 306128
3243 219002
3244 42683
3245 294207
3246 138778
3247 282305
3248 270423
3249 258546
3250 246676
3251 30496
3252 234824
3253 222993
3254 211210
3255 204687
3256 157578
3257 207047
3258 203550
3259 24406
3260 202652
3261 195125
3262 126696
3263 24412
3264 114645
3265 202490
3266 24416
3267 203072
3268 183227
3269 204174
3270 205761
3271 171345
3272 154123
3273 102649
3274 151517
3275 159494
3276 147674
3277 207611
3278 209732
3279 244708
3280 135860
3281 211997
3282 124054
3283 231283
3284 112258
3285 100468
3286 160506
3287 90692
3288 141784
3289 129764
3290 159693
3291 158920
3292 78754
3293 158189
3294 157595
3295 118770
3296 108875
3297 157096
3298 156698
3299 156469
3300 156436
3301 156530
3302 66866
3303 55030
3304 43229
3305 31456
3306 99291
3307 12208
3308 411301
3309 389328
3310 137483
3311 155916
3312 156493
3313 12210
3314 36440
3315 24295
3316 12146
3317 72872
3318 24303
3319 12154
3320 56109
3321 75902
3322 51602
3323 12207
3324 2228690
3325 12208
3326 12208
3327 36616
3328 12208
3329 12208
3330 18985
3331 197927
3332 207980
3333 188687
3334 182368
3335 12207
3336 179092
3337 29732
3338 12209
3339 13754
3340 20633
3341 1175793
3342 1150994
3343 1142217
3344 1158401
3345 170493
3346 158390
3347 36568
3348 1007753
3349 1008158
3350 12185
3351 109747
3352 12185
3353 48801
3354 48802
3355 12210
3356 24400
3357 12205
3358 36607
3359 24408
3360 12206
3361 984225
3362 1720994
3363 75559
3364 1692922
3365 28218
3366 23663
3367 67577
3368 45566
3369 812699
3370 32233
3371 31320
3372 102326
3373 19989
3374 58284
3375 25071
3376 21784
3377 28727
3378 12210
3379 1688143
3380 20469
3381 32072
3382 40074
3383 180059
3384 31058
3385 88148
3386 40580
3387 989263
3388 1526331
3389 97562
3390 177270
3391 85390
3392 78621
3393 12210
3394 61010
3395 1475682
3396 105813
3397 103781
3398 1207398
3399 36615
3400 72985
3401 12209
3402 36615
3403 12209
3404 19521
3405 12208
3406 12208
3407 12208
3408 24409
3409 50591
3410 305018
3411 257598
3412 12206
3413 1197231
3414 12210
3415 168779
3416 187228
3417 280676
3418 1192868
3419 24414
3420 172273
3421 12209
3422 1707859
3423 24415
3424 921552
3425 930137
3426 12209
3427 843578
3428 747134
3429 346372
3430 209997
3431 559455
3432 742376
3433 462867
3434 670631
3435 128638
3436 36611
3437 136084
3438 783183
3439 724123
3440 24750
3441 647032
3442 189950
3443 16459
3444 24410
3445 12204
3446 433713
3447 22065
3448 743853
3449 2457175
3450 2429369
3451 2422798
3452 709976
3453 36603
3454 668429
3455 60976
3456 625700
3457 48785
3458 36591
3459 24405
3460 24393
3461 12204
3462 471146
3463 12195
3464 168417
3465 182058
3466 85851
3467 110882
3468 78914
3469 98836
3470 72658
3471 75726
3472 462014
3473 87659
3474 61846
3475 392260
3476 52037
3477 86884
3478 48384
3479 381783
3480 85333
3481 116687
3482 95946
3483 75024
3484 60982
3485 999611
3486 48792
3487 831878
3488 73150
3489 36600
3490 24403
3491 60963
3492 12205
3493 48773
3494 197950
3495 838686
3496 12203
3497 852179
3498 374691
3499 496974
3500 380143
3501 36582
3502 505398
3503 533106
3504 24392
3505 514219
3506 12197
3507 349094
3508 341468
3509 336660
3510 337563
3511 244120
3512 117850
3513 61012
3514 108064
3515 221618
3516 32443
3517 102603
3518 37094
3519 247562
3520 111376
3521 635347
3522 422049
3523 34686
3524 109831
3525 418388
3526 23728
3527 254268
3528 592921
3529 871051
3530 1265483
3531 415528
3532 421128
3533 780950
3534 410770
3535 556511
3536 989064
3537 24356
3538 137068
3539 688418
3540 121174
3541 804328
3542 418197
3543 795453
3544 159474
3545 534934
3546 524843
3547 110465
3548 426522
3549 797257
3550 35901
3551 397873
3552 13984
3553 127867
3554 417748
3555 822810
3556 41754
3557 89668
3558 50307
3559 148185
3560 32673
3561 40433
3562 137142
3563 88895
3564 28338
3565 126266
3566 47268
3567 647146
3568 892775
3569 12208
3570 36612
3571 193588
3572 24411
3573 152706
3574 12207
3575 204247
3576 215335
3577 226799
3578 546793
3579 162651
3580 554069
3581 337890
3582 319156
3583 239959
3584 109722
3585 308555
3586 725836
3587 29865
3588 26236
3589 270093
3590 503984
3591 27271
3592 258079
3593 97545
3594 72211
3595 28686
3596 80989
3597 246183
3598 85364
3599 114180
3600 73179
3601 77357
3602 60991
3603 234411
3604 70531
3605 48800
3606 223120
3607 123261
3608 31007
3609 36604
3610 18847
3611 135273
3612 133350
3613 222610
3614 48808
3615 18814
3616 36610
3617 13322
3618 17888
3619 24409
3620 18957
3621 24415
3622 12205
3623 302374
3624 30106
3625 187728
3626 82164
3627 48805
3628 65687
3629 42241
3630 220420
3631 339456
3632 98117
3633 77564
3634 283840
3635 36608
3636 288405
3637 278647
3638 130593
3639 484150
3640 487589
3641 128857
3642 335399
3643 87793
3644 51543
3645 302786
3646 21457
3647 18271
3648 12209
3649 281176
3650 511924
3651 28696
3652 24408
3653 12209
3654 12206
3655 554406
3656 574852
3657 127520
3658 288261
3659 130798
3660 583377
3661 139597
3662 204641
3663 233895
3664 262622
3665 685317
3666 71880
3667 124365
3668 100821
3669 60079
3670 12158
3671 26765
3672 97520
3673 143458
3674 48283
3675 735309
3676 353398
3677 737376
3678 41950
3679 12209
3680 54345
3681 41244
3682 73150
3683 27653
3684 40714
3685 171512
3686 40689
3687 137381
3688 108318
3689 285444
3690 291849
3691 300213
3692 183648
3693 398420
3694 190102
3695 308789
3696 194779
3697 71734
3698 316990
3699 326958
3700 132144
3701 285408
3702 300180
3703 136099
3704 283245
3705 72859
3706 69225
3707 298577
3708 36618
3709 24416
3710 277848
3711 76398
3712 277763
3713 12210
3714 165574
3715 12210
3716 315905
3717 195332
3718 1100564
3719 154315
3720 863846
3721 1088459
3722 82753
3723 92366
3724 95149
3725 158506
3726 94789
3727 98710
3728 16488
3729 177511
3730 158336
3731 107354
3732 112744
3733 181398
3734 114964
3735 325064
3736 23780
3737 12208
3738 1442728
3739 1276500
3740 130311
3741 1433529
3742 140113
3743 54275
3744 89351
3745 19530
3746 1282400
3747 1420447
3748 97092
3749 158136
3750 1280054
3751 51573
3752 1270684
3753 12210
3754 175773
3755 1526008
3756 158729
3757 135975
3758 1564909
3759 147156
3760 58250
3761 24403
3762 12202
3763 111496
3764 339166
3765 100237
3766 184197
3767 203668
3768 48936
3769 94977
3770 1507633
3771 85315
3772 45465
3773 153310
3774 124551
3775 24411
3776 146888
3777 192473
3778 24408
3779 181492
3780 83028
3781 12207
3782 112596
3783 12204
3784 82373
3785 146912
3786 82053
3787 101310
3788 190385
3789 174561
3790 178493
3791 91021
3792 116778
3793 1416632
3794 25802
3795 215031
3796 83872
3797 109122
3798 99516
3799 24408
3800 36612
3801 109708
3802 19708
3803 38125
3804 36597
3805 95986
3806 940486
3807 1300455
3808 934358
3809 219332
3810 208722
3811 265217
3812 246047
3813 202801
3814 39450
3815 1179379
3816 1595324
3817 24414
3818 12196
3819 12208
3820 192579
3821 171226
3822 259056
3823 238299
3824 163052
3825 12208
3826 202385
3827 85998
3828 104538
3829 1025069
3830 17575
3831 85706
3832 35734
3833 464115
3834 176314
3835 209609
3836 139575
3837 40839
3838 144132
3839 12335
3840 33606
3841 128556
3842 96754
3843 163236
3844 50736
3845 293975
3846 12208
3847 216809
3848 282455
3849 267377
3850 74242
3851 134617
3852 105778
3853 115715
3854 68183
3855 85374
3856 73198
3857 142288
3858 45572
3859 12210
3860 226311
3861 31508
3862 48804
3863 85677
3864 12208
3865 337500
3866 12208
3867 77472
3868 48810
3869 93223
3870 30510
3871 12212
3872 18313
3873 36607
3874 87434
3875 33773
3876 48802
3877 87383
3878 24407
3879 1807000
3880 18286
3881 125430
3882 18326
3883 67597
3884 12202
3885 12207
3886 63255
3887 23004
3888 18725
3889 1027706
3890 117027
3891 1504135
3892 94023
3893 20527
3894 1047740
3895 113425
3896 36562
3897 34488
3898 24382
3899 12195
3900 87895
3901 115198
3902 77023
3903 1797254
3904 50275
3905 17089
3906 54022
3907 1322627
3908 388634
3909 15508
3910 857143
3911 314838
3912 22825
3913 38346
3914 1035710
3915 27635
3916 73064
3917 30483
3918 24411
3919 60875
3920 12205
3921 832393
3922 48693
3923 18288
3924 26071
3925 77584
3926 66682
3927 56148
3928 56531
3929 150932
3930 115931
3931 129737
3932 120290
3933 119605
3934 127059
3935 165204
3936 174177
3937 33144
3938 247410
3939 255477
3940 30487
3941 65512
3942 35796
3943 991359
3944 1115838
3945 54005
3946 188301
3947 236929
3948 43676
3949 145137
3950 113843
3951 35267
3952 56805
3953 32098
3954 59735
3955 49583
3956 58567
3957 46647
3958 34879
3959 23321
3960 22756
3961 33119
3962 43649
3963 12181
3964 24362
3965 36541
3966 37675
3967 12207
3968 24410
3969 12204
3970 24405
3971 25860
3972 33257
3973 41589
3974 52112
3975 63938
3976 75846
3977 87826
3978 99869
3979 111971
3980 124076
3981 12207
3982 24411
3983 36612
3984 48808
3985 36616
3986 18312
3987 12209
3988 393272
3989 851782
3990 501232
3991 847081
3992 12208
3993 654667
3994 718558
3995 168857
3996 653971
3997 165139
3998 161822
3999 218822
4000 163664
4001 170793
4002 178566
4003 540218
4004 79729
4005 24135
4006 221796
4007 129010
4008 51072
4009 38434
4010 36616
4011 439188
4012 116961
4013 12209
4014 12209
4015 13651
4016 122798
4017 305975
4018 294233
4019 105615
4020 30176
4021 315028
4022 105137
4023 84739
4024 28147
4025 42356
4026 27296
4027 449766
4028 379368
4029 51030
4030 210900
4031 38855
4032 22175
4033 12205
4034 208648
4035 26771
4036 326120
4037 24530
4038 97409
4039 125244
4040 12206
4041 198297
4042 54920
4043 200771
4044 14726
4045 209434
4046 196693
4047 113337
4048 449379
4049 243205
4050 418574
4051 132182
4052 116343
4053 12207
4054 89366
4055 269748
4056 130395
4057 296685
4058 78765
4059 74891
4060 148207
4061 24410
4062 44047
4063 284801
4064 60983
4065 48809
4066 328038
4067 18961
4068 24403
4069 12207
4070 428830
4071 128668
4072 12200
4073 65141
4074 69623
4075 119536
4076 48793
4077 30130
4078 44226
4079 36600
4080 111512
4081 36611
4082 24403
4083 77320
4084 12203
4085 24410
4086 255386
4087 18433
4088 231084
4089 85440
4090 12204
4091 57625
4092 104098
4093 12835
4094 12209
4095 18877
4096 46259
4097 219007
4098 27345
4099 12210
4100 182530
4101 104067
4102 53441
4103 25929
4104 12208
4105 24395
4106 170467
4107 12199
4108 40502
4109 51144
4110 12210
4111 24416
4112 116622
4113 104419
4114 107906
4115 12209
4116 24414
4117 12210
4118 48198
4119 41174
4120 89956
4121 44136
4122 48795
4123 36600
4124 24402
4125 12202
4126 134091
4127 73185
4128 12206
4129 48801
4130 36608
4131 12206
4132 12206
4133 12191
4134 24381
4135 36572
4136 97488
4137 48769
4138 36582
4139 24392
4140 12198
4141 35655
4142 23453
4143 12186
4144 12210
4145 36571
4146 48755
4147 24384
4148 12194
4149 60937
4150 12209
4151 36600
4152 119264
4153 24404
4154 65356
4155 96985
4156 59435
4157 12210
4158 12210
4159 62974
4160 12202
4161 62440
4162 71700
4163 71976
4164 81030
4165 115332
4166 36607
4167 122374
4168 12206
4169 12205
4170 211051
4171 214431
4172 85323
4173 102220
4174 73146
4175 775579
4176 36583
4177 24389
4178 24397
4179 12212
4180 12208
4181 469219
4182 457291
4183 445377
4184 12207
4185 433486
4186 421618
4187 409761
4188 400489
4189 68304
4190 85344
4191 237610
4192 73160
4193 225748
4194 60972
4195 56182
4196 44085
4197 48786
4198 32131
4199 239014
4200 195531
4201 60966
4202 223673
4203 85331
4204 176619
4205 73150
4206 48780
4207 36596
4208 159542
4209 60967
4210 36590
4211 25157
4212 48781
4213 24396
4214 24381
4215 12199
4216 157507
4217 12191
4218 36592
4219 24398
4220 12201
4221 24400
4222 24439
4223 25180
4224 12202
4225 260224
4226 209749
4227 262396
4228 67940
4229 80746
4230 84822
4231 91656
4232 248564
4233 224585
4234 231512
4235 56950
4236 12208
4237 387920
4238 45619
4239 145801
4240 182488
4241 234892
4242 170336
4243 34744
4244 158252
4245 147340
4246 195545
4247 48760
4248 26916
4249 18280
4250 97427
4251 18299
4252 12196
4253 60919
4254 76153
4255 31311
4256 169839
4257 36555
4258 73861
4259 24365
4260 18291
4261 32251
4262 12210
4263 12188
4264 12172
4265 82674
4266 12189
4267 12210
4268 92912
4269 355601
4270 174642
4271 185018
4272 1964008
4273 356419
4274 365702
4275 1931159
4276 2096961
4277 36609
4278 114084
4279 1911055
4280 36607
4281 2412090
4282 1824166
4283 24408
4284 1899406
4285 685082
4286 119228
4287 12205
4288 714150
4289 118773
4290 24406
4291 12204
4292 2274467
4293 48799
4294 12208
4295 755440
4296 36603
4297 24403
4298 73123
4299 12200
4300 1824700
4301 60939
4302 471588
4303 36570
4304 12196
4305 371005
4306 24383
4307 109686
4308 330286
4309 12193
4310 48805
4311 97509
4312 284321
4313 85328
4314 73144
4315 60955
4316 36608
4317 2244458
4318 48774
4319 12208
4320 48795
4321 24409
4322 36602
4323 24392
4324 12198
4325 24405
4326 12198
4327 474822
4328 12206
4329 12203
4330 24408
4331 12205
4332 537844
4333 24413
4334 12208
4335 735936
4336 12207
4337 12160
4338 18223
4339 187878
4340 190695
4341 1583072
4342 1399342
4343 1396118
4344 14696
4345 24412
4346 12207
4347 12209
4348 36611
4349 24411
4350 48809
4351 12208
4352 12209
4353 12208
4354 12210
4355 12211
4356 48812
4357 24410
4358 165805
4359 154374
4360 143367
4361 134022
4362 126091
4363 507220
4364 124022
4365 78854
4366 83015
4367 57403
4368 396506
4369 409115
4370 25701
4371 419387
4372 12117
4373 27958
4374 47998
4375 14683
4376 429356
4377 460802
4378 12722
4379 24765
4380 24178
4381 34002
4382 12354
4383 22082
4384 504283
4385 39020
4386 26126
4387 40666
4388 45601
4389 33760
4390 106855
4391 32356
4392 24403
4393 536554
4394 107255
4395 85982
4396 196042
4397 36762
4398 210246
4399 40708
4400 12209
4401 57852
4402 48811
4403 12203
4404 133916
4405 61507
4406 716235
4407 15275
4408 108388
4409 730300
4410 224600
4411 187561
4412 194113
4413 12207
4414 61012
4415 201705
4416 52290
4417 36613
4418 18693
4419 128581
4420 178578
4421 12205
4422 24413
4423 24413
4424 12207
4425 24403
4426 304816
4427 24414
4428 13381
4429 132941
4430 35515
4431 12209
4432 12204
4433 138014
4434 24890
4435 12203
4436 12209
4437 12207
4438 12209
4439 304520
4440 110893
4441 24148
4442 12207
4443 1096145
4444 50650
4445 12207
4446 90052
4447 31893
4448 283758
4449 171876
4450 30828
4451 79696
4452 29805
4453 36590
4454 369779
4455 269379
4456 835063
4457 485865
4458 306321
4459 12205
4460 34561
4461 121916
4462 279981
4463 306067
4464 12210
4465 86406
4466 45104
4467 23966
4468 30711
4469 23973
4470 182655
4471 35598
4472 113029
4473 121851
4474 30347
4475 12862
4476 12202
4477 73157
4478 48784
4479 24395
4480 12198
4481 12202
4482 105537
4483 161653
4484 171116
4485 60958
4486 48770
4487 180899
4488 182407
4489 36578
4490 156817
4491 214624
4492 24388
4493 145204
4494 654932
4495 133619
4496 24396
4497 855089
4498 122056
4499 633107
4500 12196
4501 496761
4502 626140
4503 110547
4504 24404
4505 864405
4506 99307
4507 12204
4508 12196
4509 88338
4510 78091
4511 12204
4512 55745
4513 61340
4514 41022
4515 48813
4516 78252
4517 18314
4518 18307
4519 12212
4520 157359
4521 36283
4522 129728
4523 404113
4524 393918
4525 290600
4526 213843
4527 323780
4528 268306
4529 159699
4530 247592
4531 90093
4532 255721
4533 48807
4534 227829
4535 18299
4536 99678
4537 24419
4538 73188
4539 375233
4540 18310
4541 157158
4542 15137
4543 156126
4544 114138
4545 36492
4546 13826
4547 48804
4548 12208
4549 160879
4550 223414
4551 48809
4552 231606
4553 24407
4554 12208
4555 18307
4556 201215
4557 52532
4558 18311
4559 12209
4560 12205
4561 12205
4562 233928
4563 211706
4564 48812
4565 36603
4566 18311
4567 18310
4568 24402
4569 12210
4570 12203
4571 242539
4572 282681
4573 36607
4574 24408
4575 837282
4576 12206
4577 624306
4578 417772
4579 12212
4580 12444
4581 197764
4582 186956
4583 183522
4584 30419
4585 160875
4586 90140
4587 12209
4588 73197
4589 171462
4590 71188
4591 12208
4592 158235
4593 12207
4594 65322
4595 48810
4596 207523
4597 47679
4598 12209
4599 24411
4600 12209
4601 12210
4602 47719
4603 61209
4604 143664
4605 15556
4606 63937
4607 180562
4608 120648
4609 91992
4610 144626
4611 19514
4612 95935
4613 51200
4614 105839
4615 25717
4616 14407
4617 96969
4618 21158
4619 69568
4620 18969
4621 86786
4622 13867
4623 66687
4624 45968
4625 55179
4626 12208
4627 41985
4628 24412
4629 12207
4630 23791
4631 12135
4632 24410
4633 12207
4634 46745
4635 53810
4636 12206
4637 12209
4638 24408
4639 12210
4640 34815
4641 13036
4642 526123
4643 638163
4644 140521
4645 95052
4646 85017
4647 36613
4648 24411
4649 12208
4650 79569
4651 12209
4652 24413
4653 12207
4654 244858
4655 92968
4656 82370
4657 376252
4658 107396
4659 48774
4660 36585
4661 385452
4662 24391
4663 395255
4664 12196
4665 474614
4666 73173
4667 30504
4668 12204
4669 18298
4670 12206
4671 12203
4672 12202
4673 24400
4674 36594
4675 50992
4676 1754489
4677 1699279
4678 1692508
4679 14326
4680 18808
4681 955821
4682 13995
4683 48787
4684 30487
4685 12210
4686 18299
4687 60975
4688 85349
4689 12204
4690 121880
4691 24402
4692 12203
4693 12202
4694 24389
4695 12190
4696 36590
4697 55910
4698 39429
4699 50085
4700 12208
4701 48773
4702 24391
4703 12200
4704 12201
4705 36603
4706 24403
4707 12198
4708 48771
4709 36584
4710 24392
4711 12197
4712 473464
4713 477889
4714 482815
4715 487915
4716 494115
4717 685887
4718 220567
4719 208518
4720 196555
4721 184712
4722 173035
4723 161663
4724 150598
4725 139646
4726 128774
4727 117975
4728 107458
4729 97925
4730 89288
4731 81587
4732 74845
4733 68336
4734 62002
4735 57832
4736 55731
4737 53806
4738 52026
4739 54724
4740 61934
4741 71602
4742 83642
4743 95694
4744 107770
4745 189535
4746 180216
4747 186082
4748 92120
4749 194199
4750 93181
4751 347290
4752 99262
4753 336655
4754 197240
4755 353815
4756 120355
4757 409786
4758 70406
4759 105707
4760 36594
4761 24394
4762 52401
4763 108747
4764 12192
4765 46130
4766 445156
4767 34992
4768 112601
4769 12208
4770 24086
4771 97474
4772 20381
4773 271366
4774 18964
4775 120345
4776 252492
4777 24412
4778 86529
4779 12207
4780 844599
4781 232914
4782 861964
4783 61001
4784 75680
4785 12204
4786 48809
4787 444806
4788 166157
4789 129541
4790 16997
4791 369781
4792 24404
4793 19621
4794 12209
4795 12204
4796 12209
4797 412632
4798 872721
4799 66243
4800 36606
4801 24405
4802 12204
4803 108450
4804 137789
4805 116224
4806 884139
4807 134091
4808 12208
4809 33663
4810 1044098
4811 44015
4812 91758
4813 48763
4814 18606
4815 18276
4816 18297
4817 12348
4818 12194
4819 48410
4820 18143
4821 139876
4822 159291
4823 176742
4824 12209
4825 127359
4826 264130
4827 124390
4828 1156114
4829 66640
4830 12209
4831 12207
4832 12209
4833 54203
4834 42593
4835 31016
4836 18903
4837 12885
4838 19010
4839 31195
4840 120385
4841 30497
4842 18309
4843 12209
4844 18296
4845 30487
4846 33048
4847 48807
4848 12209
4849 24406
4850 12207
4851 12209
4852 733478
4853 12208
4854 48774
4855 18296
4856 18296
4857 12200
4858 60956
4859 1396768
4860 79000
4861 72143
4862 17663
4863 66433
4864 48787
4865 36593
4866 24394
4867 12198
4868 12203
4869 28666
4870 28606
4871 36624
4872 73411
4873 69091
4874 68921
4875 94580
4876 79091
4877 437434
4878 99869
4879 412823
4880 61754
4881 99508
4882 70865
4883 40274
4884 84409
4885 403759
4886 114261
4887 394968
4888 78966
4889 386780
4890 379026
4891 371358
4892 465766
4893 281972
4894 363956
4895 471988
4896 356886
4897 351206
4898 492693
4899 346293
4900 340974
4901 368870
4902 300268
4903 97531
4904 85349
4905 73163
4906 60977
4907 48789
4908 297248
4909 36597
4910 24401
4911 12202
4912 295264
4913 294393
4914 294313
4915 295199
4916 309003
4917 186540
4918 140373
4919 189769
4920 136688
4921 134844
4922 134746
4923 135442
4924 137505
4925 173975
4926 48733
4927 36540
4928 24364
4929 12184
4930 246034
4931 98776
4932 240145
4933 98224
4934 245428
4935 276678
4936 62447
4937 247093
4938 62786
4939 68884
4940 246993
4941 248194
4942 28784
4943 30206
4944 27102
4945 71005
4946 63940
4947 91553
4948 60277
4949 57451
4950 87068
4951 56532
4952 986709
4953 12208
4954 24414
4955 12209
4956 301505
4957 12172
4958 24377
4959 367791
4960 90279
4961 1944259
4962 1938414
4963 2049301
4964 1933666
4965 1980045
4966 58904
4967 52010
4968 48800
4969 49785
4970 24404
4971 12206
4972 12203
4973 85443
4974 53189
4975 110609
4976 992957
4977 2758799
4978 1230997
4979 12210
4980 1265169
4981 437452
4982 1152610
4983 309523
4984 36427
4985 1291891
4986 24228
4987 12023
4988 633693
4989 71992
4990 233554
4991 64732
4992 1142696
4993 662456
4994 300017
4995 253917
4996 24273
4997 390955
4998 12139
4999 86421
5000 1151724
5001 313519
5002 94762
5003 624944
5004 120684
5005 36598
5006 48793
5007 249087
5008 1161068
5009 18298
5010 18309
5011 24401
5012 379784
5013 12206
5014 90657
5015 19681
5016 24412
5017 1213945
5018 250510
5019 290656
5020 486070
5021 12208
5022 303247
5023 12202
5024 12344
5025 76967
5026 475111
5027 368802
5028 29186
5029 317455
5030 48804
5031 358008
5032 18480
5033 18133
5034 17095
5035 1218437
5036 288772
5037 12207
5038 80739
5039 477227
5040 37725
5041 1228745
5042 12204
5043 186096
5044 187174
5045 187760
5046 28422
5047 456115
5048 347423
5049 61588
5050 1239284
5051 411473
5052 175749
5053 96430
5054 85025
5055 37585
5056 163825
5057 188532
5058 48797
5059 61761
5060 95852
5061 69620
5062 1250020
5063 256348
5064 500028
5065 99573
5066 100151
5067 25473
5068 151961
5069 189151
5070 12210
5071 400413
5072 83694
5073 24397
5074 36285
5075 507182
5076 28029
5077 51102
5078 402284
5079 12206
5080 30323
5081 140176
5082 24403
5083 179208
5084 12207
5085 517081
5086 297762
5087 24733
5088 37025
5089 12198
5090 70605
5091 24007
5092 12208
5093 212274
5094 12195
5095 116140
5096 17715
5097 135752
5098 1510656
5099 2064648
5100 2600184
5101 545938
5102 640773
5103 534431
5104 523135
5105 738212
5106 637270
5107 66885
5108 1835836
5109 712492
5110 513651
5111 714687
5112 55667
5113 637973
5114 719765
5115 1843176
5116 951486
5117 24412
5118 483160
5119 39145
5120 1517072
5121 195941
5122 285777
5123 776250
5124 12208
5125 1296355
5126 12209
5127 184455
5128 22229
5129 1035043
5130 501253
5131 1273787
5132 37139
5133 45880
5134 612724
5135 354056
5136 482646
5137 306145
5138 903555
5139 989967
5140 174694
5141 1356232
5142 48776
5143 36040
5144 1218801
5145 73201
5146 169354
5147 12209
5148 51960
5149 24375
5150 1030612
5151 92637
5152 109708
5153 12210
5154 801987
5155 12198
5156 847515
5157 159399
5158 591974
5159 18851
5160 41030
5161 507355
5162 48812
5163 97557
5164 12209
5165 85289
5166 24322
5167 137465
5168 36601
5169 30187
5170 36615
5171 563538
5172 12205
5173 24414
5174 1242128
5175 1125164
5176 686175
5177 26314
5178 12209
5179 75249
5180 48241
5181 354820
5182 24404
5183 124436
5184 38837
5185 12204
5186 1289063
5187 290137
5188 127465
5189 48800
5190 1132580
5191 130973
5192 36605
5193 12208
5194 600208
5195 12210
5196 12204
5197 626656
5198 24406
5199 44149
5200 617895
5201 300680
5202 24414
5203 1768167
5204 138163
5205 326382
5206 133407
5207 12205
5208 12209
5209 177774
5210 127029
5211 1213953
5212 24414
5213 1121941
5214 60967
5215 157401
5216 908958
5217 901041
5218 1153268
5219 777372
5220 119665
5221 293878
5222 63442
5223 290637
5224 60954
5225 48812
5226 68376
5227 48763
5228 18310
5229 227582
5230 18312
5231 808027
5232 12211
5233 182247
5234 48808
5235 170093
5236 157937
5237 36572
5238 12210
5239 24411
5240 189161
5241 12205
5242 51420
5243 220713
5244 18295
5245 12195
5246 158348
5247 145833
5248 84944
5249 216794
5250 140859
5251 265481
5252 219924
5253 214929
5254 48375
5255 142250
5256 48796
5257 36185
5258 261638
5259 82820
5260 18289
5261 24399
5262 615443
5263 142195
5264 12202
5265 14816
5266 12205
5267 12208
5268 18318
5269 17389
5270 12203
5271 24402
5272 24409
5273 148816
5274 12203
5275 137945
5276 12206
5277 147069
5278 103946
5279 59061
5280 96625
5281 23881
5282 421661
5283 206974
5284 12281
5285 47638
5286 159039
5287 157100
5288 96669
5289 182747
5290 12209
5291 104704
5292 174797
5293 118228
5294 36483
5295 125880
5296 73164
5297 13990
5298 12208
5299 15962
5300 97559
5301 37061
5302 135875
5303 25582
5304 180443
5305 48785
5306 12210
5307 191927
5308 151181
5309 24395
5310 389976
5311 12198
5312 12205
5313 121877
5314 112917
5315 48800
5316 153322
5317 150575
5318 36608
5319 18308
5320 13056
5321 18304
5322 379837
5323 23538
5324 12208
5325 12202
5326 12207
5327 12208
5328 122989
5329 372494
5330 155317
5331 12206
5332 55482
5333 188717
5334 49696
5335 44976
5336 45875
5337 58197
5338 53699
5339 68594
5340 99548
5341 99350
5342 79507
5343 87771
5344 52472
5345 34722
5346 52585
5347 98862
5348 93623
5349 59704
5350 110396
5351 160251
5352 88896
5353 80509
5354 52911
5355 95340
5356 101376
5357 41252
5358 93161
5359 53415
5360 106777
5361 153418
5362 163248
5363 46371
5364 60968
5365 45254
5366 118523
5367 21521
5368 115540
5369 84327
5370 51168
5371 48761
5372 130301
5373 92343
5374 58371
5375 59273
5376 123838
5377 36566
5378 48781
5379 73560
5380 70429
5381 435522
5382 133556
5383 45038
5384 185451
5385 92405
5386 48747
5387 296876
5388 186725
5389 196368
5390 69762
5391 61630
5392 24382
5393 82041
5394 12702
5395 62940
5396 35577
5397 136946
5398 31568
5399 74619
5400 270388
5401 22259
5402 78157
5403 36591
5404 125448
5405 85328
5406 73699
5407 168132
5408 39344
5409 49483
5410 90704
5411 27821
5412 138191
5413 293104
5414 198237
5415 259997
5416 60966
5417 233106
5418 240676
5419 81734
5420 51531
5421 60544
5422 93126
5423 52620
5424 265013
5425 39538
5426 73147
5427 48780
5428 50245
5429 24411
5430 84401
5431 328183
5432 81908
5433 228494
5434 91304
5435 12207
5436 355697
5437 75668
5438 60964
5439 24396
5440 12208
5441 36590
5442 24407
5443 104595
5444 184508
5445 337226
5446 276235
5447 12199
5448 53901
5449 138599
5450 85335
5451 24407
5452 50333
5453 44594
5454 24757
5455 22811
5456 26150
5457 624647
5458 12204
5459 412365
5460 513940
5461 12199
5462 307568
5463 881832
5464 871677
5465 861901
5466 145527
5467 142526
5468 116251
5469 23772
5470 52296
5471 179091
5472 61434
5473 167629
5474 18005
5475 60057
5476 49441
5477 22434
5478 211820
5479 121277
5480 25724
5481 41044
5482 198349
5483 60960
5484 12203
5485 208984
5486 48771
5487 24387
5488 12201
5489 12190
5490 19699
5491 22120
5492 294315
5493 26832
5494 93555
5495 35287
5496 288298
5497 85797
5498 299889
5499 93929
5500 60974
5501 50697
5502 48783
5503 62753
5504 30497
5505 74822
5506 12202
5507 18304
5508 876158
5509 855184
5510 865166
5511 580190
5512 285181
5513 36607
5514 874534
5515 306018
5516 12209
5517 24407
5518 30913
5519 972779
5520 298642
5521 584416
5522 19866
5523 109631
5524 12204
5525 304616
5526 36610
5527 312966
5528 60874
5529 20098
5530 48681
5531 36513
5532 15273
5533 12174
5534 12174
5535 24411
5536 12207
5537 12209
5538 53515
5539 35766
5540 12207
5541 62573
5542 74568
5543 86570
5544 20248
5545 12209
5546 12208
5547 61007
5548 39762
5549 56464
5550 60456
5551 103317
5552 133714
5553 70519
5554 24396
5555 12198
5556 12204
5557 12202
5558 12208
5559 146179
5560 155890
5561 166690
5562 189403
5563 200030
5564 211273
5565 12205
5566 12205
5567 12208
5568 24410
5569 36611
5570 548325
5571 685861
5572 23277
5573 137739
5574 127814
5575 730283
5576 135833
5577 87934
5578 12258
5579 48800
5580 109027
5581 12208
5582 56923
5583 24403
5584 12208
5585 734180
5586 46836
5587 95589
5588 48515
5589 743883
5590 36317
5591 201001
5592 12205
5593 753970
5594 12204
5595 764405
5596 254428
5597 21964
5598 120266
5599 28681
5600 774861
5601 261546
5602 12484
5603 49981
5604 57290
5605 12207
5606 17619
5607 99733
5608 282361
5609 78379
5610 12204
5611 12208
5612 291552
5613 325366
5614 24387
5615 346448
5616 12195
5617 12207
5618 78127
5619 90592
5620 78309
5621 24407
5622 78863
5623 12205
5624 150752
5625 161971
5626 173340
5627 184742
5628 196215
5629 207777
5630 219428
5631 231157
5632 242953
5633 254828
5634 266765
5635 278715
5636 290678
5637 16963
5638 19493
5639 73115
5640 12207
5641 12202
5642 129122
5643 12207
5644 99667
5645 144577
5646 42639
5647 41607
5648 78575
5649 60139
5650 36598
5651 24399
5652 12196
5653 48776
5654 36587
5655 24397
5656 12201
5657 17314
5658 16802
5659 24941
5660 81498
5661 49638
5662 44117
5663 12207
5664 12206
5665 12205
5666 12209
5667 24414
5668 12207
5669 12201
5670 24396
5671 12203
5672 24406
5673 12209
5674 39060
5675 31852
5676 1108379
5677 480962
5678 1036666
5679 469481
5680 150285
5681 308142
5682 1045141
5683 138742
5684 296605
5685 285219
5686 273911
5687 12204
5688 134422
5689 148985
5690 84372
5691 72189
5692 60004
5693 48001
5694 100491
5695 35996
5696 23988
5697 12204
5698 11985
5699 12185
5700 1260899
5701 24391
5702 12200
5703 12202
5704 24391
5705 12203
5706 24404
5707 36602
5708 12201
5709 24398
5710 36594
5711 128469
5712 117977
5713 108730
5714 12194
5715 24398
5716 12200
5717 36597
5718 36602
5719 24405
5720 12205
5721 132645
5722 121847
5723 143752
5724 111467
5725 199421
5726 256847
5727 48803
5728 12207
5729 24408
5730 12204
5731 47081
5732 495279
5733 40129
5734 37972
5735 36722
5736 35798
5737 251953
5738 35355
5739 236269
5740 24409
5741 235551
5742 12206
5743 41227
5744 162024
5745 197359
5746 209142
5747 109687
5748 24408
5749 97513
5750 12205
5751 85336
5752 73153
5753 60968
5754 48777
5755 36588
5756 24395
5757 12196
5758 12208
5759 12206
5760 24408
5761 181579
5762 150995
5763 149337
5764 151343
5765 24401
5766 12197
5767 36600
5768 48764
5769 36572
5770 24384
5771 12195
5772 12205
5773 12204
5774 12207
5775 50267
5776 42883
5777 41254
5778 48809
5779 18306
5780 18312
5781 12207
5782 12206
5783 12203
5784 12208
5785 48728
5786 24365
5787 12185
5788 12188
5789 140140
5790 110824
5791 121053
5792 132098
5793 131855
5794 12205
5795 137666
5796 12147
5797 24319
5798 36487
5799 48652
5800 60813
5801 72970
5802 84955
5803 97117
5804 267073
5805 158041
5806 145901
5807 133760
5808 121613
5809 109463
5810 97308
5811 85151
5812 72991
5813 60830
5814 48667
5815 36503
5816 24337
5817 12168
5818 12205
5819 54248
5820 54472
5821 12202
5822 24404
5823 36602
5824 1652371
5825 1614869
5826 85337
5827 73156
5828 60971
5829 48781
5830 1640718
5831 1588814
5832 36590
5833 24395
5834 12201
5835 19590
5836 26853
5837 12208
5838 24400
5839 12200
5840 36599
5841 24402
5842 12202
5843 33054
5844 41217
5845 16255
5846 27894
5847 14545
5848 50985
5849 42644
5850 62008
5851 43060
5852 95617
5853 25347
5854 29641
5855 43173
5856 42167
5857 12207
5858 107340
5859 117104
5860 415569
5861 39561
5862 24396
5863 12199
5864 12197
5865 24393
5866 12203
5867 85338
5868 60971
5869 36590
5870 12201
5871 12200
5872 12201
5873 31935
5874 56329
5875 12201
5876 12209
5877 68490
5878 16875
5879 36481
5880 24324
5881 12162
5882 12208
5883 311673
5884 20986
5885 12207
5886 52297
5887 277004
5888 276391
5889 230703
5890 12199
5891 139816
5892 12207
5893 53064
5894 12199
5895 12202
5896 217927
5897 821388
5898 12207
5899 27997
5900 12206
5901 48766
5902 36577
5903 24387
5904 12193
5905 36607
5906 24406
5907 12202
5908 12206
5909 212775
5910 220023
5911 228364
5912 237950
5913 12205
5914 12208
5915 24411
5916 12202
5917 42691
5918 18305
5919 73158
5920 12205
5921 18294
5922 12202
5923 279687
5924 170303
5925 85292
5926 127759
5927 30546
5928 61026
5929 12204
5930 103507
5931 18378
5932 12286
5933 42748
5934 48766
5935 42679
5936 12197
5937 30532
5938 30614
5939 18387
5940 12341
5941 12201
5942 12199
5943 24387
5944 12195
5945 12206
5946 837662
5947 1028254
5948 1033376
5949 133233
5950 143748
5951 154480
5952 165314
5953 438574
5954 825278
5955 427809
5956 394885
5957 105899
5958 417400
5959 408542
5960 283726
5961 122208
5962 261763
5963 48803
5964 101228
5965 36608
5966 12201
5967 24409
5968 25250
5969 125064
5970 12206
5971 46639
5972 19753
5973 24406
5974 12203
5975 43629
5976 129781
5977 22245
5978 73630
5979 76862
5980 27716
5981 48763
5982 12206
5983 66390
5984 288653
5985 264156
5986 12205
5987 24407
5988 12207
5989 12204
5990 1111919
5991 12208
5992 12190
5993 1023652
5994 1016123
5995 758881
5996 250565
5997 130054
5998 118948
5999 241075
6000 110017
6001 232789
6002 618343
6003 12207
6004 89475
6005 80920
6006 75829
6007 503979
6008 12197
6009 63932
6010 66949
6011 77792
6012 12207
6013 84147
6014 497252
6015 12207
6016 246594
6017 12205
6018 231085
6019 161770
6020 133218
6021 106168
6022 12205
6023 217178
6024 241342
6025 12207
6026 258012
6027 12206
6028 250990
6029 201042
6030 213260
6031 39010
6032 165135
6033 95852
6034 19913
6035 145951
6036 188825
6037 12155
6038 55233
6039 36589
6040 13353
6041 129053
6042 57731
6043 12196
6044 12196
6045 183738
6046 12206
6047 125706
6048 12202
6049 63512
6050 189769
6051 43109
6052 171766
6053 12207
6054 158461
6055 34189
6056 148413
6057 142918
6058 24912
6059 114071
6060 112446
6061 145624
6062 26842
6063 18382
6064 86739
6065 24408
6066 12205
6067 128782
6068 17925
6069 93363
6070 33216
6071 99231
6072 26056
6073 12206
6074 36606
6075 24408
6076 12205
6077 12205
6078 12203
6079 404146
6080 414445
6081 437213
6082 12208
6083 65631
6084 12207
6085 46420
6086 30664
6087 115885
6088 126905
6089 13559
6090 40560
6091 17958
6092 28919
6093 138392
6094 150124
6095 12206
6096 173917
6097 12190
6098 24389
6099 36582
6100 48777
6101 73166
6102 12208
6103 12207
6104 12204
