0 631850
1 662442
2 603429
3 693696
4 725849
5 578885
6 2205505
7 558087
8 1527792
9 2158152
10 1492251
11 541836
12 813299
13 643534
14 534281
15 388725
16 243207
17 607188
18 133932
19 316220
20 182598
21 2192334
22 213232
23 133898
24 570993
25 67059
26 110410
27 2227389
28 395145
29 164811
30 122690
31 122255
32 42702
33 2262661
34 207382
35 243624
36 92160
37 531774
38 79386
39 170600
40 140196
41 43512
42 73232
43 146267
44 48867
45 36622
46 67867
47 115616
48 85398
49 140155
50 589856
51 207644
52 115873
53 146416
54 427464
55 109830
56 398001
57 73232
58 372733
59 246236
60 36622
61 237361
62 352210
63 36620
64 257837
65 351771
66 5810121
67 285778
68 309246
69 73870
70 80753
71 97749
72 184317
73 123295
74 3996754
75 155385
76 186650
77 318924
78 73224
79 263295
80 1147289
81 201516
82 5481897
83 191351
84 223296
85 2237181
86 73224
87 407639
88 232724
89 1122712
90 73220
91 1831858
92 630853
93 847244
94 336025
95 36618
96 2393114
97 109801
98 73219
99 1802452
100 36617
101 736634
102 823038
103 109833
104 605415
105 2395135
106 73211
107 597525
108 438646
109 820299
110 1105572
111 36618
112 140231
113 934557
114 36616
115 103671
116 183382
117 426274
118 5905553
119 6640342
120 6538325
121 5919759
122 839778
123 5936990
124 6529918
125 5956287
126 12079718
127 809609
128 5534817
129 7300455
130 5484389
131 3092393
132 517761
133 1965688
134 5550661
135 486387
136 317517
137 139110
138 6528051
139 5260306
140 1940675
141 104983
142 612477
143 150938
144 73248
145 183030
146 3068815
147 1737908
148 146451
149 126215
150 67140
151 523894
152 42732
153 76796
154 102343
155 36633
156 36630
157 231743
158 1866147
159 5268626
160 3047868
161 597301
162 4960044
163 59053
164 492365
165 3205104
166 237108
167 426415
168 135676
169 213841
170 88438
171 3309440
172 628303
173 397320
174 236343
175 57935
176 220296
177 36629
178 1797417
179 244164
180 375960
181 220605
182 146452
183 611261
184 7315001
185 577315
186 822205
187 61039
188 48834
189 243922
190 1903895
191 373331
192 36633
193 1394743
194 3164176
195 36629
196 911253
197 3351259
198 874911
199 255688
200 172166
201 783103
202 384311
203 425668
204 2714921
205 133341
206 2494758
207 796391
208 499941
209 1137367
210 163026
211 122266
212 761790
213 172023
214 123498
215 1372274
216 146452
217 440552
218 838557
219 269819
220 355511
221 61038
222 99013
223 282347
224 727855
225 48834
226 120934
227 2231879
228 497494
229 207742
230 464915
231 36632
232 130075
233 694545
234 724960
235 483868
236 7336206
237 7359737
238 19716450
239 14629565
240 5733640
241 1672528
242 12288661
243 3704571
244 674463
245 1645845
246 652703
247 683917
248 3076152
249 667501
250 982737
251 73778
252 36616
253 8650294
254 908568
255 950985
256 3016249
257 845678
258 2177732
259 746156
260 73206
261 3061561
262 361867
263 1474311
264 199192
265 36612
266 36609
267 66605
268 235391
269 3883871
270 20423252
271 189778
272 128830
273 3866117
274 36622
275 159963
276 1499981
277 630214
278 743626
279 106177
280 36613
281 3810371
282 90861
283 624463
284 305900
285 736133
286 57581
287 40444
288 410261
289 97888
290 5457902
291 212937
292 8624385
293 608338
294 1666806
295 48783
296 341681
297 264368
298 73214
299 1804701
300 335061
301 1269333
302 183791
303 256192
304 1678799
305 181751
306 8853705
307 76523
308 440705
309 19081909
310 36613
311 107810
312 44385
313 5314974
314 95681
315 252736
316 163956
317 414621
318 109826
319 963331
320 206225
321 48826
322 42723
323 991775
324 272425
325 73833
326 2844060
327 285676
328 8165389
329 787115
330 262014
331 1398270
332 73222
333 109796
334 318187
335 602657
336 273350
337 2039006
338 43789
339 2487960
340 77106
341 1272757
342 277747
343 191504
344 36619
345 1089547
346 378310
347 1160491
348 1317578
349 73213
350 50667
351 3116179
352 888382
353 307944
354 36626
355 6431804
356 6363284
357 6352593
358 14353992
359 2998224
360 2281178
361 718139
362 8758469
363 3661655
364 2611724
365 725212
366 10963027
367 714765
368 2928119
369 686280
370 5461659
371 74268
372 939374
373 761865
374 84657
375 36626
376 36620
377 198153
378 1835538
379 6348990
380 682654
381 660895
382 827496
383 1083873
384 2282019
385 615050
386 5431961
387 409631
388 1653950
389 36626
390 5368404
391 574317
392 1013619
393 10982397
394 36627
395 774034
396 1297012
397 1133879
398 916011
399 179079
400 724658
401 1124132
402 708045
403 36627
404 4578592
405 407119
406 186917
407 1818218
408 1571749
409 175667
410 383364
411 692223
412 906268
413 713500
414 677967
415 703077
416 384503
417 361912
418 1352517
419 329105
420 157245
421 696001
422 745835
423 657177
424 292620
425 715419
426 219506
427 620754
428 1004699
429 367281
430 36627
431 146442
432 911500
433 36617
434 67138
435 1436744
436 42726
437 584320
438 36628
439 109976
440 36626
441 155908
442 182967
443 36617
444 547874
445 109799
446 786354
447 79037
448 9285048
449 4501231
450 36620
451 668718
452 92746
453 36617
454 601575
455 97845
456 111893
457 36625
458 60115
459 653121
460 54309
461 62003
462 100017
463 744694
464 352803
465 432171
466 846879
467 36620
468 319670
469 6537725
470 73206
471 82781
472 792312
473 813707
474 839965
475 776035
476 869069
477 765852
478 900261
479 7971463
480 767058
481 4682878
482 3282693
483 267415
484 3003571
485 240859
486 217007
487 195509
488 4721616
489 2982039
490 176585
491 7089783
492 3344352
493 161058
494 775240
495 151843
496 1225651
497 4022778
498 158750
499 232661
500 198958
501 1355723
502 1548130
503 165277
504 129746
505 96790
506 497395
507 508842
508 366504
509 78024
510 167039
511 357481
512 4799653
513 87125
514 236794
515 2485052
516 993200
517 132667
518 2455236
519 279043
520 961056
521 356963
522 138540
523 918148
524 374564
525 100942
526 129388
527 36630
528 1414850
529 74198
530 1209337
531 317552
532 883161
533 1415028
534 1056114
535 7113917
536 3433337
537 475208
538 294436
539 2390343
540 849038
541 278564
542 60759
543 459839
544 66908
545 146399
546 450214
547 373842
548 73223
549 73218
550 36617
551 61026
552 92090
553 451271
554 216755
555 936411
556 328253
557 36629
558 961133
559 73246
560 816236
561 988398
562 36629
563 793874
564 167425
565 36615
566 2288713
567 107337
568 109827
569 109820
570 109845
571 1169171
572 663006
573 48824
574 73230
575 2705031
576 36618
577 499145
578 72869
579 36621
580 182003
581 1478708
582 2801673
583 186297
584 60565
585 145433
586 78117
587 36626
588 36615
589 239182
590 6531332
591 7141669
592 19097728
593 35067446
594 10467904
595 10105021
596 3959597
597 10133036
598 73230
599 3895385
600 36621
601 1751081
602 3818600
603 73228
604 292640
605 3799978
606 1719413
607 3877773
608 219524
609 36620
610 6704665
611 6363976
612 182966
613 36618
614 2138944
615 146396
616 2917917
617 109815
618 2716056
619 1324829
620 3761310
621 8451552
622 73222
623 1708070
624 1565118
625 2808878
626 1257645
627 8140956
628 36617
629 2139510
630 772021
631 30584420
632 146417
633 61020
634 201700
635 3482449
636 960777
637 1152037
638 48825
639 1457384
640 2085794
641 73230
642 36622
643 1295707
644 755649
645 1119668
646 168511
647 36621
648 1438993
649 644884
650 2091466
651 138204
652 5100928
653 1048136
654 112686
655 1272555
656 1515260
657 5344880
658 102161
659 109803
660 1472511
661 1044939
662 4028792
663 4715722
664 73213
665 36611
666 1876775
667 6133586
668 1118604
669 1121649
670 112572
671 603610
672 1502502
673 645147
674 964531
675 320011
676 924803
677 1461996
678 216024
679 589687
680 751310
681 361055
682 3314829
683 219368
684 1943981
685 805639
686 1145985
687 714965
688 695736
689 73230
690 2850118
691 862543
692 109806
693 283562
694 73216
695 36621
696 182822
697 900114
698 284147
699 36614
700 109824
701 6224483
702 36617
703 1096225
704 1615295
705 2687841
706 397114
707 146266
708 73228
709 36620
710 30588233
711 32633240
712 29171444
713 5510721
714 35714292
715 8586724
716 5516341
717 5495922
718 6629734
719 3171915
720 5606683
721 4446146
722 1378884
723 1800645
724 2989484
725 1157621
726 2603413
727 2932586
728 3150309
729 3142941
730 1127191
731 28189990
732 1180560
733 2575980
734 1472931
735 1960500
736 3988309
737 3668159
738 36604
739 1099242
740 853939
741 1944419
742 822276
743 588015
744 2545910
745 793889
746 3790950
747 2237109
748 769271
749 3922361
750 755291
751 963812
752 2612527
753 1154768
754 2722679
755 1613494
756 3448629
757 1140879
758 384754
759 1451221
760 751126
761 1174476
762 946417
763 1802016
764 941677
765 2782802
766 1382242
767 583229
768 911469
769 1571125
770 3727012
771 149996
772 1106859
773 753117
774 600652
775 1480807
776 203220
777 1111588
778 51251
779 3765301
780 36622
781 505729
782 836992
783 367362
784 1541095
785 765318
786 77416
787 629693
788 3767992
789 1513049
790 2594232
791 54371
792 859310
793 1214805
794 338068
795 537279
796 476061
797 523136
798 2572822
799 518138
800 314355
801 421102
802 2865468
803 28185642
804 122447
805 133635
806 1369534
807 125449
808 430274
809 4437285
810 3284882
811 2534615
812 115299
813 575497
814 146395
815 473159
816 54923
817 1361309
818 54906
819 447109
820 3529949
821 303104
822 73193
823 36616
824 528622
825 1046174
826 73238
827 5591061
828 36618
829 26585766
830 26581962
831 37536039
832 5618799
833 33822103
834 5586445
835 5812625
836 1865563
837 13024944
838 825598
839 5644606
840 1713825
841 6050038
842 794658
843 408904
844 1567597
845 12447771
846 146406
847 3679369
848 109822
849 73226
850 36619
851 166081
852 766748
853 1937179
854 2265438
855 3664139
856 1456973
857 109812
858 844765
859 109826
860 400929
861 73229
862 742692
863 471497
864 36620
865 219485
866 10895707
867 439838
868 722680
869 5861421
870 73230
871 529780
872 1600569
873 36621
874 77214
875 59394
876 182931
877 5021883
878 36614
879 3757748
880 9575684
881 146365
882 248921
883 70171
884 868054
885 3673907
886 855394
887 104868
888 109790
889 1543344
890 5945422
891 73205
892 36614
893 1752713
894 1961019
895 1564792
896 36608
897 9552025
898 735811
899 329162
900 212593
901 1462484
902 2098907
903 242841
904 481103
905 109821
906 5215432
907 139700
908 1319861
909 211193
910 209507
911 1097784
912 6949558
913 699453
914 5567286
915 1598233
916 176663
917 3863485
918 1783003
919 5142430
920 191185
921 3506550
922 156447
923 660782
924 663320
925 5009238
926 190372
927 73227
928 348806
929 66381
930 1720768
931 109824
932 292637
933 73228
934 1285392
935 414612
936 4210359
937 36614
938 3031394
939 241069
940 1591156
941 1930505
942 3010369
943 36620
944 467955
945 73230
946 256154
947 29395637
948 29383665
949 34851155
950 7468361
951 20453177
952 7598116
953 13047050
954 336145
955 305086
956 7009986
957 743692
958 249646
959 2065519
960 6988447
961 210504
962 201255
963 2290341
964 2278773
965 1998742
966 6968476
967 614314
968 36623
969 568409
970 36630
971 480854
972 301291
973 7075108
974 3675438
975 544790
976 219549
977 19126666
978 1792189
979 524692
980 182987
981 330408
982 14218647
983 146413
984 1684764
985 1785344
986 284657
987 294615
988 3099154
989 109827
990 448333
991 239605
992 412545
993 255924
994 73230
995 846171
996 368122
997 438667
998 2698186
999 109829
1000 709020
1001 3048662
1002 424275
1003 4635580
1004 677163
1005 257622
1006 3662142
1007 402173
1008 109829
1009 6169952
1010 73246
1011 365722
1012 36630
1013 3587273
1014 206094
1015 1167399
1016 158567
1017 36629
1018 861900
1019 36609
1020 6085835
1021 36621
1022 3540937
1023 73248
1024 902852
1025 1294420
1026 122004
1027 4988150
1028 2050194
1029 170702
1030 85443
1031 134140
1032 73231
1033 3059795
1034 36617
1035 97582
1036 2772522
1037 646477
1038 72474
1039 61033
1040 73231
1041 42777
1042 36630
1043 54977
1044 14190264
1045 805533
1046 3645876
1047 36622
1048 65737
1049 2426872
1050 5859744
1051 1697839
1052 1800817
1053 2018173
1054 4030448
1055 4852857
1056 36621
1057 4666907
1058 2946766
1059 2693227
1060 1182600
1061 1794152
1062 1784550
1063 632939
1064 3076010
1065 11026956
1066 11003675
1067 2668988
1068 1497008
1069 282566
1070 1246610
1071 1337524
1072 45662
1073 441194
1074 1196229
1075 2342186
1076 400776
1077 314566
1078 1159538
1079 5669610
1080 885541
1081 388306
1082 81310
1083 54222
1084 256593
1085 3249108
1086 109805
1087 278723
1088 46120
1089 36613
1090 66193
1091 73215
1092 987601
1093 36613
1094 388983
1095 1266046
1096 146372
1097 3214798
1098 262231
1099 641968
1100 2467061
1101 36610
1102 2474664
1103 1433708
1104 619454
1105 73199
1106 36595
1107 73225
1108 3181728
1109 299566
1110 36601
1111 250623
1112 599397
1113 625115
1114 205926
1115 3869740
1116 3149823
1117 3165946
1118 225035
1119 509831
1120 263688
1121 81464
1122 477083
1123 36619
1124 2830704
1125 1043157
1126 2350411
1127 73226
1128 567188
1129 476142
1130 566026
1131 109814
1132 881044
1133 357148
1134 280385
1135 73217
1136 36618
1137 36608
1138 54789
1139 333396
1140 36618
1141 342222
1142 188265
1143 321336
1144 686572
1145 394282
1146 36616
1147 367444
1148 1857638
1149 593843
1150 604551
1151 278469
1152 1111996
1153 295383
1154 357642
1155 994889
1156 951206
1157 473469
1158 477878
1159 278244
1160 156699
1161 36619
1162 270064
1163 310436
1164 237794
1165 201280
1166 594197
1167 36616
1168 276109
1169 258078
1170 1464995
1171 185733
1172 571810
1173 329092
1174 1779210
1175 561753
1176 199724
1177 181269
1178 36617
1179 292645
1180 493520
1181 158014
1182 536753
1183 157111
1184 109809
1185 333687
1186 175514
1187 171996
1188 197997
1189 120623
1190 155442
1191 811106
1192 51846
1193 214015
1194 63939
1195 132521
1196 175390
1197 1557771
1198 112686
1199 67871
1200 1051899
1201 293036
1202 126034
1203 793725
1204 579846
1205 978035
1206 165050
1207 46310
1208 112183
1209 1088030
1210 121748
1211 36629
1212 926946
1213 964928
1214 149970
1215 346852
1216 1770917
1217 2388520
1218 845514
1219 327141
1220 4303133
1221 183942
1222 2386367
1223 4255800
1224 512165
1225 5007017
1226 4260173
1227 122350
1228 4932674
1229 1359263
1230 1021973
1231 91885
1232 2081844
1233 4269432
1234 1437286
1235 1159422
1236 371101
1237 1454707
1238 2047455
1239 4936970
1240 2364753
1241 695440
1242 234617
1243 212162
1244 36629
1245 2127494
1246 346762
1247 4625942
1248 682632
1249 1443519
1250 199959
1251 75277
1252 259037
1253 376120
1254 2367518
1255 200731
1256 4758446
1257 684464
1258 1628183
1259 160442
1260 126441
1261 2384213
1262 1095032
1263 3174047
1264 1097338
1265 568598
1266 4427769
1267 812390
1268 676861
1269 83117
1270 3670430
1271 525012
1272 5354469
1273 132542
1274 3305617
1275 2567474
1276 502975
1277 709679
1278 964057
1279 894053
1280 85495
1281 924139
1282 83616
1283 117439
1284 492814
1285 3566279
1286 1174500
1287 3278067
1288 323470
1289 130924
1290 1275415
1291 1895743
1292 3733916
1293 2730135
1294 2011650
1295 298999
1296 448742
1297 688558
1298 3729929
1299 110139
1300 80587
1301 2246686
1302 76977
1303 705940
1304 78892
1305 663465
1306 59904
1307 1334439
1308 43412
1309 854374
1310 65402
1311 112181
1312 2093378
1313 588608
1314 79819
1315 852195
1316 75668
1317 1203536
1318 555135
1319 1126257
1320 523473
1321 73976
1322 853883
1323 1133476
1324 1213988
1325 494153
1326 878347
1327 87499
1328 1374902
1329 299197
1330 1223514
1331 72769
1332 151101
1333 204922
1334 471984
1335 111647
1336 1199916
1337 36579
1338 60788
1339 1201061
1340 99486
1341 458564
1342 124699
1343 1194433
1344 292816
1345 72074
1346 450068
1347 106916
1348 1335882
1349 953428
1350 73242
1351 1364437
1352 36626
1353 769438
1354 444379
1355 248194
1356 1203357
1357 113805
1358 216611
1359 448585
1360 125222
1361 82909
1362 1217803
1363 109834
1364 710848
1365 36627
1366 1846573
1367 73231
1368 411171
1369 1235420
1370 254266
1371 221236
1372 1311187
1373 36620
1374 262822
1375 146276
1376 36627
1377 148483
1378 73207
1379 1267725
1380 456512
1381 1735448
1382 649549
1383 163391
1384 635519
1385 474817
1386 162584
1387 1315621
1388 978125
1389 76332
1390 36610
1391 94091
1392 497149
1393 2222774
1394 512309
1395 175935
1396 36620
1397 73247
1398 921331
1399 83329
1400 356848
1401 2838679
1402 893500
1403 3410914
1404 894448
1405 1922551
1406 73246
1407 682462
1408 1120352
1409 345770
1410 1080213
1411 36629
1412 286688
1413 36629
1414 318091
1415 3650537
1416 189561
1417 872600
1418 297446
1419 289607
1420 1092242
1421 219555
1422 36618
1423 109806
1424 73225
1425 36618
1426 256072
1427 36616
1428 1004025
1429 924915
1430 980874
1431 733296
1432 430593
1433 107289
1434 70696
1435 36607
1436 818524
1437 322306
1438 109814
1439 36614
1440 36615
1441 668962
1442 709884
1443 1722491
1444 795069
1445 209173
1446 1630772
1447 253025
1448 1844874
1449 409044
1450 1482253
1451 1647114
1452 109743
1453 73167
1454 36611
1455 1628245
1456 36589
1457 109809
1458 1188562
1459 1706407
1460 2312011
1461 880648
1462 2426176
1463 182876
1464 73218
1465 1503238
1466 146322
1467 724222
1468 402150
1469 109757
1470 292605
1471 896871
1472 73182
1473 182929
1474 36597
1475 36619
1476 689881
1477 36615
1478 73208
1479 73210
1480 1403077
1481 36610
1482 146366
1483 36610
1484 109792
1485 73206
1486 656292
1487 1368167
1488 36609
1489 772540
1490 2463504
1491 856310
1492 652400
1493 482657
1494 73218
1495 36615
1496 2751670
1497 736352
1498 658256
1499 715427
1500 1891373
1501 185734
1502 146388
1503 429766
1504 192222
1505 36620
1506 836483
1507 766972
1508 109806
1509 479516
1510 432747
1511 408907
1512 73227
1513 365539
1514 486239
1515 73211
1516 497990
1517 402031
1518 214578
1519 36619
1520 711142
1521 878127
1522 788418
1523 365582
1524 245026
1525 418606
1526 329269
1527 170628
1528 36617
1529 73221
1530 120721
1531 36616
1532 36608
1533 315117
1534 543554
1535 82660
1536 433644
1537 66890
1538 36617
1539 365525
1540 109736
1541 73169
1542 146299
1543 36589
1544 401861
1545 73171
1546 438342
1547 36590
1548 36591
1549 554536
1550 80460
1551 73167
1552 50213
1553 49505
1554 36589
1555 73005
1556 103337
1557 4801691
1558 4834422
1559 3691064
1560 1149669
1561 2535604
1562 2888547
1563 290272
1564 1137399
1565 3182606
1566 373634
1567 1147246
1568 258386
1569 4054554
1570 3125535
1571 2543813
1572 2584684
1573 2500588
1574 36628
1575 232269
1576 82646
1577 1201154
1578 2548133
1579 725504
1580 2963241
1581 2891012
1582 3018621
1583 56498
1584 2889844
1585 212683
1586 155672
1587 771812
1588 1452331
1589 1203921
1590 227096
1591 400933
1592 2367826
1593 155440
1594 74209
1595 126679
1596 339391
1597 574799
1598 2355724
1599 90456
1600 267307
1601 4831170
1602 103445
1603 41066
1604 158949
1605 50371
1606 532161
1607 258896
1608 2362889
1609 70866
1610 2193269
1611 128670
1612 1030135
1613 545123
1614 1112847
1615 63450
1616 177403
1617 473342
1618 117244
1619 189199
1620 2487668
1621 922687
1622 123347
1623 2515094
1624 120799
1625 174303
1626 1225772
1627 1299764
1628 177688
1629 490824
1630 422495
1631 4790239
1632 214182
1633 252298
1634 185427
1635 557600
1636 1793387
1637 826358
1638 568834
1639 357905
1640 460097
1641 174916
1642 2184379
1643 169560
1644 892123
1645 198379
1646 402538
1647 499056
1648 2876541
1649 185481
1650 96637
1651 2690751
1652 136042
1653 457798
1654 2605738
1655 1025722
1656 375092
1657 3640572
1658 79925
1659 912905
1660 536378
1661 380647
1662 61067
1663 276144
1664 992644
1665 2716984
1666 1129871
1667 102766
1668 571135
1669 995406
1670 2873903
1671 415202
1672 441119
1673 860505
1674 188866
1675 377617
1676 264118
1677 1534578
1678 664346
1679 389728
1680 141370
1681 589278
1682 610834
1683 1455458
1684 79422
1685 1279975
1686 235791
1687 52798
1688 295277
1689 127849
1690 192085
1691 623582
1692 2126553
1693 84036
1694 639179
1695 748139
1696 702183
1697 681009
1698 172105
1699 649293
1700 2088974
1701 105597
1702 783218
1703 233190
1704 802641
1705 623793
1706 5894449
1707 7412882
1708 36624
1709 2074409
1710 6136582
1711 759682
1712 36622
1713 814483
1714 552267
1715 4219329
1716 552970
1717 8493638
1718 4311335
1719 688560
1720 146419
1721 109829
1722 73227
1723 36614
1724 1824127
1725 3137810
1726 135270
1727 1990298
1728 3806220
1729 2119041
1730 499295
1731 527003
1732 1010300
1733 1165769
1734 5794872
1735 300295
1736 4303872
1737 225428
1738 363176
1739 619696
1740 427457
1741 5277660
1742 490088
1743 1017298
1744 3333349
1745 5206924
1746 3060276
1747 301752
1748 432249
1749 231437
1750 111220
1751 171235
1752 84814
1753 73410
1754 796705
1755 5216057
1756 1179111
1757 62812
1758 1162436
1759 4121525
1760 93069
1761 1189239
1762 839797
1763 3451041
1764 1613967
1765 510184
1766 81099
1767 1325014
1768 841766
1769 316247
1770 1135377
1771 1281659
1772 170734
1773 1329826
1774 139329
1775 299781
1776 1132526
1777 519063
1778 1335044
1779 691873
1780 158754
1781 1364532
1782 133289
1783 382988
1784 251617
1785 690786
1786 679776
1787 119533
1788 130684
1789 670761
1790 1072949
1791 151386
1792 136305
1793 374977
1794 158697
1795 54572
1796 55874
1797 307411
1798 193940
1799 403997
1800 74892
1801 285675
1802 2974077
1803 5894725
1804 1474146
1805 2798174
1806 5474343
1807 1482705
1808 2753357
1809 7280586
1810 5454360
1811 674829
1812 4205322
1813 4844192
1814 5001213
1815 36621
1816 1801574
1817 109808
1818 2651301
1819 688223
1820 603026
1821 73216
1822 5915661
1823 4780991
1824 36613
1825 2459997
1826 118726
1827 637256
1828 978275
1829 36618
1830 116112
1831 6005560
1832 4339941
1833 2671137
1834 4632234
1835 3251314
1836 9514246
1837 1050540
1838 161310
1839 2286426
1840 2718771
1841 132038
1842 907245
1843 102174
1844 60487
1845 109828
1846 633362
1847 1301879
1848 73231
1849 1138691
1850 4561864
1851 2217654
1852 348661
1853 36621
1854 205729
1855 100894
1856 1446447
1857 257742
1858 2356408
1859 36621
1860 109805
1861 313527
1862 73172
1863 148888
1864 1264380
1865 818508
1866 73214
1867 2061323
1868 290638
1869 3953637
1870 3243036
1871 135394
1872 1191550
1873 92979
1874 71225
1875 4449277
1876 14227084
1877 56919
1878 286167
1879 60400
1880 36592
1881 836833
1882 104357
1883 109831
1884 36621
1885 36612
1886 10550466
1887 245989
1888 73228
1889 2238435
1890 82114
1891 1623461
1892 73234
1893 256531
1894 505661
1895 3887088
1896 547365
1897 915362
1898 117205
1899 73651
1900 36620
1901 137731
1902 339195
1903 841091
1904 223068
1905 109825
1906 402185
1907 73227
1908 342286
1909 108835
1910 36619
1911 489366
1912 286339
1913 181998
1914 130152
1915 285725
1916 182981
1917 36616
1918 428966
1919 146408
1920 219267
1921 515651
1922 334058
1923 109822
1924 583542
1925 73228
1926 130453
1927 115757
1928 36621
1929 187838
1930 420677
1931 36618
1932 98388
1933 73225
1934 622254
1935 69148
1936 162713
1937 36620
1938 73232
1939 36618
1940 573259
1941 129972
1942 188855
1943 317553
1944 250381
1945 158649
1946 36622
1947 235449
1948 155127
1949 36615
1950 146490
1951 36620
1952 36621
1953 3503083
1954 161642
1955 549298
1956 391587
1957 326317
1958 183236
1959 517554
1960 403805
1961 3312525
1962 511651
1963 256134
1964 246880
1965 250808
1966 219577
1967 319104
1968 183008
1969 223110
1970 3811957
1971 349580
1972 202368
1973 3833028
1974 597162
1975 2664212
1976 284569
1977 411207
1978 256259
1979 96387
1980 204728
1981 4131736
1982 345286
1983 146427
1984 135397
1985 318859
1986 109837
1987 125186
1988 565823
1989 73235
1990 119501
1991 183046
1992 36623
1993 364146
1994 73237
1995 263426
1996 298176
1997 73239
1998 233223
1999 329601
2000 334367
2001 373261
2002 275343
2003 313194
2004 4127103
2005 67040
2006 109859
2007 256169
2008 1228404
2009 3972884
2010 36629
2011 326274
2012 170329
2013 36629
2014 287559
2015 219030
2016 658683
2017 36661
2018 1250589
2019 73245
2020 36622
2021 36630
2022 185017
2023 146434
2024 36622
2025 2588902
2026 146429
2027 653293
2028 563092
2029 1019280
2030 407282
2031 690435
2032 165312
2033 1879183
2034 1212137
2035 1046345
2036 594710
2037 1214868
2038 143552
2039 4552578
2040 454121
2041 1254331
2042 553133
2043 493466
2044 622160
2045 756730
2046 245365
2047 3668141
2048 299689
2049 1093545
2050 113440
2051 2154146
2052 593452
2053 135764
2054 623440
2055 4444507
2056 123318
2057 3016442
2058 115858
2059 124149
2060 83085
2061 516697
2062 94767
2063 100482
2064 2994797
2065 784519
2066 898247
2067 138376
2068 731214
2069 2386881
2070 151957
2071 88859
2072 2497412
2073 3658686
2074 166807
2075 1492222
2076 58450
2077 58538
2078 902357
2079 841830
2080 193388
2081 1023415
2082 86786
2083 378457
2084 148232
2085 1822161
2086 73226
2087 179004
2088 95299
2089 146542
2090 505160
2091 343884
2092 575061
2093 119951
2094 1643617
2095 251324
2096 2947828
2097 254737
2098 36617
2099 1304784
2100 1313279
2101 1431330
2102 257807
2103 513304
2104 64527
2105 146439
2106 143379
2107 274374
2108 627733
2109 54931
2110 468623
2111 54932
2112 56201
2113 430590
2114 1869675
2115 36632
2116 285920
2117 296652
2118 67393
2119 259188
2120 856286
2121 326898
2122 92458
2123 36630
2124 86446
2125 129495
2126 1045414
2127 163450
2128 278555
2129 79982
2130 143593
2131 240432
2132 316391
2133 58431
2134 2180833
2135 107022
2136 250334
2137 280625
2138 2074103
2139 3063129
2140 1592293
2141 109844
2142 1472983
2143 362116
2144 235125
2145 1423486
2146 1371449
2147 1578385
2148 1837939
2149 2781488
2150 1789217
2151 115556
2152 1827078
2153 94124
2154 1429426
2155 1112241
2156 129901
2157 3050725
2158 452906
2159 1555868
2160 1094127
2161 254173
2162 1196184
2163 1939397
2164 71392
2165 288987
2166 5168370
2167 258085
2168 39868
2169 36617
2170 146410
2171 109783
2172 36619
2173 461324
2174 73201
2175 48814
2176 61027
2177 36623
2178 2352223
2179 572763
2180 681722
2181 936056
2182 950963
2183 36606
2184 42692
2185 304022
2186 2215689
2187 648349
2188 73225
2189 360900
2190 1210746
2191 212836
2192 168728
2193 901401
2194 36621
2195 618264
2196 5296912
2197 2351496
2198 290121
2199 650704
2200 281792
2201 600389
2202 109379
2203 307612
2204 5601111
2205 36616
2206 36620
2207 145654
2208 399128
2209 801548
2210 36618
2211 385364
2212 36394
2213 112675
2214 36394
2215 146865
2216 1562412
2217 36619
2218 402654
2219 163222
2220 36621
2221 2780597
2222 431683
2223 1644056
2224 100446
2225 461617
2226 221354
2227 271068
2228 36615
2229 5402736
2230 36621
2231 1666617
2232 492629
2233 309954
2234 689938
2235 111904
2236 36622
2237 581655
2238 298532
2239 496014
2240 1939271
2241 36617
2242 526579
2243 524967
2244 596173
2245 36618
2246 134379
2247 36619
2248 36617
2249 459500
2250 468705
2251 560140
2252 1447915
2253 160260
2254 182475
2255 146418
2256 558144
2257 36614
2258 517478
2259 627226
2260 232779
2261 36617
2262 73229
2263 524789
2264 36619
2265 689206
2266 59622
2267 60413
2268 47675
2269 71487
2270 547697
2271 671367
2272 773248
2273 44230
2274 592194
2275 122197
2276 511338
2277 91614
2278 260927
2279 474977
2280 1408564
2281 329210
2282 438643
2283 234816
2284 695628
2285 248254
2286 143212
2287 292679
2288 223263
2289 96696
2290 1665650
2291 111334
2292 205571
2293 212428
2294 1700375
2295 256135
2296 300347
2297 157711
2298 144112
2299 280023
2300 303938
2301 219580
2302 291807
2303 325916
2304 73247
2305 360842
2306 1735546
2307 612894
2308 183013
2309 402430
2310 36630
2311 1770782
2312 595597
2313 215060
2314 1806078
2315 524782
2316 366817
2317 624832
2318 416232
2319 331727
2320 297000
2321 327914
2322 655779
2323 146434
2324 520676
2325 553806
2326 127206
2327 97199
2328 589240
2329 109843
2330 291385
2331 73084
2332 1841470
2333 586611
2334 829454
2335 315172
2336 624875
2337 256141
2338 615701
2339 254859
2340 1876993
2341 59084
2342 2348513
2343 146388
2344 1242305
2345 61012
2346 146431
2347 1687823
2348 858288
2349 1244814
2350 48808
2351 1650314
2352 36618
2353 1257901
2354 67665
2355 182953
2356 660672
2357 219584
2358 1497463
2359 1280446
2360 109840
2361 1315673
2362 218320
2363 44241
2364 146379
2365 893426
2366 205318
2367 193848
2368 109800
2369 774479
2370 183016
2371 48817
2372 73237
2373 36611
2374 95650
2375 71187
2376 199593
2377 437317
2378 1338211
2379 857793
2380 36624
2381 181770
2382 145208
2383 334191
2384 556494
2385 224689
2386 36629
2387 36629
2388 85377
2389 316866
2390 353082
2391 122175
2392 99601
2393 425183
2394 111908
2395 453605
2396 73297
2397 189998
2398 36626
2399 74651
2400 230155
2401 134112
2402 109972
2403 563824
2404 1171809
2405 109814
2406 222101
2407 73209
2408 36628
2409 68995
2410 93214
2411 36592
2412 109827
2413 599910
2414 147851
2415 1086370
2416 380177
2417 36621
2418 81490
2419 1158903
2420 111426
2421 305550
2422 333549
2423 369681
2424 36630
2425 7076028
2426 6597990
2427 405827
2428 300253
2429 6898904
2430 7361725
2431 269493
2432 6338765
2433 256609
2434 6515746
2435 6929542
2436 6428259
2437 1540947
2438 88053
2439 3205051
2440 1521912
2441 393015
2442 326493
2443 3218251
2444 356750
2445 6963319
2446 5291796
2447 366076
2448 3114568
2449 70142
2450 3103500
2451 1790563
2452 1508555
2453 5157899
2454 342174
2455 150426
2456 263233
2457 5094073
2458 1788799
2459 294388
2460 367406
2461 322259
2462 2347358
2463 807096
2464 69776
2465 229725
2466 310895
2467 272711
2468 1871210
2469 262095
2470 193367
2471 1008325
2472 260381
2473 2741821
2474 242930
2475 2471018
2476 242648
2477 228134
2478 790759
2479 1328875
2480 4021037
2481 256559
2482 281055
2483 844495
2484 508032
2485 200217
2486 2938637
2487 445894
2488 179221
2489 283899
2490 146443
2491 161161
2492 165667
2493 287636
2494 126482
2495 3258296
2496 1064974
2497 422826
2498 2560441
2499 173856
2500 592725
2501 1297937
2502 813650
2503 581477
2504 786009
2505 109819
2506 73224
2507 689086
2508 36618
2509 477276
2510 197285
2511 336315
2512 256078
2513 558294
2514 1021494
2515 1621064
2516 109738
2517 85814
2518 996922
2519 85959
2520 36613
2521 980772
2522 219539
2523 110826
2524 1643496
2525 91507
2526 1324047
2527 91499
2528 54929
2529 36635
2530 54919
2531 36607
2532 859472
2533 1248862
2534 1699973
2535 816572
2536 1347589
2537 802159
2538 799143
2539 2222749
2540 2919551
2541 1894742
2542 1760330
2543 1717545
2544 1915729
2545 1741849
2546 1938574
2547 1805097
2548 4075084
2549 1962396
2550 3983780
2551 983353
2552 869641
2553 2495675
2554 2450173
2555 844427
2556 3365215
2557 1443283
2558 947048
2559 1537272
2560 78380
2561 1637230
2562 146369
2563 1339844
2564 910731
2565 827231
2566 223863
2567 1511001
2568 189158
2569 1706284
2570 73210
2571 3365522
2572 88724
2573 874404
2574 2302151
2575 109797
2576 199455
2577 49333
2578 2973410
2579 591823
2580 209377
2581 49330
2582 36610
2583 960475
2584 838064
2585 73209
2586 271294
2587 2710216
2588 962199
2589 275073
2590 582502
2591 801712
2592 73215
2593 36610
2594 36613
2595 987541
2596 1265645
2597 765348
2598 2806659
2599 109810
2600 73200
2601 73218
2602 563721
2603 36615
2604 4875298
2605 971972
2606 728974
2607 2030467
2608 2067762
2609 556186
2610 875549
2611 1499364
2612 692591
2613 585974
2614 36605
2615 1349834
2616 1755401
2617 656195
2618 865706
2619 1428841
2620 1401979
2621 1382828
2622 1373350
2623 36599
2624 109767
2625 36599
2626 146328
2627 219452
2628 292519
2629 36604
2630 36605
2631 612755
2632 377353
2633 307111
2634 73199
2635 36604
2636 96177
2637 36611
2638 52198
2639 102393
2640 36611
2641 262017
2642 225611
2643 55008
2644 146378
2645 54974
2646 54905
2647 54909
2648 73222
2649 36611
2650 36621
2651 109833
2652 36621
2653 134078
2654 97551
2655 67113
2656 48855
2657 54960
2658 85420
2659 121965
2660 158508
2661 146410
2662 36620
2663 79330
2664 36620
2665 36622
2666 36528
2667 73046
2668 146059
2669 36531
2670 219026
2671 36531
2672 255463
2673 291912
2674 328352
2675 364780
2676 401196
2677 437604
2678 474062
2679 510508
2680 546945
2681 583372
2682 619788
2683 36606
2684 36608
2685 581285
2686 611159
2687 219523
2688 182963
2689 427126
2690 146394
2691 109815
2692 42712
2693 42719
2694 422554
2695 225006
2696 255591
2697 103067
2698 97917
2699 76085
2700 36608
2701 73207
2702 916754
2703 823266
2704 803837
2705 36607
2706 1270380
2707 1298705
2708 1242438
2709 1214985
2710 1197255
2711 1189683
2712 1356688
2713 994340
2714 966926
2715 571719
2716 1327997
2717 1076323
2718 804323
2719 36624
2720 250726
2721 946145
2722 222140
2723 175827
2724 1358330
2725 175466
2726 182999
2727 1196172
2728 195553
2729 1389159
2730 1504055
2731 146422
2732 109834
2733 73234
2734 36623
2735 1420502
2736 1856277
2737 744584
2738 767820
2739 1188032
2740 711408
2741 329206
2742 598673
2743 1167102
2744 292676
2745 1287131
2746 256134
2747 541946
2748 198352
2749 1213008
2750 679697
2751 232443
2752 649921
2753 180829
2754 36626
2755 219579
2756 575905
2757 622631
2758 136330
2759 36624
2760 94411
2761 441018
2762 1196584
2763 292206
2764 183013
2765 1447181
2766 36624
2767 1470289
2768 1153438
2769 36625
2770 640933
2771 575058
2772 282060
2773 36624
2774 434339
2775 1519316
2776 36624
2777 217685
2778 1477974
2779 372640
2780 146442
2781 2054495
2782 146434
2783 109844
2784 36626
2785 73240
2786 36615
2787 345509
2788 36627
2789 42729
2790 36625
2791 36625
2792 147238
2793 183005
2794 628112
2795 522978
2796 1381053
2797 218008
2798 575059
2799 36626
2800 109844
2801 36625
2802 166151
2803 36627
2804 48828
2805 48832
2806 322474
2807 1623773
2808 675620
2809 36614
2810 210830
2811 676166
2812 1361360
2813 139742
2814 109828
2815 1452412
2816 192389
2817 205324
2818 508258
2819 73231
2820 36626
2821 36621
2822 73242
2823 36621
2824 292560
2825 36608
2826 511656
2827 219464
2828 182918
2829 146358
2830 109786
2831 73202
2832 36607
2833 182916
2834 146356
2835 109784
2836 73199
2837 36606
2838 3701657
2839 3813643
2840 3823152
2841 111154
2842 80121
2843 3852198
2844 59925
2845 2329894
2846 61884
2847 73237
2848 3881784
2849 36624
2850 2315313
2851 81877
2852 2327412
2853 123434
2854 103017
2855 108804
2856 93555
2857 2249191
2858 279250
2859 36626
2860 2318411
2861 100597
2862 616914
2863 603738
2864 506783
2865 122547
2866 109824
2867 73227
2868 36619
2869 323064
2870 298380
2871 243033
2872 146430
2873 36626
2874 67134
2875 48820
2876 42726
2877 1965347
2878 213358
2879 36627
2880 36627
2881 340416
2882 926469
2883 36626
2884 402244
2885 109840
2886 177971
2887 36625
2888 42729
2889 146426
2890 54923
2891 61032
2892 42730
2893 149521
2894 1223606
2895 36626
2896 36627
2897 36557
2898 73103
2899 219205
2900 255656
2901 109639
2902 292196
2903 73105
2904 328725
2905 36558
2906 547909
2907 584085
2908 182996
2909 146419
2910 109829
2911 73231
2912 36621
2913 146405
2914 60993
2915 48842
2916 36620
2917 329248
2918 372394
2919 146426
2920 73231
2921 36621
2922 36621
2923 36601
2924 36625
2925 458528
2926 799855
2927 452442
2928 187335
2929 349822
2930 622911
2931 2671281
2932 2644402
2933 636152
2934 327370
2935 247537
2936 2482063
2937 319299
2938 889038
2939 2319329
2940 284911
2941 2485872
2942 349142
2943 2426987
2944 360727
2945 982522
2946 1299687
2947 404325
2948 498194
2949 2444378
2950 216484
2951 438253
2952 2496003
2953 1588844
2954 902247
2955 169411
2956 36628
2957 208671
2958 2512348
2959 109848
2960 401765
2961 153910
2962 2534536
2963 73244
2964 997271
2965 2743993
2966 1512297
2967 365341
2968 36628
2969 187014
2970 1526840
2971 1704618
2972 73245
2973 1723605
2974 827863
2975 164533
2976 1753236
2977 36585
2978 1199103
2979 353554
2980 36627
2981 1472936
2982 216524
2983 356585
2984 876238
2985 1160409
2986 1064559
2987 73247
2988 929773
2989 2008207
2990 883964
2991 292326
2992 36629
2993 283613
2994 255872
2995 461103
2996 97680
2997 36626
2998 124345
2999 271982
3000 72886
3001 1750225
3002 73214
3003 146265
3004 36612
3005 508178
3006 119167
3007 270837
3008 36584
3009 85333
3010 1386645
3011 82601
3012 36584
3013 60289
3014 73141
3015 54928
3016 848714
3017 540442
3018 36568
3019 51208
3020 105722
3021 548443
3022 67452
3023 137845
3024 69525
3025 85582
3026 1686014
3027 100453
3028 247100
3029 825554
3030 99219
3031 69566
3032 169579
3033 224799
3034 560279
3035 913097
3036 321245
3037 1661650
3038 690968
3039 391589
3040 255811
3041 206942
3042 170360
3043 36622
3044 163422
3045 167561
3046 154970
3047 151519
3048 36625
3049 232042
3050 73226
3051 36611
3052 731813
3053 525827
3054 73194
3055 36602
3056 36622
3057 36625
3058 236237
3059 165243
3060 36626
3061 115225
3062 36626
3063 106495
3064 36625
3065 36626
3066 36622
3067 36626
3068 229117
3069 642355
3070 179898
3071 187269
3072 1221016
3073 165924
3074 36625
3075 719646
3076 827836
3077 345095
3078 207761
3079 1213037
3080 273607
3081 434291
3082 90850
3083 195425
3084 167305
3085 947264
3086 73243
3087 843778
3088 937559
3089 497543
3090 423418
3091 354321
3092 185148
3093 402331
3094 172727
3095 747541
3096 511070
3097 222692
3098 73239
3099 36627
3100 297138
3101 190147
3102 496712
3103 36621
3104 211920
3105 749338
3106 388936
3107 36626
3108 119861
3109 382368
3110 317894
3111 1226215
3112 36627
3113 382485
3114 541162
3115 1073656
3116 2626300
3117 101272
3118 99633
3119 105567
3120 3155155
3121 100322
3122 2634094
3123 1505538
3124 175890
3125 112445
3126 3459626
3127 73246
3128 70388
3129 1140266
3130 3948718
3131 1476590
3132 96494
3133 2541493
3134 2159244
3135 1415675
3136 35199
3137 1398632
3138 2440747
3139 1350088
3140 140735
3141 36629
3142 36618
3143 105568
3144 36625
3145 1343078
3146 2708477
3147 568636
3148 1433583
3149 566593
3150 2443261
3151 199200
3152 680312
3153 70390
3154 177119
3155 600496
3156 1974618
3157 754683
3158 163317
3159 2718545
3160 739748
3161 831327
3162 788916
3163 1994774
3164 237116
3165 241295
3166 146439
3167 36624
3168 1924111
3169 67138
3170 109833
3171 48826
3172 1324856
3173 239454
3174 42729
3175 326426
3176 685148
3177 202641
3178 73229
3179 239120
3180 269706
3181 2197901
3182 272550
3183 35200
3184 295436
3185 36620
3186 387711
3187 322295
3188 36626
3189 36622
3190 109839
3191 36623
3192 1663276
3193 1453690
3194 1647902
3195 146419
3196 109831
3197 36627
3198 1440035
3199 73232
3200 36622
3201 1493197
3202 1366667
3203 1362689
3204 1363675
3205 182979
3206 146400
3207 109813
3208 1368962
3209 73221
3210 36616
3211 1377119
3212 1389597
3213 2202857
3214 1724327
3215 1293614
3216 1257509
3217 1743698
3218 1221410
3219 1764315
3220 1187607
3221 438705
3222 402211
3223 1786053
3224 715110
3225 365706
3226 678926
3227 1808579
3228 329226
3229 642775
3230 2666722
3231 606677
3232 2966325
3233 3277773
3234 570672
3235 456770
3236 170741
3237 3139858
3238 534727
3239 122002
3240 134174
3241 3162331
3242 498840
3243 930508
3244 97608
3245 463000
3246 420428
3247 427194
3248 391441
3249 360994
3250 335922
3251 61037
3252 316224
3253 301957
3254 288068
3255 285123
3256 539293
3257 894474
3258 298357
3259 48847
3260 317651
3261 858507
3262 384211
3263 67137
3264 348090
3265 339078
3266 91523
3267 362466
3268 822595
3269 387005
3270 412315
3271 786732
3272 517848
3273 312066
3274 510242
3275 751135
3276 715798
3277 437909
3278 463798
3279 749472
3280 680495
3281 489845
3282 645220
3283 687929
3284 609963
3285 574726
3286 321723
3287 276093
3288 316527
3289 280325
3290 296910
3291 272147
3292 240147
3293 247462
3294 228449
3295 247564
3296 220671
3297 215114
3298 207621
3299 215675
3300 234182
3301 254894
3302 204265
3303 168460
3304 132722
3305 97079
3306 201837
3307 36628
3308 1444561
3309 815339
3310 808253
3311 214562
3312 233487
3313 36630
3314 109673
3315 73125
3316 36565
3317 219290
3318 73133
3319 36573
3320 187591
3321 250917
3322 173350
3323 36623
3324 2778237
3325 36628
3326 36628
3327 109856
3328 36628
3329 36625
3330 80167
3331 540187
3332 570524
3333 512220
3334 493329
3335 36627
3336 469338
3337 102460
3338 36629
3339 46232
3340 53611
3341 2096363
3342 2036077
3343 2010062
3344 2249539
3345 511557
3346 475250
3347 109786
3348 1997595
3349 2041057
3350 48799
3351 329243
3352 36599
3353 146407
3354 146410
3355 42725
3356 73212
3357 42720
3358 109825
3359 73228
3360 36620
3361 1936852
3362 5514184
3363 209774
3364 5277500
3365 86200
3366 62018
3367 335819
3368 102197
3369 3884319
3370 69180
3371 96388
3372 519605
3373 46170
3374 229023
3375 57648
3376 52307
3377 81893
3378 36630
3379 5288832
3380 51055
3381 127551
3382 83433
3383 696076
3384 74108
3385 200722
3386 104640
3387 4582225
3388 4849791
3389 292654
3390 502551
3391 256139
3392 211782
3393 36623
3394 183007
3395 4723834
3396 339983
3397 314750
3398 3675309
3399 109834
3400 207104
3401 36622
3402 109855
3403 36622
3404 108256
3405 36628
3406 36621
3407 36628
3408 73232
3409 189841
3410 1189316
3411 506371
3412 36620
3413 3644977
3414 36630
3415 248168
3416 319760
3417 573088
3418 3650432
3419 73244
3420 272712
3421 36628
3422 5343948
3423 73247
3424 1633402
3425 1721833
3426 36629
3427 2699472
3428 832381
3429 958596
3430 649829
3431 1591339
3432 821781
3433 1310467
3434 1428221
3435 279409
3436 109847
3437 298119
3438 940929
3439 1313149
3440 397831
3441 1372088
3442 568739
3443 58025
3444 73242
3445 36624
3446 865533
3447 398592
3448 829325
3449 2948737
3450 2670038
3451 2652718
3452 2198038
3453 109834
3454 2062415
3455 182991
3456 1891227
3457 146413
3458 109824
3459 73233
3460 73223
3461 36622
3462 1558456
3463 36614
3464 341554
3465 374902
3466 192805
3467 222661
3468 180995
3469 186447
3470 179740
3471 197226
3472 1529933
3473 228345
3474 291129
3475 1211558
3476 257095
3477 150583
3478 230783
3479 1180483
3480 256091
3481 327196
3482 274012
3483 119952
3484 182858
3485 1725645
3486 146283
3487 1157578
3488 219538
3489 109698
3490 73100
3491 182973
3492 36622
3493 146397
3494 649234
3495 1174206
3496 36555
3497 1214914
3498 417826
3499 856658
3500 432155
3501 109812
3502 884747
3503 1723007
3504 73220
3505 914494
3506 36615
3507 1095235
3508 1086992
3509 1114829
3510 1479142
3511 455410
3512 288146
3513 262785
3514 268886
3515 874475
3516 106388
3517 264057
3518 177524
3519 443173
3520 286926
3521 1525217
3522 619969
3523 101454
3524 280806
3525 592637
3526 69296
3527 459742
3528 1456990
3529 1278435
3530 5145814
3531 570254
3532 602437
3533 2662714
3534 518997
3535 865894
3536 4168175
3537 131664
3538 224036
3539 2916411
3540 166021
3541 1115450
3542 529896
3543 4356928
3544 319323
3545 795734
3546 771710
3547 143137
3548 549730
3549 1076266
3550 121261
3551 1820816
3552 135298
3553 249763
3554 1736800
3555 4444871
3556 81965
3557 201900
3558 92485
3559 283779
3560 72211
3561 254690
3562 248597
3563 223872
3564 94614
3565 214042
3566 99853
3567 2392110
3568 1334864
3569 36628
3570 109653
3571 493309
3572 73048
3573 378968
3574 36524
3575 525133
3576 557777
3577 591222
3578 1692768
3579 522305
3580 1706935
3581 485564
3582 1130660
3583 1316921
3584 328519
3585 1107048
3586 2515565
3587 97417
3588 72604
3589 989096
3590 2206146
3591 69250
3592 953299
3593 291986
3594 353457
3595 87734
3596 375105
3597 917657
3598 255441
3599 534917
3600 218885
3601 361307
3602 182318
3603 882251
3604 380235
3605 145740
3606 848439
3607 492217
3608 96777
3609 109149
3610 65657
3611 531739
3612 480675
3613 704993
3614 146426
3615 92301
3616 109832
3617 50277
3618 85828
3619 73227
3620 59691
3621 73247
3622 36611
3623 899723
3624 88736
3625 743244
3626 152768
3627 146431
3628 189549
3629 123497
3630 446073
3631 820769
3632 534142
3633 190098
3634 718006
3635 109839
3636 755856
3637 437096
3638 610752
3639 851080
3640 852680
3641 297409
3642 493173
3643 157820
3644 458722
3645 460372
3646 87368
3647 43495
3648 36629
3649 759931
3650 915804
3651 113738
3652 73236
3653 36629
3654 36623
3655 1368328
3656 1474357
3657 208408
3658 816816
3659 227357
3660 1500909
3661 255354
3662 510971
3663 656387
3664 619009
3665 1809531
3666 193428
3667 279266
3668 292470
3669 157257
3670 36578
3671 242328
3672 291620
3673 310142
3674 121099
3675 1962306
3676 1101494
3677 1984055
3678 90823
3679 36629
3680 147240
3681 72241
3682 218506
3683 264270
3684 71693
3685 480131
3686 89947
3687 308816
3688 171624
3689 529388
3690 500411
3691 501594
3692 469749
3693 837657
3694 589709
3695 601887
3696 614218
3697 178876
3698 624159
3699 717438
3700 466737
3701 490288
3702 768025
3703 462229
3704 454240
3705 182046
3706 168380
3707 483790
3708 109827
3709 73224
3710 413573
3711 185303
3712 416636
3713 36618
3714 670062
3715 36620
3716 606083
3717 660051
3718 1373146
3719 569523
3720 1127568
3721 1170811
3722 416438
3723 236840
3724 208886
3725 411152
3726 234061
3727 204397
3728 63767
3729 481995
3730 1150120
3731 354991
3732 268641
3733 478585
3734 359062
3735 793717
3736 127125
3737 36628
3738 2256345
3739 1641367
3740 966828
3741 2186550
3742 1010925
3743 202557
3744 238354
3745 62545
3746 1666433
3747 2178861
3748 266782
3749 565355
3750 1679852
3751 190354
3752 1610063
3753 36629
3754 577622
3755 2552344
3756 432965
3757 466217
3758 2454417
3759 399553
3760 133989
3761 73226
3762 36617
3763 295853
3764 923324
3765 267160
3766 503413
3767 644774
3768 123066
3769 267245
3770 2414302
3771 160200
3772 127409
3773 391788
3774 245299
3775 73239
3776 407422
3777 611145
3778 73236
3779 578409
3780 135103
3781 36625
3782 209303
3783 36622
3784 276790
3785 360936
3786 119588
3787 175583
3788 443513
3789 558037
3790 395384
3791 145496
3792 296233
3793 1925876
3794 87534
3795 547678
3796 123409
3797 255519
3798 263433
3799 73223
3800 109852
3801 254555
3802 72652
3803 113963
3804 109831
3805 337496
3806 1470114
3807 2454000
3808 1449199
3809 472361
3810 439193
3811 716719
3812 661278
3813 420227
3814 117858
3815 2259059
3816 3913105
3817 73246
3818 36615
3819 36628
3820 380157
3821 324550
3822 1379962
3823 638839
3824 305084
3825 36624
3826 1117324
3827 284141
3828 147560
3829 1258163
3830 58637
3831 283653
3832 135534
3833 1252368
3834 1035680
3835 240682
3836 228999
3837 168605
3838 223775
3839 37684
3840 115162
3841 276893
3842 249610
3843 1032442
3844 134137
3845 1042644
3846 36628
3847 257708
3848 842263
3849 412646
3850 109531
3851 226675
3852 149608
3853 168855
3854 164602
3855 256134
3856 219603
3857 595634
3858 129125
3859 36627
3860 285440
3861 254821
3862 146434
3863 116750
3864 36626
3865 1154889
3866 36628
3867 186751
3868 146438
3869 246535
3870 73233
3871 42731
3872 42731
3873 109841
3874 439113
3875 93464
3876 146433
3877 232948
3878 73237
3879 7501722
3880 61011
3881 196264
3882 48846
3883 152168
3884 36621
3885 36628
3886 125735
3887 65497
3888 56149
3889 2133397
3890 170969
3891 6026911
3892 193944
3893 64810
3894 2204696
3895 167934
3896 109798
3897 293901
3898 73214
3899 36615
3900 313919
3901 189122
3902 279376
3903 7212542
3904 173186
3905 78285
3906 187611
3907 3562185
3908 1639108
3909 62943
3910 2406060
3911 1377898
3912 75062
3913 133963
3914 2988047
3915 101234
3916 219464
3917 98843
3918 73239
3919 182895
3920 36622
3921 2329180
3922 146327
3923 48815
3924 332644
3925 188256
3926 153690
3927 125299
3928 118089
3929 238310
3930 187292
3931 188382
3932 177176
3933 180099
3934 202197
3935 330185
3936 357479
3937 112883
3938 568038
3939 595519
3940 107731
3941 184165
3942 116546
3943 2586705
3944 3030300
3945 149066
3946 454351
3947 578849
3948 116863
3949 333992
3950 344342
3951 88819
3952 153643
3953 68173
3954 170592
3955 107818
3956 161170
3957 125080
3958 89967
3959 67054
3960 66968
3961 83830
3962 112414
3963 36219
3964 72431
3965 108633
3966 76107
3967 36625
3968 73240
3969 36393
3970 72775
3971 105207
3972 128204
3973 155773
3974 187764
3975 221165
3976 255902
3977 291998
3978 328285
3979 364628
3980 400973
3981 36625
3982 73240
3983 109844
3984 146435
3985 109849
3986 42730
3987 36627
3988 617703
3989 2389977
3990 1903956
3991 2359508
3992 36628
3993 2759643
3994 2994155
3995 503688
3996 2765700
3997 478731
3998 464405
3999 815925
4000 470028
4001 486137
4002 508190
4003 2165267
4004 242454
4005 54647
4006 878359
4007 544651
4008 167418
4009 90087
4010 109837
4011 1504735
4012 486562
4013 48827
4014 36623
4015 45926
4016 343580
4017 1169213
4018 1133977
4019 295008
4020 67932
4021 1147598
4022 452618
4023 210468
4024 81075
4025 169836
4026 83988
4027 1198841
4028 1126954
4029 98348
4030 298528
4031 69599
4032 121557
4033 36622
4034 287125
4035 59033
4036 802461
4037 99551
4038 428485
4039 274126
4040 36626
4041 236920
4042 414196
4043 237210
4044 64980
4045 257136
4046 548122
4047 240419
4048 1439393
4049 356973
4050 1207697
4051 424677
4052 299431
4053 36627
4054 171210
4055 457977
4056 355307
4057 914249
4058 170704
4059 177753
4060 623152
4061 73242
4062 112069
4063 878804
4064 182978
4065 146428
4066 1008631
4067 80377
4068 73235
4069 36627
4070 1241512
4071 521714
4072 36620
4073 173387
4074 172990
4075 488834
4076 146401
4077 89965
4078 148401
4079 109813
4080 457336
4081 109835
4082 73219
4083 308598
4084 36615
4085 73234
4086 766542
4087 61452
4088 693638
4089 320753
4090 36620
4091 137022
4092 365341
4093 50571
4094 36624
4095 62418
4096 114332
4097 657406
4098 75569
4099 36629
4100 547939
4101 428006
4102 177223
4103 88036
4104 36627
4105 73223
4106 511730
4107 36617
4108 158324
4109 207099
4110 36630
4111 73248
4112 225125
4113 206564
4114 176534
4115 36628
4116 73245
4117 36630
4118 195063
4119 164594
4120 375461
4121 178227
4122 146421
4123 109831
4124 73230
4125 36620
4126 402347
4127 219587
4128 36625
4129 146421
4130 109833
4131 42722
4132 48822
4133 36600
4134 73191
4135 109784
4136 292638
4137 146393
4138 109812
4139 73220
4140 36616
4141 108851
4142 72255
4143 36587
4144 36629
4145 109798
4146 146376
4147 73210
4148 36611
4149 182944
4150 36629
4151 109797
4152 295858
4153 73210
4154 193099
4155 216796
4156 133100
4157 36630
4158 36629
4159 205435
4160 36609
4161 143022
4162 237284
4163 174999
4164 270479
4165 313261
4166 109838
4167 342514
4168 36624
4169 42725
4170 625431
4171 652387
4172 256048
4173 340321
4174 219517
4175 2550221
4176 97609
4177 85377
4178 61031
4179 36639
4180 48812
4181 1550684
4182 1514788
4183 1478940
4184 36627
4185 1443150
4186 1407413
4187 1371695
4188 1343091
4189 201157
4190 256116
4191 857297
4192 219560
4193 821468
4194 182992
4195 164954
4196 129100
4197 146418
4198 93897
4199 811832
4200 623577
4201 182979
4202 630402
4203 256074
4204 391993
4205 219524
4206 146405
4207 109832
4208 303189
4209 182964
4210 109819
4211 64727
4212 146393
4213 73223
4214 73213
4215 36616
4216 278190
4217 36611
4218 109813
4219 73220
4220 36616
4221 73232
4222 53875
4223 67069
4224 36622
4225 577140
4226 422832
4227 605783
4228 226421
4229 176179
4230 145007
4231 147152
4232 526787
4233 569663
4234 477710
4235 163587
4236 36624
4237 994125
4238 130898
4239 336557
4240 547827
4241 668322
4242 511368
4243 100505
4244 475097
4245 339486
4246 608132
4247 146366
4248 79059
4249 48798
4250 292517
4251 61008
4252 36611
4253 182886
4254 155725
4255 97443
4256 449317
4257 109748
4258 117754
4259 73183
4260 42696
4261 123474
4262 36622
4263 36593
4264 36585
4265 143801
4266 36595
4267 36630
4268 176288
4269 919057
4270 465979
4271 495191
4272 5434883
4273 921832
4274 946943
4275 5209226
4276 6015811
4277 109833
4278 945883
4279 5148546
4280 109839
4281 6073460
4282 5197787
4283 73228
4284 4987371
4285 1271621
4286 978417
4287 36619
4288 1345283
4289 170654
4290 73235
4291 36622
4292 5865653
4293 146431
4294 36625
4295 1451634
4296 109839
4297 73235
4298 219502
4299 36620
4300 5011286
4301 182950
4302 932263
4303 109788
4304 36614
4305 636661
4306 73199
4307 329117
4308 526422
4309 36605
4310 146437
4311 292584
4312 412673
4313 256039
4314 219483
4315 182914
4316 109844
4317 6934505
4318 146353
4319 36628
4320 146409
4321 73241
4322 109820
4323 73167
4324 36616
4325 73225
4326 36563
4327 1707935
4328 36626
4329 36617
4330 73240
4331 36625
4332 2103941
4333 73243
4334 36627
4335 4347122
4336 36612
4337 36582
4338 60944
4339 246739
4340 254099
4341 2076755
4342 1858965
4343 1854250
4344 43196
4345 73240
4346 36625
4347 36629
4348 109844
4349 73240
4350 146438
4351 36625
4352 36629
4353 36628
4354 48835
4355 36630
4356 146440
4357 61027
4358 613770
4359 579782
4360 546440
4361 515160
4362 485856
4363 1536758
4364 493369
4365 234534
4366 231522
4367 319882
4368 1042727
4369 1024142
4370 478196
4371 662327
4372 36537
4373 92226
4374 312580
4375 68959
4376 716419
4377 553895
4378 54454
4379 725382
4380 81267
4381 91448
4382 56085
4383 67311
4384 659032
4385 293911
4386 67486
4387 105088
4388 312683
4389 72202
4390 291892
4391 66997
4392 73235
4393 1410458
4394 290893
4395 203153
4396 498891
4397 765944
4398 521396
4399 82894
4400 36629
4401 362945
4402 146441
4403 36623
4404 331155
4405 368816
4406 1863113
4407 52213
4408 279079
4409 1911021
4410 573867
4411 489037
4412 438691
4413 36627
4414 183038
4415 506448
4416 140399
4417 109847
4418 46087
4419 334142
4420 439197
4421 36625
4422 73241
4423 73243
4424 36627
4425 73235
4426 1022365
4427 73241
4428 104048
4429 296431
4430 121530
4431 36626
4432 36624
4433 359736
4434 90717
4435 36623
4436 36629
4437 36625
4438 36627
4439 1004553
4440 246207
4441 124227
4442 36627
4443 3142639
4444 236920
4445 36619
4446 213038
4447 169470
4448 533262
4449 513238
4450 144081
4451 193390
4452 118736
4453 96646
4454 1237432
4455 436696
4456 2674873
4457 1542385
4458 1007252
4459 36624
4460 99180
4461 452104
4462 395077
4463 467701
4464 36628
4465 268889
4466 90515
4467 66797
4468 73648
4469 54609
4470 548200
4471 100294
4472 439145
4473 365711
4474 71048
4475 38340
4476 36622
4477 219573
4478 146424
4479 73227
4480 36618
4481 36622
4482 183261
4483 314983
4484 303446
4485 189016
4486 146402
4487 334736
4488 501214
4489 109814
4490 384780
4491 440276
4492 73220
4493 348845
4494 2177986
4495 312939
4496 73226
4497 2537173
4498 277288
4499 2079346
4500 36615
4501 1569751
4502 2059647
4503 242243
4504 73236
4505 2557430
4506 208072
4507 36624
4508 36616
4509 174620
4510 145390
4511 36624
4512 92453
4513 189445
4514 191455
4515 146435
4516 115572
4517 67136
4518 42724
4519 36632
4520 389489
4521 63485
4522 406497
4523 666641
4524 767633
4525 585036
4526 380691
4527 637486
4528 558762
4529 280394
4530 521582
4531 180527
4532 406016
4533 146438
4534 511060
4535 54921
4536 128001
4537 61043
4538 219603
4539 534314
4540 42731
4541 276785
4542 144282
4543 297049
4544 161164
4545 206857
4546 82218
4547 146443
4548 36628
4549 324504
4550 597414
4551 146440
4552 679173
4553 73238
4554 36628
4555 48828
4556 608695
4557 308508
4558 61035
4559 36629
4560 36624
4561 36625
4562 693685
4563 560144
4564 146445
4565 109835
4566 61037
4567 48832
4568 73230
4569 36633
4570 36621
4571 723355
4572 856358
4573 109843
4574 73240
4575 2745457
4576 36626
4577 1984761
4578 1316558
4579 42045
4580 37892
4581 644728
4582 613594
4583 603428
4584 125688
4585 516357
4586 293124
4587 36629
4588 219613
4589 714292
4590 232987
4591 36628
4592 655380
4593 36627
4594 213032
4595 146444
4596 804369
4597 158314
4598 36629
4599 54933
4600 54936
4601 36633
4602 153435
4603 211291
4604 667463
4605 54531
4606 233110
4607 384790
4608 579621
4609 122701
4610 351722
4611 51843
4612 144313
4613 247780
4614 172968
4615 81200
4616 52284
4617 163408
4618 201615
4619 319325
4620 110588
4621 156005
4622 52101
4623 203322
4624 220141
4625 153097
4626 36628
4627 136706
4628 73241
4629 36625
4630 99297
4631 36555
4632 73240
4633 36625
4634 485423
4635 512063
4636 48830
4637 42732
4638 67134
4639 36629
4640 93537
4641 39218
4642 1071422
4643 1355843
4644 370348
4645 237349
4646 221134
4647 109837
4648 73231
4649 36622
4650 214375
4651 36629
4652 73245
4653 36627
4654 518867
4655 326261
4656 291842
4657 1072628
4658 308220
4659 146402
4660 109818
4661 1101340
4662 73221
4663 1132135
4664 36615
4665 1375663
4666 219578
4667 61033
4668 61022
4669 67118
4670 42730
4671 36627
4672 36621
4673 73230
4674 109828
4675 2067855
4676 4835393
4677 4732662
4678 5307003
4679 637692
4680 652489
4681 1699359
4682 38798
4683 146422
4684 67111
4685 48834
4686 42720
4687 182995
4688 256141
4689 36624
4690 365773
4691 73231
4692 36620
4693 36620
4694 73215
4695 36605
4696 109820
4697 154801
4698 86644
4699 120415
4700 36628
4701 146406
4702 67117
4703 42722
4704 36624
4705 109836
4706 73233
4707 36617
4708 146388
4709 109805
4710 73213
4711 36611
4712 637262
4713 643391
4714 655316
4715 674601
4716 697076
4717 1344647
4718 735485
4719 699237
4720 663125
4721 627427
4722 592227
4723 557613
4724 523580
4725 489747
4726 456125
4727 422781
4728 389963
4729 358403
4730 327986
4731 298841
4732 271081
4733 243984
4734 217587
4735 194056
4736 173275
4737 155718
4738 141236
4739 131802
4740 134327
4741 151441
4742 179379
4743 213137
4744 249392
4745 416450
4746 408927
4747 433369
4748 180195
4749 461013
4750 177296
4751 897033
4752 189894
4753 858416
4754 677220
4755 912472
4756 487743
4757 1068242
4758 307227
4759 211581
4760 109830
4761 73226
4762 284460
4763 457124
4764 36612
4765 127850
4766 1173441
4767 94879
4768 237277
4769 36628
4770 68395
4771 427271
4772 68497
4773 1015702
4774 59524
4775 264615
4776 759745
4777 73244
4778 398215
4779 36627
4780 2699111
4781 709901
4782 2749475
4783 182998
4784 369512
4785 36624
4786 146423
4787 1973288
4788 518448
4789 293965
4790 71916
4791 1626209
4792 73236
4793 44037
4794 42728
4795 36624
4796 36629
4797 1743595
4798 2779918
4799 346187
4800 109831
4801 73229
4802 36620
4803 625042
4804 653382
4805 592089
4806 2813093
4807 613228
4808 36628
4809 188037
4810 3279529
4811 165366
4812 336001
4813 146391
4814 67236
4815 42701
4816 67114
4817 36771
4818 36614
4819 270602
4820 42763
4821 325090
4822 476611
4823 422248
4824 36628
4825 621834
4826 488036
4827 200829
4828 3484219
4829 183125
4830 36629
4831 36627
4832 36629
4833 157813
4834 121835
4835 85904
4836 55549
4837 43490
4838 61828
4839 98393
4840 356483
4841 91331
4842 54842
4843 36546
4844 54738
4845 91230
4846 121713
4847 146442
4848 54935
4849 54929
4850 36629
4851 36629
4852 802958
4853 36625
4854 146347
4855 60992
4856 54905
4857 42710
4858 182916
4859 4417973
4860 187642
4861 169077
4862 52348
4863 200480
4864 146411
4865 109821
4866 73218
4867 36614
4868 36622
4869 88763
4870 80056
4871 103070
4872 168556
4873 106253
4874 188330
4875 232087
4876 109361
4877 1256931
4878 151784
4879 1104470
4880 86228
4881 267439
4882 109958
4883 221221
4884 156164
4885 1074704
4886 161796
4887 1045941
4888 326736
4889 1018275
4890 992088
4891 967752
4892 1356025
4893 702297
4894 945858
4895 1045286
4896 926381
4897 909526
4898 1114637
4899 894790
4900 880830
4901 970713
4902 770478
4903 292644
4904 256098
4905 219540
4906 182976
4907 146402
4908 762748
4909 109817
4910 73221
4911 36616
4912 758012
4913 756688
4914 758315
4915 763115
4916 802562
4917 452156
4918 404310
4919 462998
4920 403436
4921 409831
4922 420437
4923 434334
4924 451629
4925 590214
4926 146361
4927 109772
4928 73192
4929 36601
4930 842430
4931 291142
4932 840275
4933 274925
4934 864278
4935 1023590
4936 336819
4937 854861
4938 327258
4939 324756
4940 874536
4941 896409
4942 95171
4943 101406
4944 74883
4945 247834
4946 216901
4947 371978
4948 191318
4949 168573
4950 346253
4951 150281
4952 3673978
4953 36628
4954 73246
4955 36629
4956 384160
4957 36590
4958 73206
4959 479903
4960 129554
4961 2990407
4962 2976668
4963 3113620
4964 2966659
4965 3068623
4966 103925
4967 85802
4968 146440
4969 88395
4970 73236
4971 36626
4972 36623
4973 867333
4974 2537720
4975 259056
4976 1093994
4977 6318732
4978 1549008
4979 36630
4980 4027436
4981 1447473
4982 3749966
4983 844251
4984 109658
4985 4159443
4986 73056
4987 36441
4988 2025311
4989 318693
4990 504458
4991 289948
4992 3821880
4993 2049316
4994 763857
4995 602930
4996 73103
4997 1309802
4998 36558
4999 258143
5000 3849331
5001 645174
5002 182927
5003 1932471
5004 253517
5005 109762
5006 146416
5007 578151
5008 3877516
5009 54918
5010 61029
5011 73171
5012 1277174
5013 42725
5014 273332
5015 64734
5016 73242
5017 4037564
5018 562173
5019 619374
5020 1434847
5021 36627
5022 745318
5023 36591
5024 43722
5025 171890
5026 1402839
5027 1244951
5028 81988
5029 725107
5030 146418
5031 1213207
5032 42894
5033 79151
5034 52257
5035 4052111
5036 509000
5037 48826
5038 423268
5039 845670
5040 175991
5041 4082571
5042 36623
5043 473601
5044 458782
5045 370421
5046 112307
5047 1348413
5048 1182094
5049 292004
5050 4113591
5051 1184167
5052 334229
5053 224713
5054 376421
5055 145281
5056 298352
5057 500784
5058 146433
5059 130200
5060 196862
5061 338921
5062 4145157
5063 684903
5064 867339
5065 199855
5066 151957
5067 108833
5068 263326
5069 458079
5070 36629
5071 1151771
5072 201896
5073 73227
5074 110700
5075 867203
5076 60856
5077 98376
5078 1154096
5079 36625
5080 107790
5081 229853
5082 73213
5083 402530
5084 36626
5085 902238
5086 808713
5087 87280
5088 248966
5089 36606
5090 176852
5091 86601
5092 36627
5093 466381
5094 36614
5095 362707
5096 77422
5097 413653
5098 5083706
5099 6006726
5100 6934465
5101 897029
5102 1135296
5103 862155
5104 828604
5105 1400390
5106 1135492
5107 204967
5108 5514729
5109 1274812
5110 801302
5111 1284921
5112 170403
5113 1150193
5114 1298262
5115 5551149
5116 1981586
5117 73241
5118 902622
5119 102563
5120 5088649
5121 583023
5122 513241
5123 1644233
5124 36626
5125 3986523
5126 36628
5127 549453
5128 62857
5129 2431089
5130 1390615
5131 3921616
5132 81925
5133 139819
5134 1318871
5135 600184
5136 1135323
5137 831294
5138 2226109
5139 2504190
5140 518317
5141 3005135
5142 146389
5143 73830
5144 3754429
5145 219611
5146 280272
5147 36628
5148 122322
5149 67091
5150 2621777
5151 234440
5152 329196
5153 42727
5154 1367616
5155 36616
5156 1464466
5157 248882
5158 1620486
5159 60890
5160 90484
5161 1344616
5162 146438
5163 292737
5164 36629
5165 209217
5166 78341
5167 181918
5168 109833
5169 71977
5170 109845
5171 1447855
5172 36624
5173 73241
5174 3799067
5175 1681038
5176 907323
5177 51790
5178 36625
5179 261391
5180 113751
5181 475428
5182 73232
5183 216931
5184 98316
5185 36621
5186 1830662
5187 1426888
5188 156887
5189 146432
5190 1444687
5191 226532
5192 109841
5193 36628
5194 631635
5195 36630
5196 36622
5197 695135
5198 73238
5199 168383
5200 686747
5201 1482204
5202 73241
5203 5490589
5204 257539
5205 562968
5206 536980
5207 36625
5208 36626
5209 445105
5210 243022
5211 3421724
5212 73242
5213 1412157
5214 182955
5215 640472
5216 2437116
5217 2420825
5218 3105298
5219 2046158
5220 368220
5221 733710
5222 196912
5223 714840
5224 182957
5225 146435
5226 215920
5227 146379
5228 54930
5229 515143
5230 54931
5231 2146270
5232 36629
5233 547412
5234 146433
5235 510952
5236 474483
5237 109793
5238 48829
5239 85439
5240 474386
5241 36621
5242 199701
5243 488727
5244 42708
5245 48808
5246 380974
5247 438171
5248 255489
5249 472235
5250 389105
5251 604788
5252 468522
5253 431495
5254 145765
5255 382750
5256 146408
5257 109185
5258 535279
5259 224942
5260 61003
5261 73001
5262 1551749
5263 397401
5264 36507
5265 41927
5266 42721
5267 36627
5268 54935
5269 49313
5270 36622
5271 73222
5272 73239
5273 295866
5274 36617
5275 265108
5276 36625
5277 423234
5278 204394
5279 154882
5280 179516
5281 53930
5282 985707
5283 621042
5284 40801
5285 121787
5286 328405
5287 455057
5288 179857
5289 548358
5290 36628
5291 196591
5292 373164
5293 254887
5294 100926
5295 282494
5296 219568
5297 51926
5298 36626
5299 68477
5300 292716
5301 128767
5302 314360
5303 91533
5304 387804
5305 146417
5306 36628
5307 435308
5308 359183
5309 73223
5310 881533
5311 36616
5312 36623
5313 369330
5314 260514
5315 146424
5316 452916
5317 314221
5318 109835
5319 54928
5320 37813
5321 54924
5322 858543
5323 53886
5324 36626
5325 36620
5326 36622
5327 36626
5328 282136
5329 861845
5330 326191
5331 36621
5332 87050
5333 428236
5334 264353
5335 246214
5336 246386
5337 291002
5338 262932
5339 320857
5340 378679
5341 387589
5342 351802
5343 114061
5344 139513
5345 338733
5346 142796
5347 134561
5348 471916
5349 473235
5350 168733
5351 471674
5352 186240
5353 439542
5354 156250
5355 188578
5356 509700
5357 280933
5358 341536
5359 174465
5360 216277
5361 518918
5362 541010
5363 343989
5364 182969
5365 292098
5366 250038
5367 65947
5368 404825
5369 281158
5370 354061
5371 146392
5372 284328
5373 259462
5374 368603
5375 199947
5376 394468
5377 109801
5378 146397
5379 449188
5380 231510
5381 1105865
5382 422888
5383 124516
5384 598099
5385 278430
5386 127288
5387 735485
5388 514028
5389 516135
5390 502305
5391 137452
5392 73213
5393 241262
5394 51816
5395 105504
5396 124635
5397 388217
5398 69515
5399 129059
5400 680673
5401 67610
5402 231622
5403 109814
5404 229157
5405 256100
5406 501679
5407 521086
5408 76446
5409 414602
5410 309837
5411 73944
5412 263874
5413 805741
5414 413387
5415 771704
5416 182975
5417 717209
5418 755184
5419 263544
5420 138242
5421 152603
5422 295995
5423 139082
5424 568332
5425 103787
5426 219547
5427 146402
5428 421730
5429 73229
5430 532225
5431 1124877
5432 243250
5433 726205
5434 270258
5435 36620
5436 809705
5437 466374
5438 182984
5439 73218
5440 36628
5441 109817
5442 73235
5443 329010
5444 380628
5445 1151963
5446 700519
5447 36613
5448 153100
5449 678444
5450 256060
5451 73237
5452 181998
5453 162794
5454 91403
5455 86025
5456 95260
5457 1434622
5458 36622
5459 771958
5460 984655
5461 36619
5462 935569
5463 3670768
5464 3640789
5465 3612017
5466 243463
5467 248223
5468 197960
5469 76394
5470 136923
5471 399627
5472 192766
5473 408234
5474 63733
5475 186375
5476 148789
5477 69448
5478 591183
5479 308326
5480 79954
5481 121098
5482 594921
5483 182980
5484 36623
5485 628354
5486 146403
5487 73219
5488 48825
5489 36610
5490 55613
5491 55226
5492 846623
5493 72851
5494 215201
5495 103097
5496 855884
5497 192066
5498 890662
5499 263411
5500 182984
5501 172875
5502 146409
5503 201211
5504 73219
5505 237472
5506 48824
5507 48826
5508 1849928
5509 1825227
5510 1786107
5511 1383640
5512 506001
5513 109843
5514 1812981
5515 605030
5516 36629
5517 73239
5518 96765
5519 2130290
5520 614774
5521 1391685
5522 65818
5523 329089
5524 36624
5525 642745
5526 109835
5527 673618
5528 182812
5529 60729
5530 146232
5531 109688
5532 51815
5533 36573
5534 48779
5535 73233
5536 36622
5537 36627
5538 132629
5539 105387
5540 36626
5541 151445
5542 186687
5543 222748
5544 85108
5545 36628
5546 36627
5547 147079
5548 93718
5549 133099
5550 130843
5551 279753
5552 371401
5553 193305
5554 73223
5555 36615
5556 36622
5557 36622
5558 36628
5559 230748
5560 224633
5561 244156
5562 309112
5563 338025
5564 370176
5565 36625
5566 36623
5567 36626
5568 73239
5569 109843
5570 981717
5571 1397719
5572 139504
5573 400718
5574 370183
5575 1548025
5576 408362
5577 181591
5578 119685
5579 146422
5580 300938
5581 48824
5582 287065
5583 61024
5584 36625
5585 1563519
5586 267704
5587 307013
5588 146143
5589 1593773
5590 109552
5591 746543
5592 36624
5593 1624690
5594 42726
5595 1656306
5596 975782
5597 93098
5598 491544
5599 114656
5600 1688307
5601 997842
5602 37892
5603 194667
5604 224737
5605 36621
5606 58918
5607 430020
5608 1061733
5609 366524
5610 36623
5611 36627
5612 1089998
5613 1190883
5614 73190
5615 1253819
5616 36600
5617 36622
5618 157615
5619 203471
5620 167198
5621 73239
5622 184494
5623 36625
5624 357369
5625 390400
5626 423906
5627 457760
5628 491866
5629 526214
5630 560832
5631 595743
5632 630916
5633 666328
5634 701966
5635 737814
5636 773786
5637 59489
5638 50017
5639 150041
5640 36619
5641 36622
5642 261825
5643 36627
5644 336364
5645 414053
5646 157790
5647 159747
5648 274989
5649 263507
5650 109834
5651 73231
5652 36616
5653 146408
5654 109823
5655 73229
5656 36621
5657 82174
5658 85389
5659 103362
5660 309451
5661 206424
5662 181825
5663 36627
5664 36624
5665 36623
5666 36616
5667 73220
5668 36626
5669 36617
5670 73221
5671 36621
5672 73235
5673 36627
5674 81698
5675 60642
5676 3562432
5677 1322130
5678 3446040
5679 1288821
5680 688481
5681 568141
5682 3474463
5683 654830
5684 533571
5685 500246
5686 467530
5687 36623
5688 417447
5689 413213
5690 255124
5691 218570
5692 182006
5693 145617
5694 222753
5695 109219
5696 72810
5697 36623
5698 36400
5699 36604
5700 4177356
5701 85391
5702 48809
5703 36618
5704 61005
5705 36621
5706 73232
5707 109832
5708 36620
5709 73228
5710 109827
5711 202529
5712 181889
5713 163358
5714 36613
5715 73226
5716 36618
5717 109827
5718 109835
5719 73235
5720 36624
5721 432057
5722 400830
5723 464831
5724 375147
5725 639470
5726 810648
5727 146436
5728 48831
5729 73239
5730 36623
5731 149573
5732 1866647
5733 119472
5734 94851
5735 77276
5736 71509
5737 1079879
5738 83077
5739 995404
5740 73224
5741 973009
5742 36611
5743 112259
5744 475193
5745 582343
5746 618254
5747 329149
5748 73240
5749 292620
5750 36625
5751 256081
5752 219529
5753 182967
5754 146391
5755 109810
5756 73217
5757 36610
5758 36627
5759 36624
5760 73237
5761 687340
5762 585940
5763 563578
5764 564635
5765 73233
5766 36617
5767 117702
5768 145547
5769 109170
5770 72789
5771 36401
5772 36414
5773 36623
5774 36627
5775 172631
5776 140882
5777 114884
5778 146442
5779 73235
5780 42733
5781 42732
5782 36626
5783 36614
5784 36628
5785 146355
5786 67086
5787 42706
5788 36607
5789 385211
5790 263922
5791 361890
5792 410122
5793 423776
5794 36624
5795 449364
5796 36562
5797 73141
5798 109710
5799 146268
5800 182816
5801 219352
5802 255708
5803 292233
5804 802809
5805 474826
5806 438363
5807 401891
5808 365406
5809 328910
5810 292402
5811 255885
5812 219357
5813 182820
5814 146275
5815 109721
5816 73157
5817 36582
5818 36625
5819 225932
5820 226028
5821 36606
5822 73205
5823 109793
5824 2252234
5825 2135958
5826 256091
5827 219539
5828 182975
5829 146398
5830 2209667
5831 2121796
5832 109814
5833 73219
5834 36617
5835 72543
5836 88645
5837 36586
5838 73230
5839 36619
5840 109832
5841 73232
5842 36621
5843 89998
5844 101899
5845 40702
5846 104788
5847 45400
5848 133675
5849 133022
5850 168063
5851 157654
5852 254268
5853 50231
5854 67294
5855 100516
5856 111675
5857 36627
5858 317848
5859 570517
5860 985328
5861 314121
5862 73226
5863 36617
5864 36614
5865 73219
5866 36623
5867 256128
5868 183001
5869 109824
5870 36620
5871 36619
5872 36621
5873 86885
5874 117385
5875 36621
5876 61028
5877 117365
5878 83972
5879 109708
5880 73150
5881 36579
5882 36627
5883 472096
5884 85873
5885 36623
5886 134740
5887 488241
5888 502714
5889 358528
5890 36618
5891 287485
5892 36627
5893 594466
5894 36619
5895 36622
5896 1229067
5897 2411469
5898 36626
5899 82637
5900 36626
5901 146377
5902 109795
5903 73207
5904 36607
5905 109838
5906 73234
5907 36620
5908 36624
5909 293914
5910 314983
5911 338410
5912 365595
5913 36624
5914 36628
5915 73243
5916 36613
5917 121999
5918 48824
5919 219525
5920 36623
5921 61004
5922 36621
5923 839524
5924 486951
5925 280240
5926 371426
5927 79388
5928 207330
5929 36622
5930 298579
5931 48942
5932 42856
5933 140324
5934 146378
5935 115935
5936 36610
5937 79446
5938 103892
5939 42967
5940 36921
5941 36620
5942 36616
5943 73205
5944 36608
5945 36626
5946 1281175
5947 1712215
5948 1723205
5949 313311
5950 345472
5951 378772
5952 413026
5953 1376299
5954 2319456
5955 1344970
5956 1271790
5957 515095
5958 1316397
5959 1331224
5960 775085
5961 622996
5962 708161
5963 146428
5964 645632
5965 109837
5966 36621
5967 73236
5968 67394
5969 648742
5970 36623
5971 400033
5972 54026
5973 73236
5974 36622
5975 440102
5976 794998
5977 65146
5978 475212
5979 233127
5980 90708
5981 158590
5982 36625
5983 446969
5984 1575935
5985 1185012
5986 36623
5987 73236
5988 36627
5989 36623
5990 1381319
5991 36622
5992 36609
5993 2798756
5994 2776675
5995 2107727
5996 653814
5997 343603
5998 308189
5999 626622
6000 278970
6001 602332
6002 1737427
6003 36627
6004 215839
6005 187492
6006 166677
6007 1272036
6008 36615
6009 117344
6010 111389
6011 156857
6012 36622
6013 211858
6014 1248407
6015 36627
6016 828911
6017 36625
6018 783572
6019 374905
6020 471675
6021 443604
6022 36625
6023 743040
6024 849110
6025 36627
6026 436751
6027 36625
6028 410329
6029 662143
6030 348007
6031 74808
6032 463874
6033 410962
6034 61024
6035 401203
6036 311740
6037 36574
6038 165831
6039 109827
6040 57572
6041 349579
6042 251607
6043 36615
6044 36615
6045 296354
6046 36626
6047 434002
6048 36622
6049 270759
6050 396399
6051 176155
6052 338602
6053 36145
6054 254936
6055 126426
6056 223128
6057 221726
6058 68681
6059 172524
6060 211411
6061 386856
6062 140659
6063 71665
6064 187469
6065 73236
6066 36622
6067 249818
6068 93590
6069 164340
6070 81978
6071 222422
6072 74919
6073 36626
6074 109842
6075 73240
6076 36625
6077 36625
6078 36623
6079 695675
6080 729401
6081 800606
6082 36628
6083 240671
6084 36627
6085 177844
6086 112746
6087 380024
6088 414357
6089 50854
6090 107121
6091 48916
6092 71601
6093 449662
6094 491454
6095 118242
6096 557541
6097 36579
6098 73164
6099 109738
6100 146319
6101 219482
6102 36618
6103 36627
6104 36622
