0 326936
1 346986
2 308928
3 367692
4 389039
5 294306
6 1372763
7 282998
8 1018416
9 1338652
10 994697
11 275890
12 576448
13 394599
14 418833
15 285384
16 133784
17 370370
18 115641
19 230916
20 103509
21 1361441
22 182497
23 121686
24 346241
25 48766
26 97919
27 1384856
28 231009
29 146199
30 67587
31 73395
32 30492
33 1408398
34 128075
35 103704
36 55395
37 274239
38 48853
39 103474
40 91438
41 24989
42 48816
43 121799
44 30536
45 24412
46 25016
47 66985
48 66929
49 97422
50 328518
51 146578
52 103598
53 97600
54 207451
55 73212
56 188092
57 48816
58 172608
59 194205
60 24412
61 194732
62 161557
63 24412
64 208764
65 167172
66 3400366
67 225275
68 147765
69 49234
70 57639
71 70828
72 76771
73 89766
74 2381311
75 112544
76 82006
77 246640
78 48808
79 184647
80 522300
81 97001
82 3117546
83 126977
84 116222
85 1532320
86 48810
87 280997
88 170456
89 508213
90 48806
91 1217543
92 428934
93 576459
94 249642
95 24409
96 1574943
97 73190
98 48811
99 1196821
100 24408
101 497123
102 530685
103 73215
104 414577
105 1577284
106 48799
107 437049
108 292357
109 528617
110 500824
111 24409
112 91436
113 707458
114 24410
115 67070
116 131044
117 288178
118 4075796
119 4603981
120 4533570
121 4086317
122 601070
123 4098619
124 4527397
125 4111929
126 8156941
127 580810
128 3742943
129 4814115
130 3754252
131 2363482
132 407898
133 1078810
134 3753691
135 388082
136 209081
137 94774
138 4525760
139 3563753
140 1061886
141 72148
142 509277
143 98125
144 48832
145 122020
146 2350669
147 927590
148 97635
149 84819
150 48828
151 459798
152 24420
153 55044
154 72050
155 24421
156 24420
157 181440
158 1044055
159 3587815
160 2340079
161 496656
162 3330972
163 43267
164 376540
165 2486799
166 184001
167 334180
168 93680
169 173866
170 64335
171 2599112
172 485110
173 316591
174 194694
175 38796
176 177300
177 24419
178 1005602
179 202077
180 302217
181 182216
182 97635
183 444442
184 4822020
185 410040
186 490885
187 42727
188 30522
189 199402
190 1056427
191 267759
192 24422
193 611676
194 2328632
195 24419
196 607243
197 2657193
198 583015
199 188925
200 128919
201 563866
202 196995
203 264178
204 2134388
205 87667
206 1988986
207 671554
208 438373
209 711688
210 126154
211 96209
212 648842
213 136704
214 79053
215 596645
216 97634
217 378528
218 558779
219 195405
220 177009
221 42726
222 63417
223 225270
224 626479
225 30522
226 88444
227 1453262
228 292590
229 151472
230 415230
231 24422
232 109379
233 604480
234 587713
235 372631
236 4835931
237 4851624
238 12482302
239 8845988
240 3860188
241 816218
242 7843372
243 3030262
244 225723
245 798786
246 334910
247 302414
248 2749477
249 219733
250 460939
251 57047
252 24406
253 5504693
254 690803
255 459428
256 1872224
257 649975
258 1274562
259 583931
260 48790
261 2743152
262 230034
263 969015
264 139029
265 24402
266 24399
267 51275
268 152199
269 3522583
270 11958332
271 118506
272 69275
273 3510792
274 24412
275 99894
276 1006620
277 276654
278 582368
279 58812
280 24403
281 3462427
282 60742
283 318060
284 183567
285 273225
286 34608
287 27459
288 327534
289 80794
290 4846405
291 145392
292 5487986
293 312569
294 1162734
295 36049
296 258849
297 156136
298 48798
299 1431866
300 109733
301 1166898
302 128522
303 156519
304 1169355
305 126373
306 5666322
307 50004
308 350758
309 11047892
310 24403
311 74109
312 26686
313 3643275
314 67096
315 161193
316 120737
317 336737
318 73213
319 931890
320 166169
321 36618
322 24412
323 958479
324 203155
325 50952
326 2509224
327 87744
328 5205884
329 464539
330 192557
331 1308526
332 48806
333 73179
334 274421
335 366434
336 85725
337 1784758
338 30196
339 2351170
340 49751
341 1170835
342 199012
343 155171
344 24409
345 644482
346 180500
347 971569
348 1198423
349 48798
350 28677
351 2857485
352 602867
353 217042
354 24416
355 4265790
356 4220731
357 4214468
358 8813479
359 2025610
360 1592624
361 443628
362 5337376
363 2130316
364 1874068
365 614383
366 6380520
367 614991
368 1517174
369 589783
370 3529760
371 49732
372 734061
373 585556
374 42308
375 24416
376 24413
377 164329
378 1007486
379 4213846
380 419733
381 495553
382 606125
383 510063
384 1650021
385 374591
386 3510121
387 107063
388 1163725
389 24420
390 3468293
391 300951
392 473145
393 6392933
394 24420
395 473570
396 1064706
397 964187
398 602580
399 152989
400 565467
401 963473
402 554467
403 24420
404 2984966
405 299037
406 151354
407 999830
408 1122290
409 150614
410 182710
411 543803
412 724169
413 667545
414 533793
415 465734
416 284912
417 171874
418 800506
419 219390
420 121979
421 657968
422 453474
423 438093
424 195068
425 677196
426 146328
427 413809
428 519405
429 275764
430 24420
431 97636
432 467879
433 24410
434 48829
435 1028159
436 24420
437 389517
438 24421
439 79539
440 24419
441 94690
442 121970
443 24410
444 365217
445 73194
446 414597
447 60750
448 6236216
449 2936089
450 24410
451 635413
452 64403
453 24410
454 316180
455 59921
456 97137
457 24418
458 47849
459 372602
460 35915
461 28646
462 72478
463 402982
464 171044
465 264111
466 733533
467 24413
468 157648
469 4532821
470 48800
471 67254
472 568086
473 582722
474 600298
475 556935
476 619929
477 550368
478 641106
479 4656916
480 552667
481 2556497
482 2131332
483 196482
484 1930995
485 181401
486 167929
487 155959
488 2603791
489 1918640
490 145126
491 3994725
492 2204609
493 135695
494 693525
495 130080
496 889072
497 1984119
498 132021
499 168356
500 146823
501 1103310
502 1142368
503 125299
504 101514
505 79104
506 396155
507 357980
508 272104
509 63886
510 112521
511 269242
512 2711078
513 65577
514 154375
515 1603912
516 804697
517 89677
518 1583385
519 223376
520 762170
521 274354
522 117403
523 636427
524 288905
525 68426
526 112523
527 24420
528 805872
529 51327
530 912699
531 198736
532 613154
533 803553
534 502425
535 4010401
536 2018554
537 383641
538 232118
539 1539532
540 590693
541 223969
542 41230
543 376553
544 44013
545 97583
546 373758
547 310763
548 48807
549 48802
550 24407
551 36612
552 61106
553 377447
554 171740
555 652465
556 218500
557 24419
558 441370
559 48830
560 569271
561 471172
562 24419
563 553778
564 132100
565 24405
566 1587484
567 82755
568 73209
569 73202
570 73232
571 616861
572 465621
573 30511
574 48814
575 1717677
576 24408
577 415340
578 60035
579 24411
580 121016
581 761723
582 1606774
583 139222
584 47620
585 96640
586 53458
587 24419
588 24407
589 178040
590 4528198
591 4028813
592 11058628
593 21607028
594 7568217
595 6352822
596 3482621
597 6370868
598 48814
599 3447302
600 24411
601 982033
602 3401293
603 48812
604 195076
605 3391521
606 961132
607 3476168
608 146336
609 24410
610 4269801
611 3692403
612 121966
613 24410
614 2067133
615 97588
616 2425063
617 73203
618 1136996
619 1059729
620 3681785
621 5523535
622 48810
623 956375
624 866214
625 1231075
626 1084350
627 5265911
628 24409
629 1481386
630 691683
631 18348515
632 97599
633 48810
634 146157
635 2977659
636 756434
637 708357
638 24411
639 107551
640 1396310
641 48814
642 24412
643 1041115
644 682968
645 887705
646 125118
647 24411
648 97379
649 611124
650 1403023
651 106759
652 3918881
653 831287
654 91782
655 1027989
656 176788
657 3390836
658 88234
659 73188
660 159010
661 857768
662 2169730
663 3112572
664 48799
665 24402
666 191725
667 3910840
668 791505
669 689009
670 94890
671 82215
672 967774
673 478305
674 776679
675 189180
676 877686
677 612920
678 166493
679 76112
680 616238
681 155233
682 1741769
683 146174
684 1717921
685 667511
686 720924
687 571915
688 561722
689 48814
690 1717123
691 672280
692 73188
693 164884
694 48800
695 24411
696 121818
697 562484
698 223969
699 24404
700 73206
701 3957365
702 24409
703 807945
704 1111760
705 1319971
706 313304
707 97456
708 48812
709 24410
710 18350453
711 19496620
712 17509227
713 3136451
714 21729661
715 5666101
716 4358740
717 4345926
718 5129066
719 1345008
720 3632579
721 3598888
722 1205677
723 1627706
724 2115450
725 1042190
726 1509926
727 2078405
728 1332478
729 1332848
730 1022191
731 16704494
732 254651
733 1492740
734 1021609
735 1082720
736 2961111
737 2855278
738 24394
739 1003349
740 743058
741 1074884
742 721959
743 75508
744 1320501
745 702805
746 2773322
747 1794542
748 686594
749 2694853
750 676321
751 933067
752 1921055
753 238663
754 2665197
755 1388055
756 2260397
757 231317
758 137731
759 1418931
760 670848
761 1138851
762 925753
763 1368505
764 927346
765 1677946
766 458900
767 452759
768 805555
769 1348473
770 3007714
771 137786
772 1077683
773 670894
774 426583
775 1436842
776 146485
777 1015268
778 35486
779 2756491
780 24412
781 434823
782 725218
783 303286
784 1454856
785 734981
786 35696
787 603096
788 2662326
789 609108
790 1725891
791 36742
792 737713
793 1177162
794 285270
795 513188
796 414216
797 443568
798 1887449
799 450296
800 271592
801 355977
802 2528165
803 16700901
804 80406
805 90277
806 1046179
807 86272
808 399404
809 3374639
810 2266138
811 1865885
812 78681
813 411662
814 97577
815 398480
816 42708
817 1040725
818 30497
819 407761
820 2265992
821 265215
822 48777
823 24406
824 431833
825 495821
826 48822
827 3763536
828 24408
829 15222045
830 15220668
831 22390113
832 3344081
833 20210723
834 3322645
835 3471196
836 1495636
837 8197433
838 574738
839 4106669
840 1398759
841 3864096
842 555821
843 308044
844 1312376
845 7828605
846 97594
847 2710091
848 73207
849 48812
850 24410
851 107567
852 539852
853 1378993
854 1705151
855 2702593
856 1243324
857 73192
858 760664
859 73209
860 299624
861 48814
862 526586
863 410591
864 24411
865 146289
866 7101997
867 404109
868 515989
869 3516828
870 48814
871 442910
872 1383304
873 24411
874 52535
875 44417
876 121925
877 2972155
878 24404
879 2865218
880 6274189
881 97553
882 175902
883 53568
884 562468
885 2801904
886 627769
887 76076
888 73175
889 1360518
890 3799439
891 48791
892 24404
893 1151480
894 1009179
895 1398285
896 24399
897 6259878
898 480343
899 219416
900 151716
901 960127
902 1960045
903 188705
904 395357
905 73206
906 3654135
907 103161
908 864478
909 143975
910 166517
911 773151
912 4401185
913 456112
914 3758040
915 1420163
916 144543
917 1855271
918 905181
919 3075186
920 121025
921 1945266
922 128533
923 344693
924 432032
925 3288621
926 133777
927 48813
928 233533
929 42381
930 1209210
931 73209
932 195069
933 48814
934 841387
935 290238
936 2660113
937 24404
938 2472218
939 166163
940 1419469
941 1418120
942 2459392
943 24411
944 306319
945 48814
946 170750
947 17252117
948 17245107
949 21286389
950 4792479
951 13195673
952 4786912
953 7753743
954 262407
955 243500
956 4293783
957 507199
958 212396
959 1921749
960 4281585
961 197711
962 187851
963 1453423
964 1452145
965 1869375
966 4270483
967 227257
968 24414
969 486340
970 24420
971 241418
972 220809
973 4364713
974 2572356
975 474757
976 146349
977 11930392
978 1237286
979 464577
980 121977
981 307924
982 9383910
983 97597
984 1140232
985 1727261
986 215204
987 281630
988 1624179
989 73209
990 415874
991 191972
992 393998
993 106198
994 48814
995 647306
996 327393
997 292411
998 1226503
999 73211
1000 558463
1001 1349214
1002 398515
1003 2395515
1004 538534
1005 209379
1006 2567607
1007 268083
1008 73211
1009 3941551
1010 48830
1011 243783
1012 24420
1013 2563268
1014 168589
1015 590816
1016 109765
1017 24419
1018 782352
1019 24399
1020 3870446
1021 24411
1022 2527701
1023 48832
1024 429261
1025 724694
1026 85394
1027 3379276
1028 1049875
1029 109718
1030 61024
1031 85346
1032 48815
1033 1685741
1034 24407
1035 60976
1036 2570382
1037 519528
1038 53445
1039 36617
1040 48815
1041 24455
1042 24420
1043 36653
1044 9365001
1045 705900
1046 1855754
1047 24412
1048 50123
1049 1159461
1050 5502653
1051 1155553
1052 801170
1053 1029231
1054 2817325
1055 3593692
1056 24411
1057 3456127
1058 2790906
1059 2650793
1060 775206
1061 808066
1062 732167
1063 513703
1064 3007499
1065 6422159
1066 6406812
1067 1802558
1068 1314524
1069 210536
1070 514075
1071 615614
1072 28537
1073 226341
1074 651937
1075 1978992
1076 247129
1077 106887
1078 907880
1079 3814840
1080 497114
1081 250228
1082 56898
1083 35911
1084 76754
1085 2234042
1086 73203
1087 184121
1088 27812
1089 24408
1090 41790
1091 48810
1092 560190
1093 24409
1094 267028
1095 886865
1096 97552
1097 2211267
1098 156837
1099 359910
1100 1569693
1101 24400
1102 1563391
1103 938699
1104 347578
1105 48783
1106 24385
1107 48809
1108 2189633
1109 176121
1110 24391
1111 189726
1112 336599
1113 332558
1114 171693
1115 2321015
1116 2169032
1117 2187882
1118 166267
1119 257294
1120 192561
1121 53155
1122 236335
1123 24409
1124 1888071
1125 666125
1126 1620423
1127 48812
1128 437160
1129 424528
1130 311500
1131 73199
1132 603484
1133 322364
1134 167649
1135 48803
1136 24410
1137 24399
1138 38370
1139 306814
1140 24408
1141 318501
1142 142813
1143 229523
1144 481778
1145 258584
1146 24406
1147 321909
1148 1284966
1149 354529
1150 427134
1151 48435
1152 742308
1153 261955
1154 234192
1155 744476
1156 688152
1157 259169
1158 415904
1159 245303
1160 119152
1161 24409
1162 232627
1163 199366
1164 166074
1165 141732
1166 452727
1167 24407
1168 233031
1169 171531
1170 1152441
1171 125986
1172 323281
1173 219352
1174 1160832
1175 432356
1176 126579
1177 132466
1178 24407
1179 195059
1180 388387
1181 109184
1182 326500
1183 108343
1184 73193
1185 282971
1186 139281
1187 159304
1188 124799
1189 77556
1190 132315
1191 292003
1192 35062
1193 169744
1194 45618
1195 102861
1196 129339
1197 928407
1198 72778
1199 53182
1200 955011
1201 141698
1202 96849
1203 666606
1204 542577
1205 943287
1206 103434
1207 32293
1208 92512
1209 570187
1210 104838
1211 24419
1212 909869
1213 940131
1214 126423
1215 173946
1216 1127707
1217 823784
1218 684037
1219 160407
1220 4207127
1221 149088
1222 1438076
1223 4173749
1224 456367
1225 4650083
1226 4176847
1227 83974
1228 4593907
1229 1233855
1230 713349
1231 65703
1232 882557
1233 4182893
1234 1287755
1235 811151
1236 357211
1237 280487
1238 873111
1239 4591915
1240 1023853
1241 439843
1242 206777
1243 188661
1244 24419
1245 977244
1246 226187
1247 4388145
1248 431200
1249 265309
1250 176968
1251 61290
1252 184585
1253 244770
1254 1023127
1255 174373
1256 4490322
1257 552576
1258 1356529
1259 117834
1260 103392
1261 1033160
1262 517739
1263 3159044
1264 945723
1265 435995
1266 2730223
1267 501350
1268 427138
1269 70891
1270 3574048
1271 509283
1272 3706629
1273 99100
1274 2680296
1275 1759218
1276 390525
1277 448057
1278 421347
1279 878327
1280 47531
1281 480298
1282 56211
1283 89211
1284 418508
1285 3393857
1286 1006020
1287 2743605
1288 262668
1289 94001
1290 789507
1291 969984
1292 3335394
1293 2244053
1294 1642836
1295 248913
1296 431165
1297 423029
1298 3152003
1299 87488
1300 49199
1301 1773935
1302 57244
1303 471007
1304 64995
1305 417735
1306 36863
1307 1065958
1308 26639
1309 694976
1310 52712
1311 81715
1312 1788486
1313 507636
1314 56614
1315 695075
1316 58107
1317 1032493
1318 485918
1319 1021865
1320 465492
1321 56210
1322 698438
1323 1026062
1324 1045992
1325 446947
1326 711508
1327 64468
1328 1185011
1329 149533
1330 1034207
1331 57202
1332 92858
1333 135372
1334 433155
1335 81375
1336 1013284
1337 24417
1338 44299
1339 997290
1340 62095
1341 425662
1342 77347
1343 987724
1344 201922
1345 45807
1346 420787
1347 80342
1348 1150863
1349 821744
1350 48827
1351 975739
1352 24417
1353 499234
1354 346959
1355 173678
1356 989423
1357 80213
1358 203544
1359 418488
1360 80742
1361 61459
1362 996027
1363 73231
1364 451131
1365 24419
1366 846007
1367 48828
1368 371062
1369 1005283
1370 236256
1371 208508
1372 1051490
1373 24418
1374 213241
1375 125051
1376 24419
1377 133604
1378 48791
1379 865366
1380 422439
1381 795425
1382 407799
1383 118596
1384 401138
1385 432886
1386 144519
1387 1050264
1388 750035
1389 61007
1390 24400
1391 75502
1392 396818
1393 1707241
1394 414670
1395 158438
1396 24410
1397 48831
1398 675479
1399 64788
1400 332418
1401 1708026
1402 698622
1403 2431405
1404 658266
1405 1373109
1406 48832
1407 528937
1408 899136
1409 296794
1410 858506
1411 24420
1412 253990
1413 24419
1414 279125
1415 2608598
1416 138088
1417 643788
1418 264541
1419 186173
1420 865582
1421 146349
1422 24408
1423 73194
1424 48809
1425 24408
1426 170688
1427 24408
1428 764479
1429 733882
1430 751166
1431 537075
1432 315184
1433 70671
1434 46280
1435 24397
1436 694738
1437 192795
1438 73194
1439 24404
1440 24405
1441 555794
1442 447213
1443 1210417
1444 649412
1445 139990
1446 1183571
1447 168676
1448 1361494
1449 265484
1450 1128183
1451 1136919
1452 73143
1453 48769
1454 24402
1455 1124706
1456 24388
1457 73194
1458 856392
1459 1262198
1460 1699896
1461 652897
1462 1762035
1463 121871
1464 48804
1465 1104857
1466 97510
1467 592374
1468 268050
1469 73142
1470 195033
1471 665423
1472 48768
1473 121929
1474 24388
1475 24409
1476 570134
1477 24406
1478 48796
1479 48798
1480 1081611
1481 24402
1482 97558
1483 24402
1484 73180
1485 48794
1486 548624
1487 1125755
1488 24401
1489 575404
1490 1782512
1491 632859
1492 549724
1493 449933
1494 48802
1495 24405
1496 2015699
1497 578712
1498 544734
1499 562340
1500 1349178
1501 114133
1502 97576
1503 388460
1504 112890
1505 24410
1506 615564
1507 511213
1508 73192
1509 447171
1510 331984
1511 375877
1512 48811
1513 343252
1514 449921
1515 48799
1516 453921
1517 267950
1518 123180
1519 24409
1520 557749
1521 662252
1522 619086
1523 243654
1524 141518
1525 366680
1526 219485
1527 115743
1528 24408
1529 48807
1530 90452
1531 24407
1532 24400
1533 187349
1534 478218
1535 69581
1536 363259
1537 36517
1538 24407
1539 243553
1540 73118
1541 48753
1542 97479
1543 24379
1544 267771
1545 48755
1546 292086
1547 24380
1548 24381
1549 359558
1550 43715
1551 48751
1552 25583
1553 31087
1554 24379
1555 54723
1556 78940
1557 3970083
1558 3804124
1559 3036379
1560 1128169
1561 1906397
1562 2790032
1563 244000
1564 1124247
1565 2990400
1566 247549
1567 1131188
1568 224299
1569 3277249
1570 2073866
1571 1796350
1572 2536969
1573 2481063
1574 24418
1575 208971
1576 60488
1577 1179627
1578 2502173
1579 231732
1580 2910453
1581 2857299
1582 2032964
1583 44270
1584 2851325
1585 198161
1586 109788
1587 496469
1588 1325182
1589 485099
1590 209189
1591 262457
1592 2346024
1593 79402
1594 45100
1595 78519
1596 216432
1597 539342
1598 2341208
1599 70625
1600 165109
1601 3116816
1602 74397
1603 28197
1604 108512
1605 38117
1606 518225
1607 145273
1608 2345606
1609 56920
1610 1650909
1611 88341
1612 469819
1613 525351
1614 429953
1615 40480
1616 123459
1617 321506
1618 80631
1619 86265
1620 2455263
1621 872565
1622 80320
1623 2471013
1624 57968
1625 124128
1626 1103639
1627 561439
1628 165423
1629 339605
1630 370565
1631 3101300
1632 90952
1633 165885
1634 152571
1635 490097
1636 905893
1637 710108
1638 286385
1639 345302
1640 315018
1641 143557
1642 1647656
1643 112770
1644 739463
1645 168418
1646 371388
1647 354338
1648 1866562
1649 141789
1650 46642
1651 2627550
1652 122989
1653 315815
1654 2571682
1655 913882
1656 360730
1657 2734631
1658 60323
1659 836992
1660 396885
1661 346707
1662 32251
1663 130403
1664 921487
1665 2666514
1666 1004040
1667 80168
1668 501417
1669 814419
1670 1860393
1671 392187
1672 367221
1673 798483
1674 146486
1675 244251
1676 210230
1677 1437866
1678 594940
1679 252777
1680 122910
1681 528841
1682 578748
1683 1416164
1684 56746
1685 1169250
1686 123454
1687 40591
1688 251186
1689 78246
1690 153853
1691 520463
1692 1679288
1693 68429
1694 570508
1695 654940
1696 617646
1697 601335
1698 111288
1699 591173
1700 1650247
1701 76209
1702 681606
1703 140693
1704 686064
1705 257392
1706 3739468
1707 4501979
1708 24414
1709 1865596
1710 4188063
1711 710437
1712 24412
1713 313085
1714 191013
1715 2620795
1716 533488
1717 5207409
1718 3596868
1719 275490
1720 97603
1721 73211
1722 48811
1723 24404
1724 1747358
1725 2496885
1726 64435
1727 1956595
1728 3150279
1729 1994119
1730 307036
1731 301699
1732 717317
1733 757721
1734 4014343
1735 104725
1736 3863895
1737 90277
1738 79951
1739 490735
1740 82066
1741 3459949
1742 442326
1743 826852
1744 3069644
1745 3406112
1746 2870571
1747 210310
1748 395200
1749 182028
1750 71973
1751 129247
1752 56169
1753 60424
1754 687632
1755 3410839
1756 726524
1757 41608
1758 1123833
1759 3532137
1760 63841
1761 1122711
1762 789937
1763 3019733
1764 1400635
1765 448018
1766 52203
1767 1079017
1768 788700
1769 298505
1770 692815
1771 1077044
1772 148913
1773 1124747
1774 100791
1775 286960
1776 698562
1777 325225
1778 1128162
1779 670523
1780 125029
1781 1147565
1782 104639
1783 343676
1784 150752
1785 525615
1786 665013
1787 79779
1788 109422
1789 518234
1790 1049594
1791 59718
1792 115272
1793 312975
1794 111273
1795 31680
1796 43152
1797 267158
1798 128833
1799 341551
1800 57008
1801 258339
1802 2554294
1803 3850882
1804 588060
1805 2437953
1806 3500993
1807 586426
1808 2412049
1809 4923004
1810 3484271
1811 565079
1812 3113552
1813 3042581
1814 2620334
1815 24411
1816 1225994
1817 73192
1818 1234739
1819 576646
1820 515134
1821 48802
1822 3862349
1823 3012912
1824 24404
1825 2400817
1826 59997
1827 505635
1828 110509
1829 24408
1830 84410
1831 3932165
1832 2390591
1833 1252118
1834 2894254
1835 2075310
1836 6119451
1837 986905
1838 112095
1839 1803434
1840 2379637
1841 55275
1842 60846
1843 75164
1844 25745
1845 73210
1846 521461
1847 984442
1848 48815
1849 1068988
1850 2845631
1851 1751526
1852 317815
1853 24411
1854 112319
1855 83948
1856 1403170
1857 185465
1858 1824113
1859 24411
1860 73187
1861 294511
1862 48772
1863 70127
1864 966318
1865 751420
1866 48798
1867 1867157
1868 277293
1869 2540569
1870 2068929
1871 111911
1872 919536
1873 71148
1874 46819
1875 2803707
1876 9391735
1877 38605
1878 266995
1879 42078
1880 24390
1881 781528
1882 91251
1883 73217
1884 24411
1885 24402
1886 7014555
1887 161508
1888 48812
1889 1769147
1890 57692
1891 1535921
1892 48822
1893 170939
1894 341103
1895 2505645
1896 374906
1897 736170
1898 80590
1899 56727
1900 24410
1901 96112
1902 162984
1903 798466
1904 148752
1905 73209
1906 268098
1907 48813
1908 226363
1909 76730
1910 24410
1911 386210
1912 221619
1913 97638
1914 91115
1915 181947
1916 121971
1917 24406
1918 381826
1919 97592
1920 177198
1921 447017
1922 197427
1923 73204
1924 474981
1925 48812
1926 102028
1927 73274
1928 24411
1929 156516
1930 249834
1931 24409
1932 68784
1933 48809
1934 405118
1935 43676
1936 141650
1937 24410
1938 48816
1939 24408
1940 464407
1941 94556
1942 94863
1943 256007
1944 219966
1945 105551
1946 24412
1947 207853
1948 133163
1949 24405
1950 62650
1951 24410
1952 24411
1953 2257956
1954 67363
1955 356441
1956 318001
1957 264037
1958 78186
1959 335824
1960 303374
1961 2129756
1962 336025
1963 170750
1964 182391
1965 166428
1966 146379
1967 249912
1968 122000
1969 148477
1970 2449611
1971 184568
1972 131405
1973 2470259
1974 449623
1975 1765261
1976 201150
1977 244167
1978 136010
1979 61217
1980 160562
1981 2656052
1982 197113
1983 97613
1984 65079
1985 254214
1986 73221
1987 66979
1988 361474
1989 48821
1990 73626
1991 122030
1992 24414
1993 166449
1994 48821
1995 192103
1996 187972
1997 48823
1998 120461
1999 248603
2000 241240
2001 215210
2002 175273
2003 215645
2004 2653334
2005 42658
2006 73239
2007 170765
2008 859032
2009 2595800
2010 24419
2011 236551
2012 111154
2013 24419
2014 214107
2015 145827
2016 492715
2017 24450
2018 872297
2019 48829
2020 24412
2021 24420
2022 119144
2023 97617
2024 24412
2025 1687071
2026 97613
2027 522759
2028 296211
2029 898491
2030 368010
2031 623645
2032 111621
2033 1773531
2034 1194352
2035 668112
2036 479150
2037 1194316
2038 93814
2039 4083076
2040 100878
2041 899797
2042 438183
2043 128940
2044 390398
2045 542339
2046 165657
2047 2971897
2048 202774
2049 925269
2050 73581
2051 1674396
2052 352183
2053 103376
2054 388478
2055 3747074
2056 102468
2057 2501643
2058 73550
2059 110118
2060 51958
2061 294961
2062 71178
2063 62404
2064 2468130
2065 459033
2066 812967
2067 120566
2068 417737
2069 2272675
2070 97518
2071 63050
2072 2358409
2073 3311254
2074 102298
2075 1254259
2076 44248
2077 34372
2078 494587
2079 705868
2080 146839
2081 844639
2082 58563
2083 251963
2084 104469
2085 1521898
2086 48816
2087 147094
2088 44851
2089 109237
2090 290064
2091 211939
2092 492285
2093 96929
2094 1326966
2095 129124
2096 2625421
2097 191209
2098 24410
2099 820802
2100 928523
2101 954020
2102 137833
2103 456970
2104 48295
2105 97622
2106 115333
2107 150667
2108 297598
2109 36619
2110 416413
2111 36620
2112 33823
2113 389301
2114 1288938
2115 24421
2116 207742
2117 186697
2118 50413
2119 143920
2120 621184
2121 260353
2122 76494
2123 24420
2124 72464
2125 82630
2126 777544
2127 104909
2128 231135
2129 37161
2130 92872
2131 157414
2132 263486
2133 41872
2134 1843760
2135 84592
2136 214087
2137 233391
2138 1746399
2139 2526320
2140 1204317
2141 73232
2142 1384014
2143 202210
2144 216977
2145 1379017
2146 1034349
2147 978221
2148 1260692
2149 1933000
2150 1223278
2151 88187
2152 1268940
2153 77088
2154 946472
2155 871698
2156 102952
2157 2113004
2158 383842
2159 1004791
2160 863254
2161 173378
2162 761723
2163 1458567
2164 51556
2165 170416
2166 3776965
2167 186838
2168 27206
2169 24407
2170 97594
2171 73165
2172 24409
2173 393939
2174 48785
2175 36604
2176 36613
2177 24411
2178 1648954
2179 350306
2180 620638
2181 683971
2182 608043
2183 24396
2184 25444
2185 263634
2186 1690405
2187 597870
2188 48812
2189 205976
2190 776424
2191 163739
2192 115884
2193 593268
2194 24411
2195 577068
2196 3896370
2197 1618626
2198 254461
2199 400186
2200 250798
2201 558090
2202 72763
2203 265617
2204 4127831
2205 24408
2206 24410
2207 106958
2208 242351
2209 518566
2210 24408
2211 329116
2212 24186
2213 71472
2214 24186
2215 107231
2216 1286432
2217 24409
2218 338377
2219 136851
2220 24411
2221 1926231
2222 357972
2223 1262939
2224 84604
2225 378082
2226 143582
2227 205021
2228 24405
2229 3930429
2230 24411
2231 1088632
2232 398773
2233 220572
2234 462945
2235 90755
2236 24412
2237 364777
2238 187484
2239 320364
2240 1358281
2241 24407
2242 443127
2243 420227
2244 474926
2245 24408
2246 101965
2247 24409
2248 24407
2249 314305
2250 304974
2251 450936
2252 1046100
2253 115738
2254 131390
2255 97606
2256 442224
2257 24405
2258 432232
2259 487860
2260 151869
2261 24408
2262 48817
2263 427467
2264 24411
2265 483886
2266 36337
2267 39827
2268 30368
2269 48311
2270 392023
2271 486256
2272 538397
2273 28967
2274 422935
2275 91923
2276 367785
2277 69406
2278 128232
2279 343543
2280 1055095
2281 219464
2282 319306
2283 113498
2284 503748
2285 181996
2286 105201
2287 195111
2288 159207
2289 67499
2290 1181318
2291 73797
2292 143171
2293 133275
2294 1204419
2295 170749
2296 248505
2297 91112
2298 95073
2299 177474
2300 191835
2301 146380
2302 255077
2303 278438
2304 48831
2305 301955
2306 1227853
2307 389118
2308 122003
2309 295099
2310 24420
2311 1251332
2312 368246
2313 174306
2314 1274843
2315 303165
2316 270952
2317 386150
2318 185318
2319 246852
2320 223092
2321 219318
2322 405544
2323 97618
2324 423438
2325 445179
2326 99809
2327 75559
2328 468746
2329 73225
2330 194966
2331 51461
2332 1298425
2333 296036
2334 519517
2335 211221
2336 492432
2337 170762
2338 314163
2339 170621
2340 1322101
2341 32426
2342 1716685
2343 97572
2344 1049122
2345 42698
2346 97620
2347 1123241
2348 537394
2349 1053735
2350 30498
2351 1074282
2352 24406
2353 1062713
2354 31047
2355 121947
2356 516245
2357 146390
2358 941241
2359 1076034
2360 73226
2361 1100248
2362 146267
2363 31630
2364 97567
2365 560733
2366 159539
2367 155287
2368 73185
2369 597527
2370 122011
2371 30506
2372 48824
2373 24402
2374 48043
2375 47272
2376 157459
2377 264655
2378 1112279
2379 655885
2380 24416
2381 121906
2382 97537
2383 254945
2384 361699
2385 182000
2386 24419
2387 24419
2388 60950
2389 193871
2390 217992
2391 109945
2392 59591
2393 263934
2394 65614
2395 307632
2396 48847
2397 98573
2398 24417
2399 36721
2400 126418
2401 60981
2402 73324
2403 368052
2404 761128
2405 73233
2406 170296
2407 48830
2408 24418
2409 41169
2410 76036
2411 24419
2412 48849
2413 392100
2414 114599
2415 663918
2416 318925
2417 24415
2418 67856
2419 712272
2420 90344
2421 261883
2422 282733
2423 306817
2424 24420
2425 6112163
2426 5933318
2427 330915
2428 210249
2429 6203571
2430 6642502
2431 189513
2432 6038546
2433 178671
2434 6164564
2435 5982445
2436 6061760
2437 1080847
2438 64713
2439 3158469
2440 1067844
2441 331454
2442 255223
2443 3174058
2444 274563
2445 5962562
2446 5195377
2447 314880
2448 3089041
2449 49992
2450 3082737
2451 828062
2452 1056509
2453 5086282
2454 299980
2455 121414
2456 204967
2457 5007445
2458 818330
2459 232994
2460 284834
2461 287309
2462 2319949
2463 784666
2464 48554
2465 182557
2466 279742
2467 213792
2468 887132
2469 219227
2470 170789
2471 981941
2472 204576
2473 2687060
2474 228593
2475 2437212
2476 192424
2477 196847
2478 737927
2479 1244252
2480 3072823
2481 235844
2482 219947
2483 787259
2484 475605
2485 175250
2486 2408581
2487 389840
2488 154447
2489 271638
2490 97627
2491 93255
2492 140014
2493 268274
2494 113458
2495 2330439
2496 957476
2497 326310
2498 2149587
2499 141959
2500 479019
2501 647068
2502 259457
2503 468807
2504 242314
2505 73201
2506 48808
2507 530168
2508 24408
2509 54725
2510 122818
2511 218487
2512 170692
2513 115421
2514 925317
2515 1407089
2516 69874
2517 50048
2518 914269
2519 53451
2520 24403
2521 892401
2522 146334
2523 77478
2524 1423579
2525 60995
2526 850337
2527 60988
2528 36615
2529 24421
2530 36607
2531 24397
2532 807422
2533 792754
2534 1218610
2535 751830
2536 902076
2537 745098
2538 743957
2539 1561639
2540 2474831
2541 1251591
2542 1133175
2543 1693254
2544 1263257
2545 1709346
2546 1276599
2547 1170498
2548 2570356
2549 1290663
2550 2527130
2551 655107
2552 555236
2553 1481465
2554 1443384
2555 539460
2556 2127098
2557 272664
2558 630908
2559 1094819
2560 63734
2561 437392
2562 92646
2563 175700
2564 606701
2565 530730
2566 169735
2567 1077284
2568 167878
2569 508988
2570 48794
2571 2116982
2572 63884
2573 582488
2574 1353791
2575 73179
2576 185471
2577 31535
2578 2001235
2579 523988
2580 176945
2581 36443
2582 24400
2583 834617
2584 558266
2585 48793
2586 206304
2587 1833569
2588 836235
2589 201715
2590 542205
2591 534036
2592 48799
2593 24400
2594 24403
2595 851095
2596 943992
2597 509798
2598 1912450
2599 73192
2600 48784
2601 48802
2602 228356
2603 24405
2604 3080440
2605 839101
2606 485554
2607 1410313
2608 1657169
2609 228764
2610 583614
2611 1245491
2612 461304
2613 248269
2614 24395
2615 1088576
2616 1389972
2617 437045
2618 550923
2619 692853
2620 675324
2621 664990
2622 663683
2623 24389
2624 73147
2625 24389
2626 97512
2627 146244
2628 194939
2629 24394
2630 24395
2631 448058
2632 305758
2633 265312
2634 48783
2635 24394
2636 66316
2637 24401
2638 39972
2639 71215
2640 24402
2641 176654
2642 152411
2643 42783
2644 97560
2645 42753
2646 36593
2647 36597
2648 48814
2649 24401
2650 24411
2651 73213
2652 24411
2653 91381
2654 67041
2655 48791
2656 36628
2657 36639
2658 54910
2659 79266
2660 103619
2661 97594
2662 24410
2663 48812
2664 24410
2665 24412
2666 24319
2667 48632
2668 97243
2669 24322
2670 145824
2671 24322
2672 170084
2673 194352
2674 218615
2675 242870
2676 267117
2677 291360
2678 315657
2679 339946
2680 364230
2681 388508
2682 412779
2683 24402
2684 24404
2685 401210
2686 432693
2687 146329
2688 121958
2689 322597
2690 97582
2691 73200
2692 30503
2693 24408
2694 323331
2695 144504
2696 163849
2697 80753
2698 49314
2699 37044
2700 24398
2701 48791
2702 701494
2703 642040
2704 630841
2705 24397
2706 932248
2707 950872
2708 913797
2709 895685
2710 887106
2711 888545
2712 1055765
2713 710870
2714 692621
2715 534602
2716 970123
2717 802192
2718 719099
2719 24418
2720 205246
2721 798098
2722 186750
2723 155265
2724 990185
2725 157097
2726 122004
2727 843471
2728 169103
2729 1010644
2730 1142471
2731 97618
2732 73225
2733 48824
2734 24416
2735 1031497
2736 1383684
2737 535951
2738 520673
2739 1089174
2740 514122
2741 219487
2742 390361
2743 1079414
2744 195132
2745 768987
2746 170769
2747 384506
2748 134829
2749 1133089
2750 493087
2751 167758
2752 473298
2753 128522
2754 24419
2755 146397
2756 365807
2757 455076
2758 105939
2759 24417
2760 79688
2761 319221
2762 1132419
2763 221037
2764 122018
2765 1040322
2766 24417
2767 888984
2768 1109704
2769 24418
2770 465439
2771 362456
2772 214025
2773 24417
2774 314640
2775 1433781
2776 24418
2777 156459
2778 879899
2779 284680
2780 97634
2781 1199370
2782 97630
2783 73235
2784 24419
2785 48830
2786 24419
2787 274088
2788 24420
2789 24419
2790 24418
2791 24418
2792 109360
2793 122004
2794 508074
2795 382097
2796 976458
2797 171085
2798 361530
2799 24419
2800 73235
2801 24418
2802 129160
2803 24420
2804 30521
2805 30522
2806 224472
2807 1055652
2808 465803
2809 24418
2810 163598
2811 455517
2812 1287526
2813 104845
2814 73219
2815 989558
2816 156789
2817 167894
2818 309586
2819 48821
2820 24419
2821 24414
2822 48829
2823 24414
2824 195020
2825 24403
2826 341069
2827 146294
2828 121933
2829 97562
2830 73183
2831 48796
2832 24402
2833 121931
2834 97560
2835 73181
2836 48793
2837 24401
2838 2373665
2839 2461661
2840 2467703
2841 88767
2842 64451
2843 2487086
2844 40157
2845 1411163
2846 32471
2847 48829
2848 2506720
2849 24418
2850 1412734
2851 42092
2852 1420609
2853 87858
2854 68961
2855 83156
2856 60924
2857 1366690
2858 165328
2859 24419
2860 1423243
2861 64031
2862 395980
2863 394732
2864 346078
2865 76652
2866 73218
2867 48819
2868 24413
2869 235211
2870 222370
2871 190583
2872 97625
2873 24419
2874 48824
2875 24419
2876 24422
2877 1224095
2878 173734
2879 24420
2880 24420
2881 205325
2882 609464
2883 24419
2884 245283
2885 73231
2886 112818
2887 24418
2888 30522
2889 97625
2890 36619
2891 42724
2892 30522
2893 94149
2894 763348
2895 24419
2896 24420
2897 24352
2898 48697
2899 146023
2900 170305
2901 73036
2902 194668
2903 48699
2904 219022
2905 24353
2906 365150
2907 389269
2908 122001
2909 97615
2910 73220
2911 48821
2912 24414
2913 97600
2914 42687
2915 30533
2916 24412
2917 219497
2918 247359
2919 97618
2920 48821
2921 24414
2922 24414
2923 24398
2924 24419
2925 334302
2926 634680
2927 333574
2928 161281
2929 316612
2930 469206
2931 2232487
2932 2241842
2933 474040
2934 302495
2935 216224
2936 2090057
2937 295954
2938 675972
2939 1945099
2940 226848
2941 2094386
2942 272516
2943 2037411
2944 281955
2945 730668
2946 597985
2947 296422
2948 378568
2949 1999650
2950 165662
2951 292316
2952 2102567
2953 670146
2954 652072
2955 114690
2956 24419
2957 166251
2958 2115691
2959 73230
2960 267994
2961 107671
2962 2131981
2963 48828
2964 717001
2965 2111114
2966 624755
2967 243699
2968 24418
2969 136918
2970 605924
2971 670819
2972 48829
2973 688689
2974 447455
2975 126599
2976 709713
2977 24403
2978 434179
2979 275681
2980 24417
2981 915588
2982 176828
2983 286208
2984 362848
2985 406439
2986 788720
2987 48831
2988 365461
2989 1595675
2990 341576
2991 194996
2992 24419
2993 144020
2994 170680
2995 227398
2996 69814
2997 24416
2998 99257
2999 133964
3000 53871
3001 1393166
3002 48798
3003 97561
3004 24402
3005 407463
3006 85870
3007 129546
3008 24402
3009 54898
3010 1071458
3011 61498
3012 24402
3013 44155
3014 48795
3015 41043
3016 674892
3017 392740
3018 24400
3019 34014
3020 84599
3021 308665
3022 44351
3023 76008
3024 41802
3025 53081
3026 1338116
3027 60534
3028 53076
3029 661682
3030 75353
3031 47777
3032 114483
3033 42078
3034 411585
3035 743608
3036 146207
3037 1322529
3038 471102
3039 335854
3040 170431
3041 107164
3042 140915
3043 24415
3044 121209
3045 129694
3046 103317
3047 90386
3048 24418
3049 135208
3050 48816
3051 24404
3052 399819
3053 298732
3054 48785
3055 24396
3056 24415
3057 24420
3058 139137
3059 90471
3060 24419
3061 58805
3062 24419
3063 65987
3064 24418
3065 24419
3066 24417
3067 24419
3068 156870
3069 422769
3070 124447
3071 127453
3072 967531
3073 108674
3074 24418
3075 433057
3076 721103
3077 236958
3078 160080
3079 949990
3080 179661
3081 300398
3082 77685
3083 131766
3084 124067
3085 792848
3086 48827
3087 728105
3088 792534
3089 329340
3090 357128
3091 232433
3092 129484
3093 345993
3094 126071
3095 662150
3096 340400
3097 150826
3098 48831
3099 24417
3100 227935
3101 135422
3102 382870
3103 24414
3104 166352
3105 658129
3106 337523
3107 24420
3108 95003
3109 331336
3110 208147
3111 987266
3112 24420
3113 329712
3114 360858
3115 885779
3116 2299049
3117 77869
3118 48038
3119 68960
3120 2628665
3121 44341
3122 2288474
3123 1403902
3124 114895
3125 47434
3126 2822454
3127 48830
3128 45980
3129 947361
3130 3392019
3131 1386213
3132 68787
3133 2519225
3134 1599102
3135 1348585
3136 22993
3137 1340701
3138 1842180
3139 1311396
3140 91931
3141 24419
3142 24408
3143 68959
3144 24415
3145 1307473
3146 2677069
3147 357055
3148 1355692
3149 356095
3150 1881255
3151 136842
3152 464827
3153 45980
3154 158332
3155 314459
3156 1563668
3157 402155
3158 141949
3159 2684357
3160 409302
3161 458209
3162 455047
3163 1570776
3164 151465
3165 216069
3166 97622
3167 24418
3168 1519054
3169 36622
3170 73215
3171 36616
3172 619996
3173 212400
3174 24416
3175 184820
3176 311142
3177 184997
3178 48813
3179 125385
3180 226881
3181 1758872
3182 225742
3183 22993
3184 240137
3185 24410
3186 298307
3187 256581
3188 24416
3189 24415
3190 73228
3191 24416
3192 1324205
3193 1184241
3194 1314231
3195 97615
3196 73222
3197 24417
3198 1175944
3199 48822
3200 24415
3201 1211650
3202 1127701
3203 1126620
3204 1128272
3205 121969
3206 97584
3207 73195
3208 1131415
3209 48805
3210 24406
3211 1136377
3212 1142998
3213 1624452
3214 1198291
3215 908872
3216 884827
3217 1208454
3218 860790
3219 1219462
3220 838474
3221 292473
3222 268143
3223 1231195
3224 523684
3225 243806
3226 499589
3227 1243461
3228 219483
3229 475526
3230 1786727
3231 451484
3232 1955208
3233 2193000
3234 427499
3235 303012
3236 115851
3237 2080428
3238 403559
3239 79307
3240 91475
3241 2092376
3242 379659
3243 603354
3244 67101
3245 355798
3246 278751
3247 331960
3248 308152
3249 289641
3250 276506
3251 42722
3252 268740
3253 266395
3254 264416
3255 268104
3256 429337
3257 579366
3258 277414
3259 36630
3260 287107
3261 555434
3262 254552
3263 48826
3264 230447
3265 297886
3266 61020
3267 309877
3268 531544
3269 322637
3270 335881
3271 507685
3272 418718
3273 206435
3274 415480
3275 484066
3276 460682
3277 349399
3278 363201
3279 586825
3280 437317
3281 377160
3282 413973
3283 490463
3284 390642
3285 367322
3286 246863
3287 182469
3288 229262
3289 205137
3290 234043
3291 221269
3292 158525
3293 208544
3294 195960
3295 184371
3296 167121
3297 183503
3298 176733
3299 180084
3300 188216
3301 198007
3302 134638
3303 110826
3304 87065
3305 63384
3306 155628
3307 24418
3308 721152
3309 498685
3310 369946
3311 192666
3312 201825
3313 24420
3314 73058
3315 48711
3316 24356
3317 146084
3318 48719
3319 24364
3320 165952
3321 208233
3322 152388
3323 24413
3324 2722853
3325 24418
3326 24418
3327 73236
3328 24418
3329 24418
3330 38525
3331 410464
3332 430130
3333 392374
3334 380399
3335 24417
3336 365466
3337 67787
3338 24419
3339 33530
3340 38968
3341 1692952
3342 1652118
3343 1634719
3344 1728476
3345 341066
3346 316859
3347 73186
3348 1492607
3349 1505710
3350 24395
3351 219522
3352 24395
3353 97615
3354 97618
3355 24419
3356 54914
3357 30517
3358 73225
3359 48824
3360 24416
3361 1425643
3362 3379972
3363 133203
3364 3305118
3365 53019
3366 41030
3367 203106
3368 70883
3369 2089606
3370 54500
3371 72354
3372 326595
3373 33377
3374 151939
3375 44261
3376 34000
3377 51967
3378 24420
3379 3304046
3380 36841
3381 92516
3382 65580
3383 458470
3384 57297
3385 146154
3386 76801
3387 2547763
3388 3075738
3389 195086
3390 267683
3391 170743
3392 120317
3393 24413
3394 121991
3395 3011646
3396 205775
3397 232930
3398 2403042
3399 73214
3400 124783
3401 24412
3402 73235
3403 24412
3404 64016
3405 24418
3406 24411
3407 24418
3408 48822
3409 119301
3410 723946
3411 457006
3412 24413
3413 2382874
3414 24420
3415 234854
3416 268830
3417 510016
3418 2388904
3419 48828
3420 219096
3421 24418
3422 3279216
3423 48831
3424 1266887
3425 1314502
3426 24419
3427 1754809
3428 782838
3429 641942
3430 414454
3431 1122524
3432 782699
3433 907068
3434 1123923
3435 209148
3436 73229
3437 236288
3438 849530
3439 1092885
3440 377118
3441 1085483
3442 365960
3443 34559
3444 48826
3445 24414
3446 610159
3447 378827
3448 765717
3449 2792411
3450 2638227
3451 2631064
3452 1430850
3453 73221
3454 1341991
3455 121986
3456 1239431
3457 97601
3458 73209
3459 48821
3460 48809
3461 24414
3462 989539
3463 24405
3464 265889
3465 287426
3466 148900
3467 161891
3468 134894
3469 137743
3470 126425
3471 131985
3472 971119
3473 151177
3474 181298
3475 772653
3476 159329
3477 113831
3478 144221
3479 752024
3480 170719
3481 214815
3482 187290
3483 95113
3484 121848
3485 1370305
3486 97467
3487 1138165
3488 146350
3489 73080
3490 48684
3491 121973
3492 24412
3493 97589
3494 291254
3495 1152506
3496 24345
3497 1184541
3498 389193
3499 833714
3500 393429
3501 73200
3502 850827
3503 886690
3504 48808
3505 868703
3506 24407
3507 633981
3508 626117
3509 633787
3510 672067
3511 350552
3512 259529
3513 176434
3514 247154
3515 397947
3516 84531
3517 244292
3518 124905
3519 355374
3520 261651
3521 922785
3522 511722
3523 56801
3524 266170
3525 496145
3526 36501
3527 367122
3528 881337
3529 1045687
3530 3200019
3531 481607
3532 501063
3533 1874852
3534 460682
3535 723201
3536 2595534
3537 74066
3538 173435
3539 1704427
3540 134906
3541 918600
3542 468317
3543 2704162
3544 228400
3545 668999
3546 648533
3547 123121
3548 481164
3549 890738
3550 75833
3551 1040876
3552 112969
3553 184348
3554 988824
3555 2766774
3556 60919
3557 149730
3558 74723
3559 204979
3560 56183
3561 183713
3562 181844
3563 174923
3564 65279
3565 159231
3566 72974
3567 1649980
3568 1073156
3569 24418
3570 73230
3571 356023
3572 48827
3573 276519
3574 24417
3575 377589
3576 399784
3577 422562
3578 1055654
3579 331029
3580 1087045
3581 442723
3582 635743
3583 708336
3584 218777
3585 622683
3586 1754259
3587 64232
3588 50227
3589 548222
3590 1465682
3591 51752
3592 524223
3593 194422
3594 177697
3595 64579
3596 191105
3597 500368
3598 170059
3599 284325
3600 145689
3601 223711
3602 121312
3603 476738
3604 212480
3605 96928
3606 454153
3607 293402
3608 68203
3609 72535
3610 43852
3611 293409
3612 289776
3613 461266
3614 97624
3615 37962
3616 73228
3617 27328
3618 35522
3619 48825
3620 32924
3621 48831
3622 24415
3623 592565
3624 54482
3625 383519
3626 107314
3627 97620
3628 124570
3629 78257
3630 428416
3631 532144
3632 214336
3633 148385
3634 442916
3635 73225
3636 464745
3637 362500
3638 252295
3639 767330
3640 766810
3641 181724
3642 426315
3643 114275
3644 160209
3645 386944
3646 60671
3647 31102
3648 24419
3649 463391
3650 813360
3651 78665
3652 48823
3653 24419
3654 24415
3655 974057
3656 1052992
3657 169920
3658 498067
3659 182069
3660 1070748
3661 201036
3662 369229
3663 461598
3664 299746
3665 1278428
3666 132145
3667 172406
3668 198376
3669 108160
3670 24368
3671 221231
3672 194045
3673 195025
3674 84185
3675 1367990
3676 579645
3677 1380205
3678 65679
3679 24419
3680 85905
3681 53494
3682 145303
3683 232778
3684 53664
3685 321462
3686 65826
3687 190104
3688 144266
3689 453249
3690 428806
3691 429346
3692 367984
3693 563539
3694 336345
3695 373343
3696 348670
3697 122208
3698 386887
3699 404638
3700 244261
3701 413960
3702 454905
3703 245615
3704 386426
3705 124269
3706 116964
3707 400985
3708 73236
3709 48832
3710 347961
3711 132064
3712 350335
3713 24420
3714 438402
3715 24420
3716 417045
3717 573631
3718 1197798
3719 391343
3720 947072
3721 1153621
3722 324087
3723 200108
3724 112014
3725 375608
3726 196680
3727 113443
3728 41559
3729 386754
3730 901140
3731 327551
3732 221389
3733 390138
3734 331476
3735 559973
3736 39338
3737 24418
3738 1806694
3739 1334018
3740 769373
3741 1807630
3742 802458
3743 85907
3744 142426
3745 36044
3746 1340110
3747 1799644
3748 151051
3749 340079
3750 1343104
3751 78665
3752 1339934
3753 24420
3754 358131
3755 2047173
3756 307123
3757 296841
3758 1957137
3759 284809
3760 89236
3761 48812
3762 24408
3763 214385
3764 668160
3765 192955
3766 341588
3767 462555
3768 85687
3769 186613
3770 1992957
3771 124171
3772 88545
3773 269001
3774 183742
3775 48823
3776 266397
3777 440380
3778 48820
3779 418637
3780 111252
3781 24415
3782 159886
3783 24412
3784 197844
3785 254604
3786 103995
3787 138162
3788 357289
3789 405910
3790 276319
3791 119875
3792 166843
3793 1608952
3794 56457
3795 442106
3796 106817
3797 210918
3798 134772
3799 48824
3800 73232
3801 213177
3802 47490
3803 78941
3804 73213
3805 256690
3806 1157791
3807 1964308
3808 1143258
3809 355814
3810 334173
3811 634219
3812 597848
3813 321920
3814 78430
3815 1787952
3816 2762651
3817 48830
3818 24405
3819 24418
3820 288505
3821 249991
3822 804663
3823 583163
3824 235923
3825 24417
3826 644258
3827 184473
3828 135350
3829 1130639
3830 40660
3831 188201
3832 88613
3833 966549
3834 588850
3835 225512
3836 200154
3837 95543
3838 194107
3839 25012
3840 74703
3841 192666
3842 176843
3843 571213
3844 89953
3845 675956
3846 24418
3847 235056
3848 605714
3849 359399
3850 95555
3851 185743
3852 133099
3853 149785
3854 112580
3855 170753
3856 146400
3857 407650
3858 81686
3859 24420
3860 253255
3861 178174
3862 97618
3863 102345
3864 24417
3865 734886
3866 24418
3867 126847
3868 97624
3869 171674
3870 48821
3871 30522
3872 30522
3873 73223
3874 307524
3875 57876
3876 97619
3877 165653
3878 48821
3879 4627079
3880 42700
3881 165492
3882 30536
3883 110840
3884 24411
3885 24418
3886 94661
3887 41344
3888 37375
3889 1331291
3890 148290
3891 4064290
3892 143192
3893 45433
3894 1371456
3895 146918
3896 73180
3897 207088
3898 48798
3899 24405
3900 218834
3901 160266
3902 196156
3903 4886485
3904 138900
3905 40946
3906 146978
3907 2244951
3908 1132440
3909 32736
3910 1649620
3911 974758
3912 42342
3913 103239
3914 2040616
3915 55172
3916 146264
3917 71419
3918 48823
3919 121885
3920 24412
3921 1600349
3922 97509
3923 36605
3924 161682
3925 151444
3926 128411
3927 105783
3928 98922
3929 196629
3930 143334
3931 157228
3932 145319
3933 142614
3934 155110
3935 232373
3936 251192
3937 68221
3938 391903
3939 408918
3940 66863
3941 124353
3942 74605
3943 1789207
3944 2085512
3945 100821
3946 292890
3947 417882
3948 78595
3949 204792
3950 235271
3951 59085
3952 105283
3953 45769
3954 121953
3955 71245
3956 124805
3957 100676
3958 77127
3959 54030
3960 42100
3961 46812
3962 63242
3963 24391
3964 48778
3965 73159
3966 58434
3967 24415
3968 48824
3969 24185
3970 48363
3971 47468
3972 62005
3973 78931
3974 99278
3975 120945
3976 143775
3977 167812
3978 191979
3979 216202
3980 240428
3981 24416
3982 48826
3983 73229
3984 97623
3985 73233
3986 30521
3987 24418
3988 506781
3989 1712712
3990 1316817
3991 1650019
3992 24418
3993 1544907
3994 1700633
3995 301709
3996 1550992
3997 287029
3998 278053
3999 510077
4000 279359
4001 286224
4002 298666
4003 1203156
4004 170006
4005 36463
4006 648988
4007 321688
4008 121983
4009 56823
4010 73234
4011 728380
4012 280842
4013 30522
4014 24419
4015 32559
4016 252618
4017 494586
4018 471151
4019 217555
4020 43001
4021 493612
4022 258303
4023 160707
4024 52864
4025 106995
4026 70099
4027 613194
4028 599703
4029 74072
4030 236433
4031 51350
4032 72621
4033 24412
4034 235165
4035 40636
4036 474831
4037 62789
4038 244635
4039 182729
4040 24416
4041 214242
4042 201669
4043 219918
4044 40504
4045 238110
4046 284906
4047 160114
4048 1025378
4049 306422
4050 972150
4051 211197
4052 188454
4053 24417
4054 113933
4055 379974
4056 232747
4057 647225
4058 121861
4059 107660
4060 422741
4061 48826
4062 91157
4063 623388
4064 121991
4065 97616
4066 660547
4067 55136
4068 48819
4069 24417
4070 994182
4071 368323
4072 24410
4073 112907
4074 111200
4075 347302
4076 97607
4077 60238
4078 111918
4079 73216
4080 327429
4081 73220
4082 48817
4083 240120
4084 24412
4085 48820
4086 510994
4087 37777
4088 462390
4089 252569
4090 24411
4091 87200
4092 291068
4093 26484
4094 24414
4095 37594
4096 75695
4097 438235
4098 55364
4099 24420
4100 365260
4101 308556
4102 128405
4103 64175
4104 24417
4105 48811
4106 341123
4107 24409
4108 121988
4109 155247
4110 24420
4111 48832
4112 169057
4113 156090
4114 136102
4115 24418
4116 48829
4117 24420
4118 137228
4119 118361
4120 315292
4121 136573
4122 97609
4123 73216
4124 48816
4125 24411
4126 268227
4127 146393
4128 24416
4129 97617
4130 73226
4131 30517
4132 24416
4133 24401
4134 48797
4135 73190
4136 195080
4137 97585
4138 73200
4139 48808
4140 24408
4141 72256
4142 47857
4143 24390
4144 24420
4145 73189
4146 97571
4147 48800
4148 24404
4149 121947
4150 24419
4151 73179
4152 211318
4153 48794
4154 106756
4155 164711
4156 118904
4157 24420
4158 24420
4159 108120
4160 24399
4161 129444
4162 128303
4163 150185
4164 149506
4165 240726
4166 73222
4167 258617
4168 24415
4169 30516
4170 444381
4171 459521
4172 170667
4173 195048
4174 146317
4175 1658255
4176 67098
4177 54870
4178 42717
4179 24425
4180 30502
4181 1005369
4182 981438
4183 957526
4184 24417
4185 933666
4186 909851
4187 886047
4188 867031
4189 135619
4190 170730
4191 541734
4192 146360
4193 517883
4194 121982
4195 111358
4196 87119
4197 97602
4198 63113
4199 519687
4200 403744
4201 121970
4202 420568
4203 170696
4204 277029
4205 146332
4206 97590
4207 73214
4208 223803
4209 121962
4210 73202
4211 44547
4212 97585
4213 48808
4214 48797
4215 24407
4216 210173
4217 24401
4218 73201
4219 48808
4220 24408
4221 48816
4222 38432
4223 45284
4224 24412
4225 400936
4226 309796
4227 385267
4228 157304
4229 122310
4230 114822
4231 123560
4232 393213
4233 345240
4234 374157
4235 105199
4236 24418
4237 719747
4238 84158
4239 310338
4240 365140
4241 416594
4242 340834
4243 64777
4244 316656
4245 314437
4246 377392
4247 97553
4248 53441
4249 36586
4250 194965
4251 36599
4252 24401
4253 121903
4254 93114
4255 69987
4256 366059
4257 73153
4258 92040
4259 48769
4260 30494
4261 59409
4262 24412
4263 24391
4264 24376
4265 110053
4266 24393
4267 24420
4268 131378
4269 614570
4270 374642
4271 393830
4272 4168336
4273 614672
4274 631419
4275 3990092
4276 4478471
4277 73227
4278 924610
4279 3944260
4280 73225
4281 4498311
4282 3975196
4283 48824
4284 3453816
4285 838779
4286 944936
4287 24415
4288 876705
4289 143183
4290 48822
4291 24414
4292 4305867
4293 97615
4294 24415
4295 937479
4296 73221
4297 48819
4298 146306
4299 24410
4300 3659073
4301 121938
4302 693719
4303 73173
4304 24405
4305 496693
4306 48785
4307 219430
4308 424909
4309 24396
4310 97621
4311 195075
4312 352052
4313 170712
4314 146342
4315 121963
4316 73226
4317 4894284
4318 97592
4319 24418
4320 97593
4321 48825
4322 73202
4323 48806
4324 24408
4325 48809
4326 24406
4327 1089838
4328 24416
4329 24407
4330 48824
4331 24415
4332 1425251
4333 48829
4334 24418
4335 2670423
4336 24402
4337 24372
4338 36530
4339 212113
4340 216791
4341 1746823
4342 1552459
4343 1552372
4344 28072
4345 48828
4346 24417
4347 24419
4348 73227
4349 48825
4350 97623
4351 24416
4352 24419
4353 24418
4354 30520
4355 24420
4356 97627
4357 42721
4358 407643
4359 384969
4360 362874
4361 342605
4362 323906
4363 1053242
4364 326269
4365 193537
4366 194038
4367 168699
4368 737114
4369 739293
4370 196223
4371 624018
4372 24327
4373 49672
4374 167934
4375 37740
4376 648592
4377 493461
4378 42244
4379 400620
4380 52212
4381 52153
4382 28054
4383 41980
4384 574204
4385 154074
4386 46129
4387 64401
4388 166445
4389 46164
4390 236591
4391 48797
4392 48819
4393 987624
4394 235960
4395 136856
4396 375799
4397 423257
4398 393773
4399 61626
4400 24419
4401 200052
4402 97626
4403 24413
4404 270804
4405 203261
4406 1313176
4407 37713
4408 182628
4409 1323666
4410 427609
4411 372518
4412 351412
4413 24417
4414 122021
4415 382242
4416 93823
4417 73230
4418 33823
4419 219387
4420 336678
4421 24415
4422 48825
4423 48828
4424 24417
4425 48819
4426 686418
4427 48826
4428 57505
4429 245965
4430 70727
4431 24417
4432 24414
4433 236533
4434 49601
4435 24413
4436 24419
4437 24415
4438 24418
4439 674975
4440 201963
4441 73274
4442 24417
4443 2076895
4444 146389
4445 24417
4446 160449
4447 103280
4448 395081
4449 329535
4450 90050
4451 143219
4452 76866
4453 60620
4454 746349
4455 345793
4456 1738507
4457 1020328
4458 590786
4459 24414
4460 69463
4461 219461
4462 332643
4463 384550
4464 24420
4465 201585
4466 67864
4467 48486
4468 49233
4469 42396
4470 365452
4471 70391
4472 201788
4473 243811
4474 52952
4475 25547
4476 24412
4477 146365
4478 97604
4479 48811
4480 24408
4481 24412
4482 163086
4483 237674
4484 215231
4485 121968
4486 97586
4487 234381
4488 363268
4489 73196
4490 268206
4491 303391
4492 48804
4493 244431
4494 1405340
4495 220682
4496 48812
4497 1650242
4498 196952
4499 1333308
4500 24406
4501 1037886
4502 1320194
4503 173277
4504 48820
4505 1666091
4506 150150
4507 24414
4508 24406
4509 127602
4510 108299
4511 24414
4512 71453
4513 128446
4514 118306
4515 97629
4516 96641
4517 42728
4518 30517
4519 24424
4520 258324
4521 50880
4522 242255
4523 529119
4524 569705
4525 427211
4526 310103
4527 483244
4528 416086
4529 255946
4530 399631
4531 112115
4532 329326
4533 97624
4534 386148
4535 36611
4536 115650
4537 42731
4538 146395
4539 448416
4540 30521
4541 263570
4542 45182
4543 273505
4544 137431
4545 87974
4546 47290
4547 97623
4548 24418
4549 289729
4550 427573
4551 97626
4552 472406
4553 48822
4554 24418
4555 36619
4556 463601
4557 146510
4558 36623
4559 24420
4560 24414
4561 24415
4562 480943
4563 394308
4564 97628
4565 73217
4566 36623
4567 36622
4568 48814
4569 24422
4570 24411
4571 500034
4572 586073
4573 73225
4574 48824
4575 1839598
4576 24416
4577 1338323
4578 918601
4579 29835
4580 25078
4581 402823
4582 382114
4583 374858
4584 60385
4585 339516
4586 196246
4587 24419
4588 146405
4589 445999
4590 157862
4591 24418
4592 408389
4593 24417
4594 146046
4595 97628
4596 499736
4597 110763
4598 24419
4599 36621
4600 36624
4601 24421
4602 104263
4603 143352
4604 407696
4605 40734
4606 155368
4607 271513
4608 303330
4609 107450
4610 228772
4611 33318
4612 120256
4613 152295
4614 139654
4615 44260
4616 26991
4617 134410
4618 93208
4619 175913
4620 31619
4621 130680
4622 32320
4623 124234
4624 106673
4625 85786
4626 24418
4627 87003
4628 48828
4629 24417
4630 79524
4631 24345
4632 48824
4633 24415
4634 437186
4635 453949
4636 30518
4637 24419
4638 42720
4639 24420
4640 64398
4641 27008
4642 866313
4643 1071454
4644 264145
4645 172361
4646 152049
4647 73219
4648 48815
4649 24412
4650 141010
4651 24419
4652 48829
4653 24417
4654 412719
4655 248687
4656 225949
4657 702045
4658 246705
4659 97586
4660 73200
4661 720980
4662 48805
4663 741590
4664 24405
4665 903639
4666 146372
4667 42718
4668 42712
4669 42707
4670 30517
4671 24416
4672 24411
4673 48814
4674 73210
4675 1084414
4676 2779897
4677 2690588
4678 3254495
4679 605984
4680 615528
4681 1587894
4682 26205
4683 97605
4684 48799
4685 30522
4686 30509
4687 121985
4688 170745
4689 24414
4690 243828
4691 48818
4692 24413
4693 24410
4694 48801
4695 24396
4696 73204
4697 105533
4698 52208
4699 74243
4700 24418
4701 97590
4702 42703
4703 30512
4704 24412
4705 73218
4706 48817
4707 24407
4708 97574
4709 73189
4710 48799
4711 24402
4712 521631
4713 530997
4714 542074
4715 555380
4716 570761
4717 1021412
4718 486474
4719 462337
4720 438288
4721 414360
4722 390600
4723 367249
4724 344325
4725 321549
4726 298932
4727 276516
4728 254515
4729 233571
4730 213605
4731 194723
4732 176951
4733 159610
4734 142756
4735 128396
4736 116374
4737 104824
4738 93690
4739 87206
4740 88364
4741 100151
4742 121833
4743 145953
4744 170105
4745 296547
4746 298640
4747 316516
4748 125402
4749 336659
4750 119069
4751 657667
4752 125447
4753 605089
4754 500315
4755 640667
4756 330775
4757 740634
4758 236652
4759 138139
4760 73212
4761 48810
4762 208642
4763 309206
4764 24402
4765 81289
4766 810691
4767 59829
4768 154438
4769 24418
4770 44222
4771 288060
4772 48140
4773 643563
4774 40097
4775 171910
4776 467791
4777 48828
4778 267358
4779 24417
4780 2028078
4781 433617
4782 2063125
4783 122011
4784 246860
4785 24414
4786 97625
4787 1272370
4788 305045
4789 191140
4790 47513
4791 1023297
4792 48820
4793 31831
4794 30523
4795 24414
4796 24419
4797 1101339
4798 2083519
4799 229413
4800 73213
4801 48813
4802 24410
4803 176587
4804 421480
4805 164967
4806 2105630
4807 399207
4808 24418
4809 144302
4810 2420586
4811 118891
4812 280786
4813 97580
4814 42840
4815 30486
4816 42711
4817 24560
4818 24405
4819 118294
4820 30534
4821 211889
4822 317403
4823 367899
4824 24418
4825 184274
4826 334747
4827 179978
4828 2591401
4829 139661
4830 24419
4831 24417
4832 24419
4833 96890
4834 73088
4835 49322
4836 31127
4837 31220
4838 49539
4839 73915
4840 255348
4841 60821
4842 36529
4843 24331
4844 36424
4845 60719
4846 100652
4847 97623
4848 36623
4849 36616
4850 24419
4851 24419
4852 750290
4853 24418
4854 97591
4855 42710
4856 30506
4857 24411
4858 121966
4859 2775714
4860 141897
4861 128859
4862 29873
4863 139470
4864 97595
4865 73203
4866 48802
4867 24404
4868 24413
4869 58246
4870 57563
4871 74391
4872 113173
4873 85310
4874 120808
4875 172126
4876 96539
4877 872888
4878 129994
4879 796239
4880 74002
4881 194388
4882 91037
4883 145955
4884 117429
4885 777402
4886 127122
4887 759167
4888 167677
4889 741670
4890 725136
4891 709628
4892 913256
4893 577392
4894 695967
4895 806392
4896 684290
4897 674897
4898 865221
4899 666786
4900 658574
4901 723340
4902 594551
4903 195089
4904 170725
4905 146353
4906 121978
4907 97597
4908 590295
4909 73209
4910 48813
4911 24410
4912 588095
4913 588073
4914 589560
4915 592366
4916 620704
4917 374059
4918 284320
4919 382011
4920 279210
4921 278985
4922 281690
4923 286410
4924 293927
4925 377786
4926 97545
4927 73154
4928 48776
4929 24391
4930 491657
4931 147252
4932 490161
4933 139330
4934 505041
4935 565151
4936 243672
4937 388862
4938 244103
4939 251123
4940 398157
4941 409232
4942 69170
4943 80298
4944 56534
4945 176609
4946 157850
4947 146438
4948 143584
4949 131142
4950 130302
4951 121904
4952 1736239
4953 24418
4954 48830
4955 24419
4956 341593
4957 24382
4958 48793
4959 428066
4960 113650
4961 2518511
4962 2510008
4963 2630210
4964 2503101
4965 2581143
4966 86439
4967 69792
4968 97620
4969 65454
4970 48820
4971 24416
4972 24413
4973 489058
4974 1870681
4975 203066
4976 1058836
4977 4478250
4978 1358966
4979 24420
4980 2619837
4981 922183
4982 2423725
4983 601134
4984 73042
4985 2656692
4986 48642
4987 24232
4988 1301322
4989 217201
4990 372147
4991 198434
4992 2401539
4993 1323177
4994 502860
4995 400147
4996 48687
4997 830245
4998 24348
4999 187219
5000 2419645
5001 478815
5002 132870
5003 1232415
5004 187300
5005 73197
5006 97597
5007 386191
5008 2438399
5009 36605
5010 42717
5011 48799
5012 808422
5013 30515
5014 222044
5015 39705
5016 48826
5017 2544712
5018 380304
5019 452966
5020 918901
5021 24417
5022 564014
5023 24403
5024 25618
5025 135578
5026 897252
5027 786894
5028 58182
5029 544944
5030 97616
5031 765728
5032 30689
5033 48646
5034 34759
5035 2554072
5036 379742
5037 30519
5038 343938
5039 611647
5040 149193
5041 2574451
5042 24413
5043 404196
5044 350828
5045 262901
5046 74575
5047 859433
5048 744954
5049 236548
5050 2595181
5051 774742
5052 238857
5053 195975
5054 273079
5055 70593
5056 215124
5057 431489
5058 97613
5059 85504
5060 122759
5061 234222
5062 2616302
5063 556145
5064 614576
5065 182812
5066 136295
5067 46324
5068 192229
5069 342974
5070 24419
5071 752844
5072 116560
5073 48811
5074 62894
5075 608184
5076 47023
5077 63570
5078 749182
5079 24415
5080 75108
5081 170772
5082 48817
5083 280393
5084 24416
5085 627991
5086 640200
5087 62844
5088 193394
5089 24407
5090 121736
5091 68137
5092 24417
5093 299952
5094 24404
5095 211838
5096 46858
5097 269199
5098 3554762
5099 4186774
5100 4833300
5101 614779
5102 839428
5103 591593
5104 569507
5105 1052594
5106 836039
5107 127841
5108 3725910
5109 990069
5110 551768
5111 994194
5112 104862
5113 842655
5114 1001409
5115 3748744
5116 1476469
5117 48826
5118 684353
5119 71109
5120 3565640
5121 382322
5122 497714
5123 1276419
5124 24417
5125 2718212
5126 24418
5127 359669
5128 47636
5129 1475168
5130 1137258
5131 2665206
5132 60261
5133 85110
5134 938017
5135 549825
5136 899592
5137 656393
5138 1314267
5139 1495341
5140 339153
5141 1934883
5142 97573
5143 53413
5144 2552912
5145 146406
5146 227481
5147 24419
5148 83464
5149 48779
5150 1600859
5151 156498
5152 219452
5153 24415
5154 1061769
5155 24404
5156 1135203
5157 206849
5158 883569
5159 39656
5160 61972
5161 653030
5162 97625
5163 195147
5164 24419
5165 140189
5166 46349
5167 162343
5168 73217
5169 48691
5170 73230
5171 725140
5172 24414
5173 48828
5174 2588707
5175 1377165
5176 781115
5177 39257
5178 24418
5179 168001
5180 76508
5181 423928
5182 48818
5183 178142
5184 69571
5185 24412
5186 1529522
5187 679921
5188 141985
5189 97616
5190 1193622
5191 176713
5192 73223
5193 24418
5194 615760
5195 24420
5196 24413
5197 661533
5198 48822
5199 105734
5200 652484
5201 717489
5202 48828
5203 3906186
5204 184559
5205 504725
5206 295865
5207 24415
5208 24418
5209 271632
5210 167912
5211 2426026
5212 48828
5213 1171807
5214 121974
5215 611830
5216 1739346
5217 1727944
5218 2208435
5219 1485593
5220 237920
5221 527873
5222 124004
5223 515457
5224 121957
5225 97618
5226 149141
5227 97573
5228 30517
5229 382699
5230 42720
5231 1542280
5232 24418
5233 364715
5234 97620
5235 340409
5236 316097
5237 73185
5238 36619
5239 54927
5240 348471
5241 24414
5242 115561
5243 365586
5244 30503
5245 30505
5246 273772
5247 291889
5248 170107
5249 354700
5250 269124
5251 445914
5252 359886
5253 305263
5254 96961
5255 289006
5256 97598
5257 72576
5258 408411
5259 165361
5260 48794
5261 48591
5262 1154848
5263 298928
5264 24300
5265 27028
5266 30512
5267 24417
5268 30525
5269 37103
5270 24412
5271 48812
5272 48823
5273 226911
5274 24410
5275 204415
5276 24415
5277 314311
5278 154084
5279 118385
5280 133812
5281 36315
5282 783613
5283 413997
5284 24857
5285 96060
5286 246868
5287 335262
5288 133088
5289 365543
5290 24418
5291 147716
5292 272071
5293 178404
5294 80026
5295 195714
5296 146360
5297 26200
5298 24416
5299 31967
5300 195135
5301 89132
5302 216789
5303 69872
5304 277098
5305 97597
5306 24418
5307 303225
5308 247996
5309 48807
5310 720643
5311 24406
5312 24413
5313 241482
5314 178232
5315 97609
5316 296551
5317 229723
5318 73222
5319 36616
5320 25266
5321 36614
5322 701434
5323 35750
5324 24417
5325 24410
5326 24415
5327 24416
5328 192845
5329 689598
5330 239908
5331 24414
5332 72263
5333 307366
5334 168497
5335 158919
5336 162556
5337 185634
5338 177727
5339 205572
5340 259714
5341 275334
5342 226361
5343 100683
5344 81034
5345 220325
5346 75566
5347 116333
5348 297547
5349 306611
5350 139471
5351 344149
5352 145752
5353 265973
5354 79513
5355 152305
5356 299068
5357 175457
5358 188324
5359 87658
5360 174037
5361 350970
5362 366267
5363 209441
5364 121970
5365 188446
5366 196637
5367 40641
5368 220390
5369 201969
5370 218004
5371 97576
5372 219500
5373 200566
5374 230819
5375 102854
5376 222213
5377 73183
5378 97590
5379 300026
5380 123932
5381 818003
5382 241170
5383 110615
5384 407345
5385 177494
5386 102820
5387 446188
5388 364355
5389 360534
5390 322884
5391 103335
5392 48797
5393 154607
5394 24972
5395 76163
5396 76431
5397 250580
5398 51546
5399 89227
5400 400092
5401 41512
5402 149004
5403 73203
5404 160449
5405 170714
5406 332054
5407 325483
5408 55499
5409 290019
5410 191811
5411 43037
5412 184331
5413 543199
5414 270043
5415 537367
5416 121968
5417 492660
5418 515365
5419 145338
5420 84381
5421 107582
5422 167050
5423 101277
5424 371544
5425 61639
5426 146347
5427 97589
5428 292220
5429 48827
5430 352676
5431 706978
5432 154887
5433 495112
5434 171229
5435 24417
5436 498707
5437 331665
5438 121974
5439 48807
5440 24418
5441 73202
5442 48821
5443 189212
5444 234540
5445 724810
5446 416997
5447 24406
5448 111354
5449 459163
5450 170676
5451 48823
5452 99939
5453 88111
5454 45639
5455 46594
5456 60318
5457 948639
5458 24412
5459 661594
5460 863584
5461 24409
5462 592744
5463 2493222
5464 2473205
5465 2453917
5466 183042
5467 186803
5468 160883
5469 46756
5470 77184
5471 283469
5472 110329
5473 282464
5474 36386
5475 108577
5476 99683
5477 43962
5478 397601
5479 194496
5480 50205
5481 80822
5482 394167
5483 121970
5484 24413
5485 416488
5486 97587
5487 48803
5488 36615
5489 24400
5490 38057
5491 40431
5492 545165
5493 51198
5494 135016
5495 71826
5496 544477
5497 123039
5498 567746
5499 181101
5500 121974
5501 134616
5502 97592
5503 158771
5504 54907
5505 182955
5506 24410
5507 30513
5508 1720712
5509 1701193
5510 1667615
5511 1328999
5512 414506
5513 73225
5514 1694413
5515 469391
5516 24419
5517 48823
5518 62435
5519 1904036
5520 469002
5521 1325330
5522 42602
5523 219325
5524 24414
5525 485845
5526 73220
5527 505163
5528 121810
5529 41095
5530 97423
5531 73076
5532 34137
5533 24365
5534 30468
5535 48819
5536 24413
5537 24417
5538 107270
5539 67200
5540 24416
5541 127365
5542 151315
5543 175492
5544 34779
5545 24418
5546 24417
5547 102413
5548 65400
5549 97630
5550 99255
5551 153666
5552 215730
5553 94226
5554 48809
5555 24406
5556 24412
5557 24412
5558 24418
5559 189701
5560 175145
5561 184691
5562 228325
5563 247969
5564 269506
5565 24415
5566 24414
5567 24417
5568 48824
5569 73226
5570 683167
5571 997993
5572 121780
5573 306912
5574 287042
5575 1095736
5576 307364
5577 127563
5578 106378
5579 97603
5580 195388
5581 36614
5582 211557
5583 36609
5584 24415
5585 1105331
5586 202218
5587 191575
5588 97327
5589 1125228
5590 72932
5591 514062
5592 24414
5593 1145648
5594 30516
5595 1166548
5596 635140
5597 37031
5598 335481
5599 48338
5600 1187675
5601 648971
5602 25314
5603 102134
5604 120877
5605 24414
5606 41368
5607 294792
5608 691323
5609 252483
5610 24413
5611 24417
5612 710170
5613 777879
5614 48775
5615 820260
5616 24391
5617 24412
5618 119049
5619 147241
5620 122115
5621 48823
5622 129104
5623 24415
5624 233526
5625 255726
5626 278225
5627 300876
5628 323687
5629 346679
5630 369898
5631 393392
5632 417077
5633 440900
5634 464884
5635 488942
5636 513017
5637 35277
5638 37805
5639 137629
5640 24416
5641 24412
5642 178894
5643 24417
5644 223669
5645 287519
5646 64086
5647 61773
5648 182633
5649 120367
5650 73216
5651 48815
5652 24406
5653 97592
5654 73205
5655 48813
5656 24411
5657 45250
5658 45403
5659 61463
5660 184921
5661 118301
5662 102683
5663 24417
5664 24416
5665 24414
5666 24406
5667 48804
5668 24416
5669 24409
5670 48808
5671 24412
5672 48821
5673 24418
5674 65197
5675 45798
5676 2018149
5677 646368
5678 1906797
5679 624142
5680 228974
5681 373626
5682 1924300
5683 206413
5684 350509
5685 328117
5686 306098
5687 24413
5688 275048
5689 279196
5690 169746
5691 145378
5692 121004
5693 96809
5694 156962
5695 72608
5696 48400
5697 24413
5698 24193
5699 24394
5700 2637928
5701 48800
5702 24411
5703 24415
5704 48803
5705 24411
5706 48816
5707 73214
5708 24410
5709 48812
5710 73209
5711 155182
5712 146038
5713 138303
5714 24403
5715 48810
5716 24408
5717 73209
5718 73220
5719 48821
5720 24415
5721 348379
5722 327096
5723 370493
5724 306631
5725 488387
5726 601796
5727 97619
5728 36621
5729 48824
5730 24414
5731 101629
5732 1108096
5733 82820
5734 69256
5735 56988
5736 50879
5737 518404
5738 56312
5739 467900
5740 48808
5741 456197
5742 24401
5743 73510
5744 315151
5745 386352
5746 410197
5747 219424
5748 48824
5749 195072
5750 24415
5751 170714
5752 146346
5753 121972
5754 97588
5755 73202
5756 48808
5757 24404
5758 24417
5759 24416
5760 48824
5761 510024
5762 444254
5763 432673
5764 435511
5765 48817
5766 24407
5767 80167
5768 96736
5769 72557
5770 48378
5771 24194
5772 24204
5773 24414
5774 24417
5775 111958
5776 92392
5777 78578
5778 97625
5779 42719
5780 30523
5781 24419
5782 24416
5783 24413
5784 24418
5785 97538
5786 48774
5787 24394
5788 24396
5789 295622
5790 220555
5791 274371
5792 304364
5793 311682
5794 24414
5795 327613
5796 24353
5797 48727
5798 73095
5799 97456
5800 121811
5801 146158
5802 170329
5803 194673
5804 534945
5805 316439
5806 292137
5807 267830
5808 243514
5809 219191
5810 194860
5811 170523
5812 146179
5813 121830
5814 97475
5815 73115
5816 48749
5817 24376
5818 24415
5819 176928
5820 180160
5821 24401
5822 48798
5823 73187
5824 1868456
5825 1796182
5826 170716
5827 146350
5828 121976
5829 97593
5830 1841883
5831 1748964
5832 73205
5833 48809
5834 24410
5835 49021
5836 61589
5837 24376
5838 48814
5839 24409
5840 73214
5841 48816
5842 24411
5843 53425
5844 54194
5845 28485
5846 78652
5847 32852
5848 74372
5849 105813
5850 96905
5851 118332
5852 147623
5853 37615
5854 43223
5855 75766
5856 86877
5857 24417
5858 136035
5859 273063
5860 644697
5861 172940
5862 48811
5863 24408
5864 24405
5865 48805
5866 24413
5867 170732
5868 121985
5869 73206
5870 24410
5871 24409
5872 24411
5873 56353
5874 86839
5875 24411
5876 36619
5877 80727
5878 53481
5879 73096
5880 48738
5881 24371
5882 24417
5883 378908
5884 52074
5885 24417
5886 117722
5887 395845
5888 403944
5889 278376
5890 24409
5891 256491
5892 24417
5893 278531
5894 24409
5895 24412
5896 687480
5897 2107354
5898 24417
5899 52413
5900 24416
5901 97565
5902 73180
5903 48793
5904 24398
5905 73222
5906 48820
5907 24411
5908 24415
5909 244289
5910 258210
5911 273896
5912 292146
5913 24414
5914 24418
5915 48827
5916 24405
5917 85387
5918 36612
5919 146321
5920 24409
5921 36590
5922 24411
5923 559608
5924 322520
5925 188879
5926 249568
5927 48861
5928 140282
5929 24412
5930 201016
5931 30597
5932 30602
5933 91545
5934 97558
5935 79294
5936 24400
5937 54982
5938 67259
5939 30678
5940 24637
5941 24410
5942 24407
5943 48789
5944 24398
5945 24416
5946 1046489
5947 1358324
5948 1368512
5949 213396
5950 234650
5951 256611
5952 279125
5953 834950
5954 1579538
5955 813898
5956 941856
5957 363513
5958 795516
5959 819652
5960 593554
5961 427630
5962 549265
5963 97615
5964 426183
5965 73222
5966 24411
5967 48822
5968 46081
5969 428634
5970 24414
5971 360845
5972 39481
5973 48822
5974 24413
5975 393840
5976 420428
5977 46396
5978 316467
5979 169035
5980 62087
5981 106683
5982 24415
5983 299049
5984 1041411
5985 691976
5986 24415
5987 48823
5988 24417
5989 24414
5990 1151281
5991 24414
5992 24400
5993 1866917
5994 1854693
5995 1436144
5996 410116
5997 231832
5998 208565
5999 392645
6000 189743
6001 377404
6002 1185034
6003 24417
6004 148338
6005 130274
6006 118332
6007 883682
6008 24406
6009 89373
6010 91460
6011 122315
6012 24416
6013 152998
6014 875788
6015 24417
6016 587482
6017 24415
6018 559983
6019 261076
6020 319051
6021 287272
6022 24415
6023 535159
6024 599057
6025 24417
6026 307968
6027 24415
6028 289115
6029 446084
6030 243222
6031 57461
6032 321103
6033 265490
6034 47685
6035 282568
6036 215218
6037 24364
6038 110362
6039 73209
6040 45344
6041 250024
6042 167971
6043 24406
6044 24406
6045 207068
6046 24416
6047 295354
6048 24412
6049 167523
6050 268855
6051 113666
6052 237456
6053 23935
6054 189302
6055 85459
6056 169590
6057 170403
6058 47522
6059 136787
6060 167305
6061 289770
6062 88485
6063 44922
6064 153608
6065 48822
6066 24414
6067 194213
6068 54736
6069 110191
6070 69768
6071 148450
6072 50473
6073 24416
6074 73224
6075 48824
6076 24415
6077 24415
6078 24413
6079 532810
6080 554778
6081 601775
6082 24418
6083 154004
6084 24417
6085 111978
6086 79416
6087 257814
6088 280440
6089 26135
6090 82920
6091 36396
6092 59292
6093 303918
6094 327777
6095 106032
6096 375838
6097 24396
6098 48801
6099 73196
6100 97589
6101 146370
6102 24418
6103 24417
6104 24414
