0 990119
1 1010647
2 971487
3 1031885
4 1053649
5 956026
6 2043427
7 943900
8 1018626
9 2014952
10 994885
11 934677
12 515985
13 455251
14 297622
15 261344
16 194567
17 431021
18 48886
19 206971
20 133850
21 2037444
22 140264
23 54928
24 406935
25 48771
26 43208
27 2060315
28 285654
29 103925
30 43233
31 79441
32 30488
33 2083447
34 91712
35 206954
36 43132
37 926837
38 48917
39 48808
40 97517
41 73654
42 48826
43 79231
44 30538
45 24417
46 55394
47 115548
48 24452
49 91356
50 946398
51 122263
52 54938
53 97620
54 827800
55 73227
56 809010
57 48826
58 793691
59 147240
60 24417
61 122180
62 782897
63 24417
64 120905
65 783799
66 5063013
67 130434
68 713934
69 80831
70 69362
71 60597
72 494775
73 58257
74 3370701
75 66412
76 487551
77 149244
78 48826
79 132914
80 1328876
81 482062
82 4785620
83 237397
84 481740
85 1214684
86 48832
87 228335
88 215683
89 1314487
90 48826
91 909907
92 598376
93 822072
94 212249
95 24420
96 1593780
97 73221
98 48821
99 890708
100 24418
101 753900
102 773646
103 73233
104 583419
105 1585175
106 48820
107 316421
108 292227
109 778265
110 1303248
111 24420
112 103588
113 527748
114 24415
115 79240
116 152960
117 187963
118 4102217
119 5322843
120 5282148
121 4107441
122 1266892
123 4116859
124 5281195
125 4129135
126 8221996
127 1255430
128 3603543
129 4653528
130 4159422
131 2502536
132 417242
133 1327275
134 3614244
135 396660
136 190617
137 89685
138 5283253
139 3442003
140 1307666
141 67520
142 505671
143 84618
144 48830
145 122015
146 2488334
147 1170913
148 97630
149 71209
150 42724
151 452315
152 30521
153 50993
154 58458
155 24421
156 24419
157 168497
158 1279478
159 3456670
160 2475969
161 468668
162 3209531
163 39122
164 360522
165 2609769
166 175742
167 317731
168 107843
169 154310
170 58407
171 2700220
172 409245
173 298369
174 179714
175 39160
176 162433
177 24418
178 1234879
179 197939
180 285205
181 166333
182 97631
183 370772
184 4661068
185 360263
186 400377
187 36622
188 36623
189 188720
190 1565104
191 218019
192 24420
193 1092119
194 1691174
195 24418
196 607274
197 2739295
198 583047
199 158062
200 121691
201 1248636
202 135829
203 234204
204 2404635
205 63592
206 2229011
207 454032
208 465037
209 660712
210 113923
211 62962
212 430717
213 124469
214 61774
215 1076253
216 97630
217 382654
218 558812
219 213246
220 116635
221 42724
222 66121
223 181743
224 407873
225 30521
226 71880
227 1577473
228 254549
229 172601
230 441390
231 24421
232 106424
233 385506
234 366541
235 330898
236 4674319
237 4688526
238 12674548
239 8185271
240 4316064
241 964591
242 8604583
243 2048320
244 1502586
245 946625
246 403218
247 66938
248 2011478
249 1483046
250 540343
251 33057
252 24414
253 6326288
254 638442
255 533356
256 1885285
257 595456
258 2564905
259 527637
260 48822
261 2006186
262 221993
263 2280465
264 172074
265 24418
266 24415
267 29421
268 154094
269 3814894
270 12632239
271 116209
272 29693
273 3791494
274 24418
275 98840
276 2349010
277 353158
278 518969
279 25708
280 24419
281 3754832
282 59296
283 386747
284 262998
285 611708
286 34770
287 26841
288 282944
289 61266
290 4585374
291 186155
292 6308561
293 376146
294 1368249
295 37265
296 230868
297 229339
298 48830
299 1376808
300 102966
301 1049206
302 109734
303 221157
304 1372688
305 163783
306 6502865
307 53772
308 305761
309 11651793
310 24419
311 61853
312 25441
313 2143356
314 75695
315 217265
316 142498
317 291341
318 73233
319 981152
320 148208
321 36625
322 24419
323 998642
324 161920
325 39995
326 3066701
327 78847
328 5862108
329 364404
330 144915
331 1288851
332 48827
333 73199
334 352643
335 484015
336 72014
337 1044549
338 31527
339 2433369
340 50292
341 1059564
342 156698
343 138292
344 24419
345 772170
346 653981
347 992486
348 1100610
349 48808
350 49525
351 2102224
352 490873
353 176384
354 24415
355 5813520
356 5767267
357 5760755
358 10957886
359 2550242
360 2150045
361 408228
362 5878436
363 2591596
364 2225243
365 451701
366 8054758
367 451592
368 2139246
369 437630
370 3611813
371 49731
372 526575
373 437925
374 53793
375 24415
376 24412
377 276942
378 1019069
379 5759023
380 384580
381 429914
382 514988
383 1117937
384 1985383
385 338844
386 3591723
387 309211
388 1686946
389 24419
390 3549200
391 685327
392 1063395
393 8065687
394 24419
395 506685
396 780592
397 687722
398 828179
399 136243
400 246436
401 682574
402 227400
403 24419
404 3031099
405 112350
406 169748
407 1009346
408 1617942
409 144608
410 596347
411 211923
412 530791
413 568522
414 202745
415 506590
416 94986
417 584147
418 790892
419 219379
420 131965
421 557682
422 486334
423 438091
424 195058
425 575174
426 146320
427 413808
428 739026
429 82820
430 24419
431 97630
432 711546
433 24409
434 36622
435 1508509
436 36623
437 389517
438 24421
439 55679
440 24419
441 124161
442 121963
443 24409
444 365218
445 73189
446 626953
447 36897
448 7359038
449 2974781
450 24409
451 560423
452 62937
453 24409
454 235458
455 76980
456 103580
457 24417
458 30040
459 293867
460 42000
461 55122
462 66198
463 589403
464 579703
465 296310
466 836955
467 24412
468 559540
469 5294519
470 48796
471 42727
472 1261732
473 1274029
474 1288540
475 1251504
476 1305058
477 1245446
478 1322900
479 6755971
480 1245118
481 4723769
482 2070793
483 148859
484 1915650
485 133043
486 118311
487 104391
488 4782037
489 1902870
490 91313
491 5403417
492 2165862
493 80585
494 479899
495 73412
496 690050
497 4375036
498 77246
499 163008
500 141454
501 772354
502 888834
503 119914
504 95958
505 73349
506 393284
507 395991
508 279518
509 63656
510 140158
511 271553
512 4556580
513 70906
514 159739
515 1740722
516 327296
517 116239
518 1720961
519 152317
520 697201
521 264945
522 82011
523 394517
524 261802
525 93472
526 78958
527 24419
528 1409423
529 73614
530 886072
531 204135
532 371129
533 1402641
534 1248114
535 5417846
536 3195745
537 380499
538 263159
539 1677747
540 348524
541 217873
542 56274
543 371072
544 46350
545 97579
546 363522
547 157637
548 48805
549 48806
550 24406
551 24407
552 44591
553 358813
554 128693
555 688683
556 218508
557 24419
558 1188875
559 48830
560 326743
561 1205238
562 24419
563 313192
564 109158
565 24407
566 1346010
567 81373
568 73233
569 73198
570 73228
571 1252060
572 237602
573 24407
574 48830
575 1829063
576 24407
577 369508
578 58645
579 24419
580 121028
581 1590878
582 2783552
583 124476
584 47458
585 96653
586 53352
587 24417
588 24413
589 162999
590 5287972
591 5434758
592 11662148
593 21777438
594 6062265
595 6768677
596 2840844
597 6790903
598 48828
599 2803122
600 24418
601 1162597
602 2755344
603 48826
604 195144
605 2744916
606 1141069
607 2834559
608 146386
609 24417
610 3383914
611 2722036
612 122007
613 24419
614 1818064
615 97620
616 2227005
617 73226
618 1392035
619 1055510
620 2607850
621 5755852
622 48825
623 1131481
624 1048556
625 1440939
626 1236322
627 5625942
628 24416
629 1748152
630 574460
631 19073050
632 97628
633 48824
634 139901
635 2119027
636 880443
637 850603
638 24418
639 125917
640 1443062
641 48828
642 24418
643 1035639
644 559977
645 916223
646 118305
647 24418
648 114848
649 481971
650 1424158
651 98586
652 3795953
653 880035
654 85678
655 1020295
656 138231
657 3666707
658 85406
659 73214
660 119930
661 874557
662 2344856
663 1619661
664 48817
665 24412
666 155729
667 4025016
668 834508
669 830836
670 96723
671 61788
672 965115
673 489238
674 812211
675 186782
676 428640
677 928640
678 128001
679 54337
680 556779
681 646477
682 1507326
683 146209
684 1497660
685 554693
686 844424
687 514496
688 504216
689 48776
690 2077296
691 670714
692 73218
693 162463
694 48820
695 24392
696 121842
697 704535
698 129539
699 24414
700 73233
701 4015211
702 24418
703 856091
704 923044
705 1722650
706 324749
707 97468
708 48830
709 24419
710 19076028
711 21390405
712 18900976
713 4805472
714 22486950
715 5416321
716 3507034
717 3491532
718 4055344
719 1941860
720 3159633
721 2366956
722 976244
723 1023312
724 1430732
725 583932
726 1718617
727 1391505
728 1928915
729 1927722
730 564433
731 17545991
732 954700
733 1700715
734 714240
735 975492
736 2263607
737 1993358
738 24409
739 550272
740 749226
741 966047
742 727329
743 337317
744 1503968
745 706266
746 2687544
747 1251623
748 686496
749 2062976
750 668546
751 499119
752 1428134
753 937358
754 1214486
755 1000005
756 2214886
757 927415
758 138918
759 790264
760 656841
761 685738
762 488175
763 1216001
764 486813
765 1822404
766 1078841
767 386801
768 103693
769 949828
770 1967170
771 146363
772 1124023
773 656046
774 393373
775 777132
776 158849
777 607051
778 1071288
779 2670536
780 24419
781 416522
782 710241
783 227801
784 877635
785 784655
786 46603
787 264023
788 2383392
789 1592564
790 1396137
791 1064949
792 722792
793 622998
794 207066
795 491899
796 406855
797 391390
798 1256357
799 462703
800 196089
801 354610
802 1293718
803 17543197
804 84630
805 86162
806 967775
807 76884
808 427178
809 3281211
810 1842372
811 211992
812 82694
813 378254
814 97622
815 369498
816 36619
817 963672
818 36620
819 436835
820 2135693
821 200494
822 48698
823 24419
824 432301
825 1111051
826 48820
827 2239222
828 24417
829 16817486
830 16815697
831 23623947
832 3920156
833 21400353
834 3898684
835 4136466
836 1453715
837 7702818
838 680737
839 3684683
840 1353322
841 4354415
842 661057
843 391819
844 1251687
845 7254707
846 97630
847 1726849
848 73234
849 48830
850 24419
851 117466
852 643033
853 1946212
854 2260690
855 1718620
856 1182115
857 73240
858 1169163
859 73236
860 393396
861 48832
862 626748
863 435738
864 24420
865 146387
866 6882375
867 722289
868 613672
869 4201586
870 48832
871 463707
872 1313218
873 24420
874 61342
875 48789
876 122007
877 3606923
878 24420
879 2256726
880 5778026
881 97619
882 203142
883 47807
884 531335
885 2258795
886 704616
887 64893
888 73225
889 1300365
890 4291506
891 48824
892 24420
893 1502017
894 734239
895 1350036
896 24415
897 5759845
898 454031
899 219461
900 178916
901 1218361
902 4030425
903 165505
904 423007
905 73229
906 3350280
907 130309
908 1122996
909 121093
910 143124
911 822851
912 4378457
913 430876
914 3930490
915 1381992
916 121963
917 278932
918 592330
919 3686691
920 149493
921 2562253
922 107897
923 320034
924 411810
925 3171889
926 157664
927 48825
928 258338
929 69109
930 1180453
931 73236
932 195105
933 48832
934 1099933
935 887352
936 2018637
937 24420
938 1955179
939 176547
940 1381296
941 1495506
942 1943760
943 24420
944 370790
945 48828
946 170777
947 17973560
948 17967303
949 22686425
950 5093267
951 13517178
952 5088517
953 9431016
954 260707
955 239382
956 4525972
957 604365
958 203856
959 3254409
960 4512115
961 198639
962 182671
963 1682871
964 1680296
965 3197092
966 4499053
967 488795
968 24407
969 360371
970 24419
971 439671
972 398940
973 4570934
974 3336327
975 346345
976 146397
977 10896024
978 1421605
979 333491
980 122017
981 171428
982 9128905
983 97629
984 1368392
985 3071455
986 388562
987 151185
988 1075255
989 73233
990 382163
991 354843
992 356843
993 74659
994 48830
995 644373
996 366342
997 292444
998 482875
999 73220
1000 554885
1001 497829
1002 361081
1003 1593839
1004 534294
1005 262226
1006 4027872
1007 268116
1008 73235
1009 4487209
1010 48828
1011 243814
1012 24420
1013 4017613
1014 220492
1015 280818
1016 109780
1017 24418
1018 934194
1019 24412
1020 4401798
1021 24419
1022 3674923
1023 48830
1024 367197
1025 552662
1026 85403
1027 3743173
1028 85050
1029 109732
1030 61029
1031 85359
1032 48831
1033 464831
1034 24410
1035 60985
1036 3352072
1037 514422
1038 340371
1039 36620
1040 48821
1041 24457
1042 24419
1043 36657
1044 9109611
1045 573872
1046 541518
1047 24415
1048 329145
1049 481094
1050 5887585
1051 1382462
1052 289565
1053 69186
1054 4312457
1055 2741534
1056 24419
1057 2745961
1058 2497922
1059 2334927
1060 931905
1061 570908
1062 314463
1063 500876
1064 2657783
1065 8092746
1066 8078390
1067 1141068
1068 435903
1069 146412
1070 720533
1071 750911
1072 48968
1073 177373
1074 713898
1075 1130465
1076 195412
1077 120285
1078 998472
1079 3494911
1080 556850
1081 217345
1082 63732
1083 41943
1084 65617
1085 1857185
1086 73230
1087 166083
1088 32871
1089 24417
1090 40986
1091 48828
1092 615499
1093 24418
1094 242825
1095 961635
1096 97592
1097 1834359
1098 119570
1099 406905
1100 1550115
1101 24408
1102 1499257
1103 1091464
1104 392911
1105 48808
1106 24394
1107 48827
1108 1812159
1109 366596
1110 24408
1111 231340
1112 388095
1113 496208
1114 340217
1115 2953180
1116 1791073
1117 1814797
1118 178735
1119 422125
1120 164139
1121 52744
1122 400061
1123 24419
1124 1658789
1125 867805
1126 1374904
1127 48830
1128 579265
1129 634042
1130 452271
1131 73220
1132 648361
1133 182797
1134 241270
1135 48817
1136 24419
1137 24406
1138 40162
1139 171000
1140 24417
1141 246563
1142 125537
1143 188260
1144 622419
1145 128526
1146 24418
1147 577020
1148 1054383
1149 469452
1150 582842
1151 30395
1152 929557
1153 252963
1154 216463
1155 714752
1156 777827
1157 311632
1158 409301
1159 240391
1160 99372
1161 24419
1162 236792
1163 191105
1164 287167
1165 150055
1166 542171
1167 24416
1168 242728
1169 166655
1170 1003507
1171 125923
1172 252540
1173 219404
1174 943432
1175 521469
1176 145702
1177 102454
1178 24417
1179 195099
1180 476033
1181 90568
1182 526447
1183 108851
1184 73207
1185 238414
1186 142567
1187 78375
1188 120776
1189 64196
1190 130627
1191 308153
1192 31730
1193 163108
1194 36824
1195 129235
1196 142190
1197 872146
1198 60585
1199 50704
1200 992626
1201 111338
1202 105292
1203 554288
1204 397779
1205 976845
1206 89377
1207 34735
1208 96784
1209 773127
1210 98969
1211 24419
1212 953447
1213 978837
1214 112622
1215 137372
1216 1299899
1217 578715
1218 539611
1219 118457
1220 4377808
1221 134182
1222 1280247
1223 4332307
1224 452657
1225 4546453
1226 4325571
1227 86840
1228 4503544
1229 1408155
1230 634664
1231 63014
1232 710952
1233 4323517
1234 1483508
1235 728854
1236 353992
1237 272887
1238 709802
1239 4491687
1240 821228
1241 212854
1242 188447
1243 174136
1244 24418
1245 802731
1246 88479
1247 4428124
1248 200037
1249 301743
1250 172334
1251 55428
1252 165362
1253 107413
1254 824123
1255 184762
1256 4483965
1257 114359
1258 1186840
1259 104588
1260 47834
1261 837333
1262 593034
1263 3323937
1264 1132679
1265 97080
1266 2369405
1267 622994
1268 197975
1269 68024
1270 3950820
1271 50572
1272 3018854
1273 87407
1274 2360905
1275 1593450
1276 470299
1277 234936
1278 424436
1279 828678
1280 62528
1281 491090
1282 63564
1283 81261
1284 615382
1285 3617932
1286 1206873
1287 3174655
1288 640364
1289 98841
1290 773597
1291 902626
1292 3597056
1293 2262215
1294 1469328
1295 639841
1296 383232
1297 522683
1298 2584981
1299 84923
1300 60319
1301 1454481
1302 60102
1303 502182
1304 46855
1305 487167
1306 39539
1307 877973
1308 32240
1309 489598
1310 42791
1311 80276
1312 1570258
1313 475585
1314 54187
1315 499706
1316 58154
1317 1064799
1318 453596
1319 757290
1320 432815
1321 111524
1322 462094
1323 760439
1324 1060118
1325 413941
1326 484778
1327 123618
1328 920548
1329 101757
1330 1124782
1331 58368
1332 67384
1333 206605
1334 397952
1335 86232
1336 1114295
1337 24417
1338 49635
1339 1135127
1340 65817
1341 393716
1342 62370
1343 1135960
1344 171772
1345 50032
1346 402193
1347 83622
1348 920365
1349 609439
1350 48826
1351 813369
1352 24416
1353 493146
1354 539258
1355 161915
1356 1143425
1357 79192
1358 198739
1359 414138
1360 72528
1361 65248
1362 1153047
1363 73233
1364 439435
1365 24419
1366 930464
1367 48830
1368 308120
1369 1164280
1370 345650
1371 189171
1372 1213305
1373 24419
1374 167484
1375 80372
1376 24419
1377 75856
1378 48821
1379 677252
1380 427362
1381 627710
1382 390672
1383 110994
1384 389885
1385 442351
1386 83230
1387 1214794
1388 727327
1389 65951
1390 24415
1391 81848
1392 295320
1393 1976330
1394 446232
1395 64002
1396 24399
1397 48829
1398 798754
1399 71907
1400 281189
1401 2070722
1402 647178
1403 2181795
1404 781020
1405 786756
1406 48830
1407 542136
1408 911624
1409 321776
1410 902338
1411 24419
1412 285519
1413 24418
1414 306806
1415 2351342
1416 119324
1417 764799
1418 295951
1419 196258
1420 903243
1421 146409
1422 24418
1423 73224
1424 48829
1425 24418
1426 170758
1427 24418
1428 503171
1429 533057
1430 537787
1431 442707
1432 278344
1433 70710
1434 46309
1435 24416
1436 662269
1437 261168
1438 73206
1439 24408
1440 24409
1441 528369
1442 700271
1443 617687
1444 661269
1445 193757
1446 597288
1447 213295
1448 769715
1449 407357
1450 557681
1451 606629
1452 73188
1453 48799
1454 24415
1455 602909
1456 24403
1457 73203
1458 969777
1459 997637
1460 1172450
1461 728038
1462 1250606
1463 121976
1464 48810
1465 968177
1466 97594
1467 454905
1468 268071
1469 73205
1470 195008
1471 735598
1472 48810
1473 122009
1474 24409
1475 24419
1476 432627
1477 24409
1478 48676
1479 48829
1480 1148730
1481 24266
1482 97622
1483 24418
1484 73228
1485 48826
1486 411067
1487 1119631
1488 24417
1489 648700
1490 1287365
1491 749980
1492 421465
1493 410254
1494 48826
1495 24417
1496 1498884
1497 485720
1498 448763
1499 466036
1500 756482
1501 129155
1502 97616
1503 315838
1504 148260
1505 24420
1506 675102
1507 511492
1508 73222
1509 408822
1510 485283
1511 323290
1512 48831
1513 319897
1514 414684
1515 48819
1516 424917
1517 268164
1518 168518
1519 24419
1520 462080
1521 796239
1522 523449
1523 243853
1524 189874
1525 378502
1526 219540
1527 128056
1528 24413
1529 48817
1530 79437
1531 24412
1532 24410
1533 235754
1534 454381
1535 67457
1536 414165
1537 28246
1538 24416
1539 243703
1540 73163
1541 48783
1542 97539
1543 24394
1544 267936
1545 48785
1546 292265
1547 24395
1548 24396
1549 353730
1550 53408
1551 48781
1552 46563
1553 57882
1554 24394
1555 81844
1556 106077
1557 4197405
1558 3388123
1559 2875732
1560 1375084
1561 1492835
1562 3019484
1563 175088
1564 1367491
1565 3100134
1566 117605
1567 1375126
1568 154604
1569 4070632
1570 1515280
1571 2626976
1572 2568232
1573 2496135
1574 24418
1575 137644
1576 71428
1577 1134816
1578 2488023
1579 57050
1580 2857640
1581 2831279
1582 2140490
1583 54313
1584 2861227
1585 124388
1586 101580
1587 1468803
1588 1419479
1589 1332854
1590 154467
1591 315756
1592 2345071
1593 91818
1594 55071
1595 57594
1596 189325
1597 581021
1598 2330790
1599 707781
1600 219569
1601 2129547
1602 86686
1603 29911
1604 94972
1605 220324
1606 508638
1607 199103
1608 2336100
1609 75321
1610 1537736
1611 87216
1612 638829
1613 504131
1614 1308800
1615 36473
1616 144555
1617 472990
1618 93050
1619 123639
1620 2451805
1621 854262
1622 58193
1623 2478075
1624 63454
1625 154453
1626 1063179
1627 1464661
1628 115324
1629 245546
1630 360494
1631 2121244
1632 116465
1633 77611
1634 147052
1635 474959
1636 1902789
1637 670604
1638 469223
1639 325489
1640 456640
1641 144468
1642 1528632
1643 137136
1644 694046
1645 158293
1646 358694
1647 457968
1648 2769424
1649 135591
1650 83739
1651 2635978
1652 121907
1653 443729
1654 2602501
1655 1090862
1656 340522
1657 2594891
1658 35575
1659 993114
1660 443851
1661 340494
1662 32307
1663 295071
1664 1066819
1665 2696590
1666 933778
1667 70819
1668 421011
1669 769279
1670 2740244
1671 361102
1672 356559
1673 808251
1674 129331
1675 816922
1676 310759
1677 1938989
1678 676499
1679 508588
1680 197658
1681 532672
1682 585023
1683 1333164
1684 131342
1685 954836
1686 44521
1687 33372
1688 644939
1689 169752
1690 476750
1691 1179792
1692 1363338
1693 105714
1694 541965
1695 394124
1696 573652
1697 567417
1698 146478
1699 1087523
1700 1305860
1701 63981
1702 673446
1703 289529
1704 389818
1705 131041
1706 2739293
1707 4403988
1708 24418
1709 1556762
1710 2485083
1711 1128663
1712 24412
1713 392221
1714 55371
1715 2980853
1716 489244
1717 4094849
1718 2119582
1719 143413
1720 97603
1721 73211
1722 48811
1723 24404
1724 1260217
1725 1350380
1726 62475
1727 1491397
1728 2004551
1729 1540403
1730 284995
1731 301585
1732 820369
1733 768255
1734 3991161
1735 229554
1736 2706931
1737 241569
1738 170493
1739 578549
1740 209452
1741 4009854
1742 376935
1743 780499
1744 1906243
1745 3959268
1746 1599086
1747 310991
1748 347879
1749 190740
1750 198596
1751 104556
1752 182705
1753 61613
1754 728321
1755 3967753
1756 755413
1757 27004
1758 1100089
1759 2297924
1760 175842
1761 1091598
1762 811358
1763 1896624
1764 411101
1765 415878
1766 61607
1767 1055890
1768 803982
1769 297846
1770 740758
1771 1041887
1772 260660
1773 1079432
1774 80377
1775 287018
1776 729513
1777 169510
1778 1067711
1779 654531
1780 122703
1781 1084405
1782 79520
1783 336992
1784 241941
1785 387344
1786 652496
1787 80813
1788 86552
1789 447620
1790 1013386
1791 65074
1792 94562
1793 295669
1794 105541
1795 55445
1796 48249
1797 225614
1798 162045
1799 305998
1800 61847
1801 278743
1802 1354506
1803 3862829
1804 2126353
1805 1196512
1806 3543847
1807 2102147
1808 1377494
1809 4036315
1810 3524100
1811 633476
1812 1637778
1813 2964430
1814 1302173
1815 24419
1816 1780514
1817 73216
1818 2283621
1819 637654
1820 574458
1821 48818
1822 3877962
1823 2948033
1824 24412
1825 2916164
1826 110163
1827 553379
1828 889980
1829 24416
1830 74145
1831 4851232
1832 2703018
1833 2222058
1834 2879454
1835 3144709
1836 5223816
1837 1009297
1838 104271
1839 1189331
1840 960556
1841 35405
1842 845616
1843 69889
1844 68031
1845 73234
1846 538097
1847 907506
1848 48831
1849 1005102
1850 2822464
1851 1058385
1852 255334
1853 24419
1854 160024
1855 39833
1856 73569
1857 259601
1858 1137279
1859 24417
1860 73212
1861 232453
1862 48790
1863 73351
1864 884847
1865 742882
1866 48815
1867 2412072
1868 210531
1869 2255334
1870 3134658
1871 138021
1872 832922
1873 46055
1874 41457
1875 2791276
1876 9122734
1877 27788
1878 195115
1879 36442
1880 24399
1881 776928
1882 115660
1883 73231
1884 24420
1885 24411
1886 5739795
1887 117803
1888 48820
1889 1160527
1890 57488
1891 990872
1892 48828
1893 158918
1894 334628
1895 2208489
1896 327282
1897 660156
1898 80592
1899 35241
1900 24414
1901 194664
1902 223794
1903 793711
1904 136653
1905 73233
1906 266435
1907 48829
1908 1366858
1909 185560
1910 24418
1911 423834
1912 205947
1913 231062
1914 123385
1915 176253
1916 122006
1917 24414
1918 312804
1919 97620
1920 162129
1921 414446
1922 160416
1923 73225
1924 472539
1925 48828
1926 127236
1927 100781
1928 24419
1929 141736
1930 213591
1931 24417
1932 63103
1933 48823
1934 346535
1935 30734
1936 122123
1937 24418
1938 48832
1939 24415
1940 466315
1941 61352
1942 233140
1943 177766
1944 132369
1945 93992
1946 24420
1947 136725
1948 108882
1949 24418
1950 70490
1951 24418
1952 24419
1953 1938846
1954 70531
1955 382976
1956 242599
1957 186393
1958 81554
1959 361916
1960 243627
1961 1812561
1962 356156
1963 170746
1964 168377
1965 180410
1966 146375
1967 196273
1968 121996
1969 166386
1970 2146812
1971 233954
1972 162905
1973 2171812
1974 381110
1975 1424733
1976 216239
1977 248261
1978 159435
1979 55717
1980 150653
1981 2650747
1982 197783
1983 97609
1984 54495
1985 209358
1986 73218
1987 52397
1988 365977
1989 48819
1990 67399
1991 122030
1992 24413
1993 187535
1994 48829
1995 105814
1996 185792
1997 48831
1998 146591
1999 211262
2000 198837
2001 210863
2002 172018
2003 201520
2004 2643267
2005 54859
2006 73239
2007 170788
2008 573220
2009 2593420
2010 24419
2011 228564
2012 38057
2013 24419
2014 121753
2015 146357
2016 408155
2017 36637
2018 580770
2019 48828
2020 24420
2021 24420
2022 115107
2023 97615
2024 24420
2025 1633717
2026 97617
2027 408164
2028 315186
2029 460423
2030 176843
2031 169741
2032 132588
2033 1788901
2034 1418044
2035 410315
2036 276374
2037 1415253
2038 116436
2039 4514434
2040 296325
2041 479475
2042 243140
2043 441993
2044 308037
2045 370531
2046 147147
2047 3119339
2048 196309
2049 449679
2050 77577
2051 1733582
2052 279907
2053 97164
2054 286593
2055 4350823
2056 90411
2057 2449182
2058 93478
2059 90194
2060 55911
2061 214912
2062 235266
2063 81018
2064 2473716
2065 445832
2066 329718
2067 98392
2068 402935
2069 2394570
2070 88997
2071 65620
2072 2447560
2073 3578675
2074 145480
2075 883237
2076 219379
2077 40691
2078 498003
2079 316266
2080 221756
2081 502414
2082 72060
2083 290420
2084 84959
2085 2018081
2086 48820
2087 38198
2088 88857
2089 77919
2090 205347
2091 391960
2092 513522
2093 98257
2094 992084
2095 166325
2096 2317086
2097 103191
2098 24412
2099 923595
2100 919850
2101 1004086
2102 162397
2103 460777
2104 210651
2105 97626
2106 117134
2107 175384
2108 590884
2109 36619
2110 433192
2111 36623
2112 42375
2113 403476
2114 1295663
2115 24420
2116 176039
2117 174432
2118 49035
2119 176474
2120 561048
2121 312211
2122 88880
2123 24419
2124 89548
2125 47241
2126 749689
2127 127733
2128 274851
2129 77501
2130 67697
2131 174597
2132 285449
2133 39693
2134 1815134
2135 102412
2136 227544
2137 272693
2138 1732387
2139 2275363
2140 802724
2141 73223
2142 1277233
2143 208880
2144 220613
2145 1269463
2146 670022
2147 899984
2148 1176450
2149 1779583
2150 1155044
2151 109153
2152 1197869
2153 97572
2154 782351
2155 774667
2156 107095
2157 1958527
2158 468756
2159 876787
2160 759658
2161 166994
2162 526904
2163 1696356
2164 45118
2165 160838
2166 2466019
2167 175797
2168 26488
2169 24414
2170 97620
2171 73187
2172 24418
2173 461577
2174 48799
2175 42714
2176 30523
2177 24419
2178 959762
2179 460690
2180 574215
2181 1046008
2182 372514
2183 24403
2184 30914
2185 282303
2186 837389
2187 555226
2188 48792
2189 215438
2190 1043615
2191 198268
2192 100345
2193 635150
2194 24418
2195 542368
2196 2293151
2197 1297904
2198 268280
2199 714511
2200 254756
2201 540873
2202 73227
2203 262286
2204 2416681
2205 24398
2206 24418
2207 85362
2208 350638
2209 552770
2210 24407
2211 327587
2212 24414
2213 77691
2214 24414
2215 99837
2216 878699
2217 24416
2218 333406
2219 415247
2220 24417
2221 1433384
2222 348923
2223 808040
2224 87056
2225 367350
2226 150115
2227 490971
2228 24413
2229 2322365
2230 24418
2231 789426
2232 387830
2233 505505
2234 590316
2235 86984
2236 24418
2237 440783
2238 173111
2239 372138
2240 1201130
2241 24414
2242 235113
2243 408726
2244 402821
2245 24417
2246 95261
2247 24416
2248 24414
2249 452101
2250 356509
2251 378930
2252 593794
2253 109548
2254 136485
2255 97629
2256 430457
2257 24411
2258 233342
2259 476161
2260 203517
2261 24415
2262 48824
2263 355710
2264 24419
2265 476068
2266 50238
2267 36182
2268 32342
2269 38413
2270 375775
2271 343306
2272 526044
2273 28771
2274 338964
2275 72692
2276 351540
2277 65327
2278 99621
2279 327304
2280 898243
2281 219457
2282 303094
2283 87612
2284 358716
2285 155733
2286 75463
2287 195105
2288 157398
2289 74803
2290 999061
2291 87712
2292 167303
2293 181728
2294 1022205
2295 170744
2296 262585
2297 79619
2298 177190
2299 259671
2300 277275
2301 146376
2302 277128
2303 300450
2304 48829
2305 323970
2306 1045686
2307 492272
2308 122000
2309 278931
2310 24419
2311 1069229
2312 488964
2313 164393
2314 1092787
2315 319841
2316 254809
2317 510007
2318 212263
2319 230934
2320 211815
2321 219303
2322 532323
2323 97616
2324 444539
2325 466339
2326 98824
2327 74602
2328 489828
2329 73224
2330 194952
2331 56293
2332 1116389
2333 322563
2334 650488
2335 232328
2336 513330
2337 170754
2338 340354
2339 170608
2340 1140058
2341 44080
2342 1415106
2343 97601
2344 756380
2345 48806
2346 97615
2347 1010936
2348 671312
2349 766340
2350 24411
2351 974966
2352 24412
2353 784879
2354 38599
2355 121966
2356 536904
2357 146383
2358 869209
2359 804790
2360 73222
2361 826043
2362 146255
2363 32370
2364 97587
2365 694637
2366 132727
2367 133577
2368 73200
2369 597295
2370 122005
2371 24408
2372 48821
2373 30509
2374 50318
2375 55090
2376 139330
2377 280872
2378 839262
2379 659056
2380 24414
2381 121896
2382 97529
2383 224601
2384 340224
2385 151594
2386 24419
2387 24419
2388 60994
2389 200108
2390 230250
2391 97676
2392 115964
2393 396927
2394 155199
2395 261693
2396 48865
2397 116729
2398 24417
2399 36674
2400 141205
2401 60987
2402 73291
2403 291753
2404 815268
2405 73234
2406 128515
2407 48831
2408 24417
2409 95819
2410 114950
2411 24420
2412 48849
2413 315873
2414 104018
2415 838825
2416 148475
2417 24416
2418 67712
2419 887175
2420 79784
2421 96116
2422 109864
2423 131913
2424 24419
2425 5589723
2426 5137963
2427 155994
2428 160521
2429 5216459
2430 5235347
2431 139406
2432 4916243
2433 138390
2434 5014187
2435 5419298
2436 4904020
2437 376656
2438 74145
2439 3103383
2440 368410
2441 290347
2442 169866
2443 3112442
2444 123978
2445 5415609
2446 5039183
2447 275954
2448 3021716
2449 62090
2450 3011999
2451 514777
2452 361980
2453 5030597
2454 262844
2455 114108
2456 182376
2457 4918337
2458 520968
2459 149591
2460 176853
2461 254161
2462 2323418
2463 751453
2464 55524
2465 161300
2466 250929
2467 107697
2468 562491
2469 194301
2470 48432
2471 925163
2472 116673
2473 2606719
2474 191529
2475 2414571
2476 64798
2477 171420
2478 701514
2479 1269671
2480 2396221
2481 193256
2482 131305
2483 715727
2484 488424
2485 150385
2486 2100250
2487 409548
2488 140783
2489 251180
2490 97626
2491 65010
2492 146912
2493 261041
2494 100884
2495 2063114
2496 1133425
2497 296471
2498 1943441
2499 160628
2500 626835
2501 1408643
2502 950959
2503 491582
2504 930061
2505 73139
2506 48763
2507 532083
2508 24386
2509 673572
2510 144033
2511 257578
2512 170682
2513 732090
2514 389522
2515 825046
2516 102321
2517 83558
2518 390626
2519 54557
2520 24414
2521 385594
2522 146326
2523 45829
2524 835017
2525 67082
2526 1033912
2527 54894
2528 42700
2529 24415
2530 30511
2531 24415
2532 352650
2533 995735
2534 1040924
2535 364406
2536 735963
2537 360549
2538 368379
2539 1522955
2540 1269005
2541 1245439
2542 1434747
2543 626258
2544 1258318
2545 639830
2546 1272794
2547 1456491
2548 1350102
2549 1287922
2550 1397870
2551 654830
2552 824742
2553 1338351
2554 1308966
2555 806231
2556 812266
2557 290782
2558 630625
2559 623955
2560 474865
2561 199027
2562 81025
2563 254840
2564 606416
2565 790538
2566 542307
2567 606222
2568 497247
2569 317435
2570 48827
2571 810189
2572 485014
2573 582201
2574 1232782
2575 73227
2576 506067
2577 27554
2578 1886330
2579 285100
2580 160816
2581 44150
2582 24416
2583 930559
2584 557979
2585 48825
2586 214980
2587 1639956
2588 931369
2589 227451
2590 652236
2591 533754
2592 48820
2593 24416
2594 24414
2595 906820
2596 819103
2597 509521
2598 1666861
2599 73225
2600 48816
2601 48824
2602 788071
2603 24416
2604 1402323
2605 856411
2606 485281
2607 1110583
2608 1339168
2609 768658
2610 583698
2611 1522372
2612 461035
2613 790037
2614 24411
2615 1006341
2616 1152805
2617 436780
2618 683633
2619 851094
2620 832563
2621 816523
2622 804934
2623 24404
2624 73192
2625 24404
2626 97572
2627 146334
2628 195059
2629 24409
2630 24410
2631 409266
2632 259031
2633 211162
2634 48813
2635 24409
2636 72999
2637 24416
2638 43337
2639 67957
2640 24417
2641 164382
2642 140153
2643 30582
2644 97519
2645 36663
2646 48768
2647 24392
2648 54909
2649 24392
2650 24416
2651 73229
2652 24416
2653 103682
2654 79311
2655 54941
2656 36645
2657 30542
2658 42737
2659 67114
2660 91491
2661 97617
2662 36610
2663 54924
2664 24415
2665 24418
2666 24304
2667 48602
2668 97183
2669 24307
2670 145733
2671 24307
2672 169977
2673 194229
2674 218476
2675 242715
2676 266946
2677 291173
2678 315453
2679 339727
2680 363997
2681 388261
2682 412518
2683 24417
2684 24419
2685 569546
2686 599306
2687 146365
2688 121988
2689 487152
2690 97606
2691 73217
2692 30517
2693 24414
2694 483978
2695 153557
2696 173533
2697 79894
2698 55905
2699 35330
2700 24413
2701 48821
2702 614355
2703 554154
2704 542669
2705 24407
2706 944057
2707 963681
2708 924725
2709 905750
2710 887103
2711 868722
2712 926488
2713 597239
2714 578532
2715 418277
2716 983890
2717 573587
2718 479353
2719 24417
2720 78357
2721 565312
2722 58034
2723 45396
2724 1004813
2725 31865
2726 122009
2727 743460
2728 39364
2729 1026074
2730 875706
2731 97623
2732 73229
2733 48827
2734 24417
2735 1047564
2736 1254081
2737 498195
2738 517381
2739 909657
2740 475767
2741 219472
2742 457028
2743 897645
2744 195118
2745 643332
2746 170756
2747 335995
2748 103818
2749 922519
2750 453436
2751 123291
2752 432814
2753 96993
2754 24413
2755 146385
2756 472587
2757 414249
2758 73186
2759 24416
2760 55259
2761 292104
2762 906313
2763 225027
2764 122007
2765 763123
2766 24416
2767 740113
2768 878809
2769 24418
2770 426252
2771 499939
2772 237660
2773 24415
2774 321085
2775 1229908
2776 24417
2777 125772
2778 737006
2779 321484
2780 97630
2781 1028904
2782 97620
2783 73227
2784 24416
2785 48828
2786 24418
2787 313805
2788 24417
2789 24416
2790 24417
2791 24417
2792 78667
2793 121993
2794 456016
2795 424405
2796 687937
2797 176453
2798 509824
2799 24418
2800 73225
2801 24417
2802 102567
2803 24417
2804 24416
2805 24416
2806 300740
2807 1263907
2808 512104
2809 24418
2810 121662
2811 503866
2812 1219504
2813 78233
2814 73210
2815 1004627
2816 154910
2817 147920
2818 433633
2819 48813
2820 24416
2821 24407
2822 48828
2823 24413
2824 195022
2825 24403
2826 341071
2827 146296
2828 121933
2829 97562
2830 73183
2831 48796
2832 24402
2833 121933
2834 97562
2835 73183
2836 48795
2837 24402
2838 2421283
2839 2493716
2840 2500443
2841 72119
2842 53377
2843 2519991
2844 40218
2845 1746921
2846 38267
2847 48826
2848 2539975
2849 24416
2850 1759282
2851 53578
2852 1754156
2853 82612
2854 74345
2855 94611
2856 71833
2857 1708149
2858 195972
2859 24418
2860 1753448
2861 75378
2862 388975
2863 387278
2864 337450
2865 88588
2866 73217
2867 48819
2868 24414
2869 225575
2870 212401
2871 180190
2872 97623
2873 24419
2874 42720
2875 36621
2876 30521
2877 1537576
2878 152613
2879 24419
2880 24419
2881 236492
2882 658199
2883 24418
2884 277082
2885 73223
2886 125961
2887 24415
2888 24416
2889 97613
2890 30514
2891 42718
2892 24417
2893 106702
2894 1014026
2895 24418
2896 24419
2897 24416
2898 48825
2899 146407
2900 170753
2901 73228
2902 195115
2903 48827
2904 219468
2905 24417
2906 365599
2907 389717
2908 122005
2909 97620
2910 73226
2911 48825
2912 24416
2913 97556
2914 36573
2915 36614
2916 24401
2917 219399
2918 246733
2919 97574
2920 48799
2921 24403
2922 24403
2923 24395
2924 24418
2925 463313
2926 687064
2927 457547
2928 71281
2929 229776
2930 621891
2931 2033783
2932 1976563
2933 628829
2934 213956
2935 151283
2936 1906813
2937 204362
2938 1110313
2939 1711536
2940 170396
2941 1907756
2942 134694
2943 1783882
2944 132529
2945 1037655
2946 759421
2947 159497
2948 243476
2949 1801536
2950 146600
2951 292263
2952 1913287
2953 683786
2954 962017
2955 80284
2956 24417
2957 146357
2958 1921960
2959 73231
2960 267945
2961 75822
2962 1931819
2963 48829
2964 1025922
2965 1818182
2966 664623
2967 243654
2968 24419
2969 182627
2970 584946
2971 320937
2972 48827
2973 274793
2974 241795
2975 161603
2976 293695
2977 24400
2978 384730
2979 211318
2980 24417
2981 763042
2982 179123
2983 239475
2984 314320
2985 350057
2986 723857
2987 48829
2988 300002
2989 1398052
2990 290963
2991 194958
2992 24418
2993 153709
2994 170645
2995 250076
2996 61025
2997 24417
2998 84354
2999 144526
3000 51258
3001 1255365
3002 48804
3003 97543
3004 24406
3005 572763
3006 81817
3007 139792
3008 24397
3009 48786
3010 1177658
3011 57439
3012 24397
3013 51615
3014 48785
3015 37231
3016 939010
3017 358774
3018 24395
3019 34387
3020 68573
3021 353216
3022 54175
3023 243532
3024 45983
3025 112290
3026 1216249
3027 64588
3028 61609
3029 936331
3030 67396
3031 121804
3032 126174
3033 50116
3034 396086
3035 1045716
3036 151915
3037 1198989
3038 476819
3039 327782
3040 170425
3041 120262
3042 128629
3043 24416
3044 92287
3045 78671
3046 110619
3047 114647
3048 24417
3049 164572
3050 48826
3051 24415
3052 580466
3053 437778
3054 48784
3055 24396
3056 24415
3057 24418
3058 165728
3059 117057
3060 24418
3061 70879
3062 24418
3063 51453
3064 24417
3065 24418
3066 24416
3067 24418
3068 213552
3069 259375
3070 178565
3071 177964
3072 1337817
3073 155619
3074 24417
3075 294230
3076 1276071
3077 327080
3078 234634
3079 1354330
3080 137822
3081 284818
3082 126528
3083 84285
3084 157106
3085 1175271
3086 48827
3087 1284976
3088 1165645
3089 255630
3090 338618
3091 243733
3092 86100
3093 326388
3094 147174
3095 993820
3096 258231
3097 182314
3098 48829
3099 24417
3100 208923
3101 148404
3102 231549
3103 24413
3104 166319
3105 985645
3106 316162
3107 24419
3108 90631
3109 308737
3110 219449
3111 843351
3112 24416
3113 312345
3114 274232
3115 779173
3116 1973831
3117 72906
3118 80798
3119 73198
3120 2211884
3121 74530
3122 1943793
3123 1280112
3124 121958
3125 70572
3126 2362765
3127 48830
3128 48805
3129 899776
3130 2977548
3131 1258287
3132 67128
3133 2268661
3134 1435406
3135 1218888
3136 24406
3137 1227712
3138 1471053
3139 1220536
3140 97581
3141 24419
3142 24408
3143 73197
3144 24414
3145 1228407
3146 2471496
3147 247031
3148 1315343
3149 243638
3150 1488136
3151 207146
3152 461209
3153 48805
3154 259269
3155 148305
3156 1214450
3157 386054
3158 249280
3159 2423907
3160 249994
3161 424209
3162 320187
3163 1250941
3164 236884
3165 186600
3166 97617
3167 24416
3168 1215731
3169 36620
3170 73216
3171 36615
3172 531574
3173 185431
3174 24416
3175 503597
3176 283424
3177 125750
3178 48814
3179 486184
3180 219442
3181 1483470
3182 234127
3183 24405
3184 254260
3185 24415
3186 320260
3187 275531
3188 24415
3189 24416
3190 73231
3191 24417
3192 1222543
3193 1103429
3194 1191039
3195 97616
3196 73222
3197 24417
3198 1096696
3199 48821
3200 24413
3201 1137257
3202 1058947
3203 1061885
3204 1068427
3205 121979
3206 97593
3207 73206
3208 1076205
3209 48812
3210 24409
3211 1084894
3212 1094144
3213 1595987
3214 1191146
3215 907328
3216 883292
3217 1201994
3218 859262
3219 1213591
3220 837057
3221 292299
3222 267981
3223 1225663
3224 522566
3225 243656
3226 498481
3227 1238268
3228 219351
3229 474417
3230 1771944
3231 450378
3232 1916837
3233 1981784
3234 426360
3235 273523
3236 121882
3237 1916301
3238 402361
3239 73164
3240 97519
3241 1929988
3242 378412
3243 590095
3244 73155
3245 354509
3246 249247
3247 330631
3248 306785
3249 282969
3250 259174
3251 48789
3252 246126
3253 244004
3254 247611
3255 257051
3256 204405
3257 566192
3258 266934
3259 36610
3260 277100
3261 542438
3262 225043
3263 42705
3264 200903
3265 288580
3266 54888
3267 301689
3268 518718
3269 315266
3270 328929
3271 495030
3272 183762
3273 176818
3274 167567
3275 471376
3276 447764
3277 342866
3278 357069
3279 267045
3280 424188
3281 371415
3282 400654
3283 475098
3284 377153
3285 353666
3286 229993
3287 152798
3288 171914
3289 147877
3290 206288
3291 182595
3292 128797
3293 164737
3294 158441
3295 127251
3296 118131
3297 163850
3298 175298
3299 186858
3300 198574
3301 210449
3302 104840
3303 80953
3304 62914
3305 56621
3306 120786
3307 24417
3308 654253
3309 631511
3310 180464
3311 119012
3312 122813
3313 24420
3314 73056
3315 48710
3316 24356
3317 146079
3318 48717
3319 24363
3320 143080
3321 181473
3322 132386
3323 24417
3324 2463051
3325 24418
3326 24418
3327 73235
3328 24418
3329 24417
3330 71841
3331 478264
3332 499339
3333 458667
3334 444395
3335 24416
3336 425698
3337 69681
3338 24413
3339 30644
3340 34182
3341 1391380
3342 1350705
3343 1333049
3344 1433680
3345 341059
3346 316852
3347 73185
3348 1205721
3349 1218376
3350 24395
3351 219515
3352 24395
3353 97613
3354 97612
3355 30520
3356 42711
3357 24416
3358 73220
3359 48820
3360 24414
3361 1204517
3362 4288840
3363 159229
3364 4141991
3365 59092
3366 37447
3367 165195
3368 81416
3369 3290465
3370 44885
3371 55473
3372 226222
3373 32224
3374 79898
3375 32700
3376 34794
3377 53914
3378 24420
3379 4152406
3380 32772
3381 68843
3382 105555
3383 414449
3384 49317
3385 191495
3386 70726
3387 3703366
3388 3781609
3389 195126
3390 412511
3391 170782
3392 139923
3393 24420
3394 122022
3395 3658246
3396 271535
3397 162726
3398 2651397
3399 73232
3400 121687
3401 24418
3402 73235
3403 24418
3404 119882
3405 24418
3406 24417
3407 24418
3408 48825
3409 127811
3410 1059512
3411 151710
3412 24416
3413 2631366
3414 24419
3415 38255
3416 96774
3417 201293
3418 2645257
3419 48830
3420 91318
3421 24419
3422 4436716
3423 48830
3424 962295
3425 1016237
3426 24418
3427 1930857
3428 1949478
3429 729830
3430 228641
3431 1319501
3432 1944483
3433 1015368
3434 807390
3435 482209
3436 73229
3437 500635
3438 1987411
3439 847287
3440 59369
3441 769046
3442 180064
3443 34661
3444 48826
3445 24414
3446 591854
3447 61171
3448 744914
3449 2505576
3450 2325033
3451 2321240
3452 1555806
3453 73220
3454 1468511
3455 121981
3456 1356841
3457 97597
3458 73206
3459 48821
3460 48807
3461 24414
3462 1141246
3463 24404
3464 221103
3465 241727
3466 120774
3467 143439
3468 111178
3469 119387
3470 116493
3471 134567
3472 1123145
3473 157416
3474 199913
3475 906403
3476 178362
3477 100618
3478 157859
3479 885841
3480 170729
3481 228089
3482 193367
3483 93130
3484 121971
3485 1109315
3486 97590
3487 398043
3488 146361
3489 73203
3490 48807
3491 121985
3492 24412
3493 97602
3494 770230
3495 402514
3496 24407
3497 418560
3498 397916
3499 59028
3500 418534
3501 73210
3502 77195
3503 1407608
3504 48815
3505 97150
3506 24411
3507 590234
3508 577759
3509 590864
3510 1106931
3511 468768
3512 157359
3513 119778
3514 141862
3515 459714
3516 82731
3517 139715
3518 91966
3519 444158
3520 169694
3521 1011615
3522 488789
3523 97109
3524 140555
3525 473262
3526 76782
3527 451107
3528 979541
3529 1220215
3530 3398120
3531 458709
3532 483955
3533 1515147
3534 465701
3535 780526
3536 2776553
3537 63084
3538 143125
3539 1720332
3540 137316
3541 1094363
3542 482094
3543 2805345
3544 239900
3545 694270
3546 677341
3547 124448
3548 500390
3549 1019822
3550 65506
3551 1817555
3552 84032
3553 161550
3554 1431967
3555 2892368
3556 57143
3557 162059
3558 79721
3559 216440
3560 98564
3561 129337
3562 193237
3563 138904
3564 109178
3565 170351
3566 40732
3567 1351762
3568 1244198
3569 24417
3570 153408
3571 397790
3572 48825
3573 312344
3574 24416
3575 419868
3576 442551
3577 465626
3578 1150100
3579 317340
3580 1194989
3581 77167
3582 685326
3583 1186919
3584 219459
3585 662997
3586 1381292
3587 67019
3588 46936
3589 574611
3590 1405563
3591 38846
3592 550754
3593 195105
3594 111544
3595 46115
3596 118155
3597 527102
3598 170743
3599 245299
3600 146373
3601 168749
3602 121996
3603 503590
3604 139766
3605 97612
3606 481029
3607 205517
3608 67384
3609 73219
3610 53807
3611 322648
3612 203413
3613 368482
3614 97619
3615 45982
3616 73224
3617 47737
3618 39824
3619 48822
3620 53748
3621 48829
3622 24413
3623 501313
3624 65668
3625 411111
3626 113412
3627 97617
3628 127196
3629 84429
3630 174922
3631 588060
3632 373908
3633 141588
3634 427469
3635 73223
3636 437307
3637 435962
3638 271232
3639 580919
3640 563961
3641 152042
3642 550018
3643 207671
3644 174160
3645 561422
3646 50784
3647 153827
3648 24418
3649 428055
3650 732292
3651 70427
3652 48822
3653 24418
3654 24415
3655 919633
3656 1005147
3657 280552
3658 461110
3659 284220
3660 1024970
3661 292542
3662 441985
3663 304860
3664 242568
3665 1233985
3666 137078
3667 152552
3668 364276
3669 113417
3670 24367
3671 239307
3672 195043
3673 193869
3674 90197
3675 1364130
3676 489902
3677 1375152
3678 67172
3679 24400
3680 127835
3681 49788
3682 146339
3683 251051
3684 49308
3685 540334
3686 61032
3687 170058
3688 124225
3689 358850
3690 338992
3691 334234
3692 322667
3693 462759
3694 266558
3695 339469
3696 290472
3697 115423
3698 354484
3699 413608
3700 205238
3701 294772
3702 347343
3703 202769
3704 283166
3705 132905
3706 140172
3707 295884
3708 73227
3709 48826
3710 240683
3711 155461
3712 241693
3713 24417
3714 300983
3715 24419
3716 374121
3717 354776
3718 1217263
3719 309319
3720 979512
3721 1137450
3722 221961
3723 230686
3724 145878
3725 235861
3726 239099
3727 143864
3728 33152
3729 241632
3730 418429
3731 124883
3732 275206
3733 233359
3734 136093
3735 390361
3736 51068
3737 24417
3738 1918453
3739 1474009
3740 347889
3741 2036565
3742 377739
3743 75494
3744 104890
3745 40980
3746 1482306
3747 2032040
3748 125524
3749 450684
3750 1471533
3751 82417
3752 1442051
3753 24418
3754 461704
3755 2278621
3756 297590
3757 384008
3758 1944213
3759 274145
3760 89981
3761 48812
3762 24409
3763 202299
3764 601318
3765 180793
3766 423743
3767 399408
3768 73240
3769 173134
3770 1838175
3771 128146
3772 72537
3773 342629
3774 180093
3775 48825
3776 326807
3777 377189
3778 48823
3779 355961
3780 117963
3781 24416
3782 156152
3783 24414
3784 136489
3785 285032
3786 112354
3787 137593
3788 325516
3789 361376
3790 319458
3791 124476
3792 179898
3793 1595712
3794 67657
3795 413511
3796 113929
3797 146617
3798 166062
3799 48176
3800 73231
3801 144506
3802 50810
3803 62421
3804 73210
3805 261064
3806 1348337
3807 1839579
3808 1332425
3809 341329
3810 318958
3811 284630
3812 244169
3813 301459
3814 76506
3815 1709756
3816 2691459
3817 48825
3818 24405
3819 24414
3820 280010
3821 238026
3822 812090
3823 227299
3824 226360
3825 24417
3826 655095
3827 169590
3828 123194
3829 1038428
3830 41053
3831 176907
3832 75129
3833 725394
3834 597018
3835 298957
3836 188983
3837 90584
3838 203973
3839 24922
3840 62332
3841 205237
3842 163994
3843 572884
3844 78102
3845 616070
3846 24417
3847 310835
3848 506785
3849 370695
3850 86860
3851 145277
3852 146883
3853 157897
3854 104715
3855 170753
3856 146400
3857 351682
3858 77343
3859 24419
3860 330580
3861 181461
3862 97517
3863 104498
3864 24417
3865 717248
3866 24417
3867 125493
3868 97624
3869 218399
3870 48819
3871 24422
3872 24420
3873 73123
3874 261405
3875 55678
3876 97615
3877 210078
3878 48721
3879 4476734
3880 42699
3881 135524
3882 30534
3883 101950
3884 24310
3885 24417
3886 88237
3887 37550
3888 35779
3889 2572031
3890 142513
3891 3811438
3892 145661
3893 49773
3894 1976485
3895 155418
3896 73174
3897 162833
3898 48794
3899 24403
3900 226312
3901 169572
3902 203485
3903 4452111
3904 128352
3905 53663
3906 125532
3907 2536195
3908 355623
3909 35264
3910 1566181
3911 292370
3912 31038
3913 57164
3914 2500578
3915 25699
3916 146335
3917 83165
3918 48825
3919 121957
3920 24414
3921 1513675
3922 97580
3923 42702
3924 100673
3925 115414
3926 92376
3927 75543
3928 76489
3929 179856
3930 148565
3931 145720
3932 142485
3933 155224
3934 177039
3935 248337
3936 266481
3937 57014
3938 438564
3939 457965
3940 50019
3941 153619
3942 61130
3943 1840268
3944 2064641
3945 130563
3946 262686
3947 331298
3948 108761
3949 183495
3950 194641
3951 88324
3952 68827
3953 73467
3954 116772
3955 70158
3956 83281
3957 59576
3958 47880
3959 48283
3960 59895
3961 82349
3962 105001
3963 24389
3964 48774
3965 73153
3966 25009
3967 24416
3968 48824
3969 24413
3970 48819
3971 91814
3972 96740
3973 101914
3974 115007
3975 136950
3976 160264
3977 184110
3978 208249
3979 232456
3980 256665
3981 24415
3982 48823
3983 73225
3984 97618
3985 73231
3986 36624
3987 24418
3988 428347
3989 1474542
3990 1103035
3991 1509672
3992 24417
3993 2787088
3994 2905008
3995 290689
3996 2778558
3997 276188
3998 262411
3999 611812
4000 254523
4001 257322
4002 270721
4003 2284072
4004 236168
4005 66802
4006 1093101
4007 360240
4008 160764
4009 35201
4010 73231
4011 1301528
4012 302229
4013 24418
4014 30521
4015 81244
4016 234596
4017 1150043
4018 1126719
4019 207433
4020 65137
4021 1142435
4022 278508
4023 163722
4024 56708
4025 120260
4026 82927
4027 1235947
4028 1083774
4029 63300
4030 308081
4031 39141
4032 83124
4033 24414
4034 297197
4035 27250
4036 879031
4037 61342
4038 259302
4039 220180
4040 24418
4041 252060
4042 221988
4043 239339
4044 41201
4045 234173
4046 650051
4047 196242
4048 701514
4049 278501
4050 550827
4051 433162
4052 248599
4053 24418
4054 148023
4055 313813
4056 281280
4057 355869
4058 125084
4059 152298
4060 308851
4061 48824
4062 59303
4063 337795
4064 121991
4065 97618
4066 591361
4067 41372
4068 48821
4069 24416
4070 567742
4071 254419
4072 24411
4073 130121
4074 160509
4075 233301
4076 97608
4077 72693
4078 75905
4079 73218
4080 213357
4081 73223
4082 48819
4083 106771
4084 24413
4085 48821
4086 509918
4087 48617
4088 461316
4089 110016
4090 24410
4091 137550
4092 150101
4093 30772
4094 24417
4095 31084
4096 117280
4097 437162
4098 74097
4099 24419
4100 364367
4101 194233
4102 103134
4103 55224
4104 24417
4105 48691
4106 340290
4107 24349
4108 62663
4109 78156
4110 24418
4111 48829
4112 134848
4113 140663
4114 116022
4115 24416
4116 48826
4117 24417
4118 100577
4119 82590
4120 149755
4121 65908
4122 97595
4123 73206
4124 48810
4125 24408
4126 268185
4127 146369
4128 24412
4129 97601
4130 73213
4131 24412
4132 24412
4133 24347
4134 48687
4135 73020
4136 194610
4137 97345
4138 73020
4139 48688
4140 24348
4141 72270
4142 47867
4143 24395
4144 24419
4145 73007
4146 97328
4147 48679
4148 24344
4149 121644
4150 24418
4151 73185
4152 225215
4153 48798
4154 193864
4155 149654
4156 72165
4157 24409
4158 24409
4159 203249
4160 24401
4161 86973
4162 224123
4163 108634
4164 245549
4165 200538
4166 73144
4167 219531
4168 24381
4169 24380
4170 405254
4171 420390
4172 170632
4173 291013
4174 146286
4175 1758404
4176 73162
4177 48779
4178 48787
4179 24414
4180 24410
4181 1048527
4182 1024591
4183 1000685
4184 24406
4185 976847
4186 953077
4187 929324
4188 910606
4189 165660
4190 170680
4191 555598
4192 146321
4193 531746
4194 121954
4195 141431
4196 117387
4197 97580
4198 93610
4199 533506
4200 417564
4201 121919
4202 434274
4203 170555
4204 290727
4205 146199
4206 97550
4207 73198
4208 237389
4209 121837
4210 73173
4211 74762
4212 97468
4213 48788
4214 48776
4215 24397
4216 223341
4217 24391
4218 73092
4219 48707
4220 24315
4221 48806
4222 61993
4223 56339
4224 24407
4225 411418
4226 325841
4227 485859
4228 92613
4229 129663
4230 99554
4231 99745
4232 352744
4233 461422
4234 300010
4235 90201
4236 24418
4237 615747
4238 67560
4239 237294
4240 365183
4241 357543
4242 340879
4243 48587
4244 316703
4245 244447
4246 289415
4247 97567
4248 38712
4249 48792
4250 194994
4251 24405
4252 24407
4253 121922
4254 125466
4255 67416
4256 328259
4257 73166
4258 93800
4259 48775
4260 24397
4261 91485
4262 24419
4263 24396
4264 24379
4265 109344
4266 24396
4267 24415
4268 128504
4269 526406
4270 340340
4271 360942
4272 2456038
4273 533430
4274 550690
4275 2285995
4276 2751296
4277 73228
4278 493478
4279 2233599
4280 73222
4281 2748081
4282 2284120
4283 48826
4284 2230457
4285 765856
4286 511190
4287 24416
4288 834056
4289 170894
4290 48820
4291 24413
4292 2583104
4293 97611
4294 24417
4295 925730
4296 73218
4297 48817
4298 146310
4299 24409
4300 2017414
4301 121943
4302 610667
4303 73180
4304 24404
4305 431320
4306 48793
4307 219412
4308 372526
4309 24400
4310 97617
4311 195059
4312 307028
4313 170698
4314 146330
4315 121953
4316 73223
4317 3087788
4318 97584
4319 24414
4320 97607
4321 48823
4322 73217
4323 48801
4324 24407
4325 48819
4326 24402
4327 877109
4328 24415
4329 24412
4330 48821
4331 24413
4332 1221368
4333 48827
4334 24417
4335 2811858
4336 24416
4337 24410
4338 30506
4339 221544
4340 226540
4341 1744257
4342 1546590
4343 1541974
4344 40401
4345 48820
4346 24413
4347 24418
4348 73226
4349 48825
4350 97621
4351 24417
4352 24418
4353 24418
4354 30520
4355 30524
4356 97624
4357 48823
4358 460903
4359 438220
4360 416087
4361 395824
4362 377162
4363 1036895
4364 362731
4365 141555
4366 128694
4367 222727
4368 625627
4369 625132
4370 380138
4371 314869
4372 24327
4373 61843
4374 182657
4375 52194
4376 285061
4377 312475
4378 42073
4379 377597
4380 60702
4381 55088
4382 42733
4383 56062
4384 408612
4385 147481
4386 46883
4387 56155
4388 159117
4389 47936
4390 148437
4391 45338
4392 48817
4393 805015
4394 131111
4395 113430
4396 248254
4397 403514
4398 262166
4399 57386
4400 24419
4401 195909
4402 97626
4403 24412
4404 199846
4405 200198
4406 1138048
4407 41340
4408 122283
4409 1203033
4410 385577
4411 307364
4412 179950
4413 24417
4414 122025
4415 339856
4416 90160
4417 73230
4418 32778
4419 162080
4420 294026
4421 24415
4422 48827
4423 48828
4424 24417
4425 48819
4426 512898
4427 48828
4428 166269
4429 202338
4430 72514
4431 24418
4432 24414
4433 181844
4434 63112
4435 24413
4436 24419
4437 24416
4438 24418
4439 514416
4440 159138
4441 187850
4442 24417
4443 2246434
4444 139298
4445 24417
4446 148267
4447 96193
4448 397821
4449 390787
4450 82967
4451 142895
4452 69797
4453 73009
4454 1022772
4455 335589
4456 1913766
4457 925325
4458 845268
4459 24415
4460 62340
4461 475876
4462 317227
4463 353772
4464 24418
4465 212711
4466 60687
4467 36175
4468 54949
4469 30092
4470 365473
4471 57727
4472 459829
4473 243791
4474 46006
4475 25085
4476 24412
4477 146365
4478 97604
4479 48811
4480 24408
4481 24412
4482 244957
4483 232309
4484 246112
4485 187789
4486 97586
4487 266966
4488 394566
4489 73196
4490 275279
4491 337126
4492 48804
4493 251507
4494 1299889
4495 227762
4496 48812
4497 1595946
4498 204038
4499 1245095
4500 24406
4501 946400
4502 1231396
4503 180592
4504 48814
4505 1612220
4506 157680
4507 24411
4508 24406
4509 135344
4510 114607
4511 24414
4512 70196
4513 122355
4514 83712
4515 97631
4516 137925
4517 30525
4518 42720
4519 24422
4520 269204
4521 56584
4522 474786
4523 396776
4524 390603
4525 513701
4526 270424
4527 750675
4528 474586
4529 283592
4530 368269
4531 29164
4532 405211
4533 97624
4534 265014
4535 42711
4536 39947
4537 30530
4538 146384
4539 447597
4540 24419
4541 284250
4542 50687
4543 304535
4544 48443
4545 94164
4546 25107
4547 97616
4548 24416
4549 326414
4550 284306
4551 97625
4552 331064
4553 48819
4554 24418
4555 42721
4556 592819
4557 132062
4558 30521
4559 24421
4560 24413
4561 24413
4562 340825
4563 409398
4564 97623
4565 73221
4566 36618
4567 36622
4568 48818
4569 24418
4570 24413
4571 360906
4572 450695
4573 73221
4574 48820
4575 1483782
4576 24414
4577 1099749
4578 632902
4579 35763
4580 25345
4581 449747
4582 428894
4583 420142
4584 134036
4585 305456
4586 155888
4587 24418
4588 146405
4589 302989
4590 120353
4591 24418
4592 265791
4593 24417
4594 120146
4595 97627
4596 420003
4597 101432
4598 24419
4599 61027
4600 24420
4601 36624
4602 112610
4603 166872
4604 382515
4605 47321
4606 178881
4607 290450
4608 498630
4609 112839
4610 231684
4611 34534
4612 115754
4613 108150
4614 130199
4615 61624
4616 37911
4617 89484
4618 87371
4619 263072
4620 88668
4621 75507
4622 25875
4623 96878
4624 138294
4625 85789
4626 24417
4627 99600
4628 48828
4629 24417
4630 87221
4631 24345
4632 48824
4633 24416
4634 121599
4635 140646
4636 30512
4637 24417
4638 42717
4639 24420
4640 59666
4641 29564
4642 635150
4643 776910
4644 240087
4645 147780
4646 137311
4647 73229
4648 48825
4649 24417
4650 136551
4651 24419
4652 48829
4653 24417
4654 445639
4655 320656
4656 297351
4657 751381
4658 285991
4659 97590
4660 73203
4661 770815
4662 48807
4663 791838
4664 24406
4665 955093
4666 146339
4667 48797
4668 24404
4669 48795
4670 24404
4671 24403
4672 24413
4673 48818
4674 73215
4675 106125
4676 3318364
4677 3246414
4678 3245193
4679 40608
4680 55905
4681 1012405
4682 26205
4683 96936
4684 36436
4685 36290
4686 24249
4687 121150
4688 169576
4689 24247
4690 242158
4691 48484
4692 24246
4693 24411
4694 48805
4695 24400
4696 73208
4697 104787
4698 51877
4699 74662
4700 24418
4701 97577
4702 36605
4703 36601
4704 24410
4705 73221
4706 48819
4707 24408
4708 97615
4709 73223
4710 48822
4711 24414
4712 497584
4713 498986
4714 506564
4715 520688
4716 537866
4717 1004545
4718 483884
4719 459720
4720 435625
4721 411661
4722 387974
4723 364694
4724 341818
4725 319210
4726 296840
4727 274630
4728 252662
4729 231732
4730 211804
4731 192925
4732 175271
4733 158243
4734 141636
4735 127203
4736 115066
4737 103359
4738 91993
4739 85295
4740 91204
4741 105292
4742 124425
4743 148592
4744 172782
4745 295551
4746 239212
4747 249592
4748 185334
4749 265156
4750 192694
4751 482614
4752 205495
4753 482904
4754 318057
4755 519256
4756 207422
4757 646781
4758 149470
4759 221443
4760 73225
4761 48823
4762 148507
4763 186442
4764 24416
4765 110021
4766 713449
4767 87726
4768 237878
4769 24418
4770 66375
4771 165959
4772 31997
4773 956907
4774 45774
4775 255305
4776 871858
4777 48828
4778 145947
4779 24417
4780 1741110
4781 838244
4782 1777536
4783 122011
4784 126231
4785 24414
4786 97626
4787 1337208
4788 710386
4789 274524
4790 35309
4791 1164266
4792 48820
4793 37933
4794 24420
4795 24414
4796 24416
4797 1245531
4798 1797618
4799 120113
4800 73224
4801 48821
4802 24414
4803 421835
4804 274064
4805 434484
4806 1819387
4807 243910
4808 24418
4809 107482
4810 2131958
4811 125925
4812 125964
4813 97585
4814 30816
4815 36589
4816 36611
4817 30138
4818 24405
4819 112996
4820 48135
4821 295119
4822 322325
4823 233155
4824 24418
4825 455752
4826 428091
4827 167795
4828 2283256
4829 176048
4830 24418
4831 24417
4832 24419
4833 96713
4834 72910
4835 55238
4836 43122
4837 37294
4838 49712
4839 74092
4840 208610
4841 54905
4842 30525
4843 24429
4844 42714
4845 67096
4846 108649
4847 97617
4848 30518
4849 48820
4850 30521
4851 24419
4852 723591
4853 24417
4854 97578
4855 30503
4856 42704
4857 24409
4858 121951
4859 2819588
4860 164159
4861 143537
4862 25973
4863 132006
4864 97612
4865 73218
4866 48815
4867 24411
4868 24413
4869 66294
4870 47766
4871 54957
4872 155707
4873 97370
4874 163380
4875 128080
4876 89769
4877 780726
4878 106859
4879 653409
4880 68305
4881 145507
4882 89255
4883 56876
4884 148914
4885 633047
4886 140581
4887 613636
4888 336276
4889 594957
4890 578089
4891 563505
4892 837465
4893 404467
4894 549684
4895 598745
4896 537400
4897 527831
4898 629572
4899 519184
4900 510807
4901 580750
4902 458397
4903 195082
4904 170718
4905 146347
4906 121973
4907 97594
4908 457185
4909 73207
4910 48812
4911 24409
4912 460350
4913 467649
4914 476303
4915 486812
4916 522382
4917 299792
4918 269193
4919 311950
4920 271309
4921 276755
4922 284188
4923 293003
4924 303576
4925 395407
4926 97545
4927 73155
4928 48778
4929 24393
4930 553337
4931 182924
4932 553305
4933 173468
4934 568340
4935 632236
4936 88785
4937 609291
4938 83010
4939 89008
4940 619528
4941 631708
4942 70177
4943 81535
4944 48609
4945 167229
4946 147633
4947 121942
4948 131633
4949 116705
4950 108218
4951 104231
4952 133029
4953 24417
4954 48422
4955 24215
4956 331339
4957 24381
4958 48791
4959 401700
4960 106333
4961 2268105
4962 2258868
4963 2282125
4964 2252533
4965 2329546
4966 79691
4967 68651
4968 97604
4969 71078
4970 48812
4971 24412
4972 24409
4973 150717
4974 231551
4975 123957
4976 1024687
4977 4995374
4978 1944358
4979 24420
4980 1896732
4981 674038
4982 1746326
4983 376736
4984 73045
4985 1945238
4986 48644
4987 24233
4988 1012489
4989 120925
4990 261498
4991 120158
4992 1754272
4993 1042605
4994 405691
4995 314507
4996 48687
4997 582409
4998 24348
4999 217367
5000 1772824
5001 506185
5002 239928
5003 1014900
5004 260476
5005 73216
5006 97610
5007 324691
5008 1792026
5009 42712
5010 30519
5011 48817
5012 560725
5013 24417
5014 168742
5015 30677
5016 48828
5017 1900209
5018 341159
5019 573917
5020 727550
5021 24418
5022 496808
5023 24412
5024 33595
5025 92434
5026 707638
5027 539377
5028 78531
5029 687198
5030 97631
5031 518690
5032 30522
5033 42724
5034 54565
5035 1911407
5036 478028
5037 24420
5038 343253
5039 741148
5040 87521
5041 1932166
5042 22507
5043 366746
5044 256301
5045 315266
5046 86718
5047 681188
5048 498873
5049 320206
5050 1953182
5051 571689
5052 291620
5053 166294
5054 394413
5055 106274
5056 268665
5057 408284
5058 97618
5059 62108
5060 161900
5061 382652
5062 1974512
5063 566200
5064 738624
5065 175291
5066 151502
5067 85794
5068 246677
5069 247284
5070 24420
5071 553228
5072 135789
5073 48814
5074 67321
5075 753088
5076 44461
5077 39933
5078 564318
5079 24416
5080 82103
5081 225317
5082 48799
5083 214875
5084 24417
5085 784045
5086 649806
5087 74208
5088 68702
5089 24398
5090 152056
5091 36560
5092 24409
5093 245712
5094 24406
5095 192882
5096 46333
5097 256620
5098 3896449
5099 4418912
5100 5249344
5101 504044
5102 704589
5103 480761
5104 458457
5105 1592569
5106 701579
5107 133679
5108 3907921
5109 1500776
5110 457986
5111 1501260
5112 110128
5113 709179
5114 1507603
5115 3921793
5116 2073540
5117 48828
5118 688731
5119 86187
5120 3909099
5121 371907
5122 593535
5123 1672341
5124 24418
5125 2925937
5126 24419
5127 349560
5128 39853
5129 1017015
5130 1273083
5131 2878392
5132 72419
5133 89350
5134 1115719
5135 174152
5136 938467
5137 666747
5138 980193
5139 1157631
5140 329007
5141 3268319
5142 97593
5143 63582
5144 2765212
5145 146409
5146 256584
5147 24418
5148 82696
5149 36586
5150 1243991
5151 144085
5152 219451
5153 36623
5154 1009860
5155 24409
5156 1057881
5157 235619
5158 420111
5159 31923
5160 66453
5161 673638
5162 97628
5163 195146
5164 24419
5165 125103
5166 45235
5167 190768
5168 73217
5169 45298
5170 73233
5171 704501
5172 24416
5173 48830
5174 2772045
5175 1549798
5176 1519599
5177 36123
5178 24419
5179 169242
5180 62906
5181 453021
5182 48818
5183 157452
5184 66947
5185 24413
5186 1696241
5187 354315
5188 180851
5189 97616
5190 1551869
5191 166321
5192 73223
5193 24417
5194 616367
5195 24420
5196 24414
5197 657183
5198 48822
5199 106218
5200 648600
5201 369263
5202 48828
5203 3388971
5204 191399
5205 309482
5206 254406
5207 24415
5208 24418
5209 266733
5210 187813
5211 2615666
5212 48815
5213 1530151
5214 121973
5215 278915
5216 1919194
5217 1917276
5218 2419191
5219 1604158
5220 315999
5221 552860
5222 200387
5223 539628
5224 121972
5225 97594
5226 193975
5227 97587
5228 36604
5229 405624
5230 36615
5231 1640667
5232 24413
5233 364988
5234 97627
5235 340680
5236 316365
5237 73196
5238 24420
5239 54932
5240 303783
5241 24418
5242 60168
5243 387114
5244 24406
5245 24407
5246 253860
5247 292154
5248 170353
5249 371125
5250 215933
5251 376304
5252 343228
5253 268369
5254 97195
5255 253603
5256 97615
5257 72806
5258 348428
5259 141213
5260 42696
5261 48817
5262 1286861
5263 264434
5264 24413
5265 30193
5266 24415
5267 24418
5268 30535
5269 29765
5270 24413
5271 48820
5272 48825
5273 222466
5274 24414
5275 199849
5276 24416
5277 280997
5278 144181
5279 95953
5280 119602
5281 36028
5282 916410
5283 414016
5284 24898
5285 74864
5286 155002
5287 302951
5288 120133
5289 365559
5290 24417
5291 137394
5292 183110
5293 179331
5294 59473
5295 198737
5296 146366
5297 26861
5298 24418
5299 35880
5300 195143
5301 91375
5302 220669
5303 55368
5304 193325
5305 97601
5306 24420
5307 268197
5308 258944
5309 48809
5310 837189
5311 24407
5312 24414
5313 186129
5314 262032
5315 97614
5316 241123
5317 178188
5318 73225
5319 42720
5320 25236
5321 30513
5322 817974
5323 36047
5324 24417
5325 24411
5326 24416
5327 24418
5328 282337
5329 805030
5330 132143
5331 24415
5332 144126
5333 201526
5334 256290
5335 257375
5336 261222
5337 263984
5338 268411
5339 281111
5340 371694
5341 392884
5342 301398
5343 74920
5344 101741
5345 359189
5346 82481
5347 79354
5348 517953
5349 539359
5350 98932
5351 466091
5352 293022
5353 493281
5354 73213
5355 304837
5356 543795
5357 93095
5358 581208
5359 74702
5360 320397
5361 292337
5362 246181
5363 392492
5364 121977
5365 95460
5366 336894
5367 87454
5368 634436
5369 304515
5370 401643
5371 97576
5372 354242
5373 259577
5374 413859
5375 87246
5376 627833
5377 73183
5378 97597
5379 482542
5380 107901
5381 837693
5382 646766
5383 97048
5384 274538
5385 141654
5386 117125
5387 336067
5388 354271
5389 284589
5390 567993
5391 116784
5392 48797
5393 120239
5394 56945
5395 75571
5396 135698
5397 210794
5398 73339
5399 81382
5400 279563
5401 48883
5402 112463
5403 73210
5404 143055
5405 170707
5406 567732
5407 272341
5408 65004
5409 176638
5410 131090
5411 43116
5412 155172
5413 399201
5414 221727
5415 370344
5416 121974
5417 318832
5418 320765
5419 128823
5420 71932
5421 114743
5422 149914
5423 115382
5424 303480
5425 51951
5426 146340
5427 97594
5428 172228
5429 48828
5430 587149
5431 461480
5432 114191
5433 286077
5434 121205
5435 24418
5436 376052
5437 179129
5438 121967
5439 48814
5440 24418
5441 73207
5442 48826
5443 171266
5444 177591
5445 479713
5446 317044
5447 24409
5448 130905
5449 318658
5450 170719
5451 48824
5452 844246
5453 831379
5454 784339
5455 767776
5456 59064
5457 1288863
5458 24410
5459 398962
5460 439104
5461 24409
5462 746143
5463 620756
5464 600332
5465 581555
5466 124727
5467 128409
5468 113713
5469 68485
5470 88480
5471 229117
5472 115562
5473 241309
5474 57710
5475 103064
5476 94288
5477 58983
5478 374685
5479 133859
5480 44386
5481 84112
5482 387000
5483 121969
5484 24413
5485 409423
5486 97588
5487 48802
5488 24411
5489 24399
5490 32147
5491 40375
5492 609431
5493 57051
5494 196870
5495 77643
5496 615267
5497 178013
5498 639058
5499 184087
5500 121984
5501 78873
5502 97600
5503 87476
5504 36604
5505 106557
5506 36617
5507 24413
5508 1086953
5509 1075733
5510 1076911
5511 759843
5512 339274
5513 73226
5514 1102927
5515 428728
5516 24419
5517 48824
5518 84479
5519 1315403
5520 441154
5521 775025
5522 62519
5523 219404
5524 24414
5525 460276
5526 73228
5527 479773
5528 121881
5529 36126
5530 97494
5531 73128
5532 43249
5533 30486
5534 24383
5535 48827
5536 24417
5537 24420
5538 93211
5539 76866
5540 24417
5541 101516
5542 125181
5543 149360
5544 66403
5545 24419
5546 24418
5547 131181
5548 86479
5549 91405
5550 54906
5551 154439
5552 199184
5553 105957
5554 48813
5555 24409
5556 24417
5557 24412
5558 24418
5559 204383
5560 222327
5561 243040
5562 287813
5563 309248
5564 332450
5565 24415
5566 24417
5567 24418
5568 48827
5569 73230
5570 835521
5571 962782
5572 35620
5573 126197
5574 122103
5575 1060929
5576 203631
5577 188407
5578 24815
5579 97619
5580 270693
5581 24418
5582 103210
5583 48817
5584 24417
5585 1072272
5586 83087
5587 277421
5588 97323
5589 1093028
5590 72928
5591 761598
5592 24412
5593 1114314
5594 30514
5595 1136096
5596 885460
5597 34420
5598 488367
5599 52737
5600 1158163
5601 902146
5602 30494
5603 98287
5604 118047
5605 24417
5606 35728
5607 445348
5608 946236
5609 401696
5610 24414
5611 24418
5612 966412
5613 1035056
5614 48803
5615 1078439
5616 24405
5617 24417
5618 104958
5619 153420
5620 104199
5621 48815
5622 108820
5623 24411
5624 316335
5625 338065
5626 360153
5627 382434
5628 404902
5629 427560
5630 450391
5631 473407
5632 496620
5633 519958
5634 543414
5635 567101
5636 590990
5637 35206
5638 25601
5639 120049
5640 24416
5641 24412
5642 201617
5643 24417
5644 133919
5645 197002
5646 65110
5647 62747
5648 103826
5649 121452
5650 73210
5651 48810
5652 24404
5653 97585
5654 73198
5655 48806
5656 24405
5657 49296
5658 41607
5659 67955
5660 143618
5661 92651
5662 100214
5663 24417
5664 24417
5665 24415
5666 24419
5667 48830
5668 24416
5669 24411
5670 48812
5671 24409
5672 48814
5673 24404
5674 46889
5675 54209
5676 2620783
5677 1031073
5678 2523909
5679 1009189
5680 499643
5681 488591
5682 2541307
5683 477535
5684 465965
5685 444132
5686 422642
5687 24414
5688 336649
5689 335352
5690 169735
5691 145366
5692 120991
5693 96799
5694 195667
5695 72601
5696 48395
5697 24413
5698 24190
5699 24307
5700 1996301
5701 48800
5702 24411
5703 24414
5704 48801
5705 24414
5706 48822
5707 73223
5708 24409
5709 48811
5710 73208
5711 204248
5712 183972
5713 164477
5714 24403
5715 48816
5716 24411
5717 73218
5718 73215
5719 48817
5720 24413
5721 210436
5722 188257
5723 233187
5724 167060
5725 376275
5726 490956
5727 97618
5728 24417
5729 48823
5730 24413
5731 125626
5732 907266
5733 106728
5734 92819
5735 79941
5736 67780
5737 422265
5738 56626
5739 370652
5740 48825
5741 358519
5742 24416
5743 57507
5744 292425
5745 362353
5746 386199
5747 219409
5748 48824
5749 195057
5750 24415
5751 170699
5752 146331
5753 121958
5754 97575
5755 73191
5756 48801
5757 24401
5758 24417
5759 24414
5760 48824
5761 818224
5762 752727
5763 740144
5764 733694
5765 48817
5766 24407
5767 73933
5768 97580
5769 73190
5770 48800
5771 24405
5772 24415
5773 24414
5774 24417
5775 107016
5776 87477
5777 73721
5778 97627
5779 42720
5780 30522
5781 24417
5782 24417
5783 23766
5784 24418
5785 97540
5786 36572
5787 36596
5788 24396
5789 226804
5790 148262
5791 209149
5792 241052
5793 249723
5794 24416
5795 266421
5796 24358
5797 48737
5798 73108
5799 97472
5800 121828
5801 146176
5802 170347
5803 194691
5804 534979
5805 316456
5806 292154
5807 267847
5808 243530
5809 219206
5810 194873
5811 170534
5812 146188
5813 121838
5814 97482
5815 73120
5816 48752
5817 24377
5818 24415
5819 196749
5820 197527
5821 24413
5822 48822
5823 73222
5824 1703500
5825 1623878
5826 170690
5827 146324
5828 121954
5829 97575
5830 1811679
5831 1736239
5832 73191
5833 48798
5834 24404
5835 46058
5836 51754
5837 24418
5838 48813
5839 24408
5840 73220
5841 48820
5842 24413
5843 45849
5844 53560
5845 28458
5846 76940
5847 38656
5848 75261
5849 110488
5850 98390
5851 99588
5852 143857
5853 61499
5854 30207
5855 85721
5856 108046
5857 24417
5858 156575
5859 425221
5860 779634
5861 310521
5862 48825
5863 24415
5864 24406
5865 48807
5866 24413
5867 170722
5868 121975
5869 73200
5870 24408
5871 30509
5872 24408
5873 50261
5874 74650
5875 24414
5876 24424
5877 61941
5878 47381
5879 73096
5880 48738
5881 24371
5882 24418
5883 455173
5884 64638
5885 24415
5886 56446
5887 351971
5888 361649
5889 295313
5890 24409
5891 288239
5892 24417
5893 380795
5894 24413
5895 24416
5896 719934
5897 1700521
5898 24417
5899 63833
5900 24416
5901 97579
5902 73192
5903 48800
5904 24400
5905 73210
5906 48807
5907 24404
5908 24416
5909 255053
5910 270060
5911 286358
5912 304119
5913 24414
5914 24417
5915 48825
5916 24410
5917 73204
5918 24417
5919 146363
5920 24418
5921 48808
5922 24413
5923 559684
5924 316506
5925 194985
5926 243542
5927 48880
5928 146404
5929 24415
5930 194975
5931 24533
5932 24539
5933 97658
5934 97594
5935 73206
5936 24409
5937 54972
5938 73349
5939 42835
5940 36793
5941 24412
5942 24407
5943 48808
5944 24408
5945 24416
5946 919056
5947 1123558
5948 1131579
5949 303471
5950 325512
5951 348134
5952 370967
5953 695178
5954 1194067
5955 673233
5956 600114
5957 218199
5958 652323
5959 634270
5960 400853
5961 288486
5962 370777
5963 97619
5964 339166
5965 73226
5966 24416
5967 48825
5968 51682
5969 302100
5970 24416
5971 213255
5972 39479
5973 48825
5974 24416
5975 218077
5976 374039
5977 40839
5978 210631
5979 307020
5980 51145
5981 95698
5982 24416
5983 193779
5984 569520
5985 547309
5986 24417
5987 48827
5988 24413
5989 24414
5990 1509148
5991 24418
5992 24411
5993 1637927
5994 1624425
5995 1134176
5996 480221
5997 224569
5998 202370
5999 463670
6000 185234
6001 450167
6002 888746
6003 24417
6004 145474
6005 128783
6006 121514
6007 445785
6008 24413
6009 96544
6010 98821
6011 129893
6012 24417
6013 160550
6014 423072
6015 24417
6016 241920
6017 24413
6018 217719
6019 355007
6020 480304
6021 426534
6022 24415
6023 213718
6024 507846
6025 24417
6026 188179
6027 24416
6028 173324
6029 436675
6030 140963
6031 53733
6032 270298
6033 413798
6034 37214
6035 238791
6036 142553
6037 24365
6038 110192
6039 73209
6040 34662
6041 215547
6042 323868
6043 24406
6044 24406
6045 175563
6046 24415
6047 257251
6048 24412
6049 161900
6050 247209
6051 286781
6052 243080
6053 24417
6054 192147
6055 241381
6056 171762
6057 185673
6058 62025
6059 152303
6060 163805
6061 227408
6062 194783
6063 65332
6064 132751
6065 48814
6066 24410
6067 148076
6068 75580
6069 151462
6070 34268
6071 194854
6072 56104
6073 24416
6074 73222
6075 48822
6076 24413
6077 24415
6078 24413
6079 521211
6080 543167
6081 589934
6082 24416
6083 112056
6084 24417
6085 78337
6086 51976
6087 209938
6088 232824
6089 32236
6090 76682
6091 36397
6092 53093
6093 256299
6094 286125
6095 176910
6096 327916
6097 24401
6098 48807
6099 73202
6100 97595
6101 146376
6102 24418
6103 24417
6104 24413
