0 1268235
1 1294156
2 1244262
3 1320807
4 1348038
5 1223747
6 2586014
7 1206836
8 1273146
9 2551260
10 1243587
11 1192950
12 613181
13 600941
14 303723
15 273562
16 285738
17 570658
18 97521
19 213177
20 170377
21 2579260
22 146487
23 91411
24 540518
25 67053
26 61503
27 2607748
28 328186
29 122285
30 55470
31 91660
32 42673
33 2636644
34 116096
35 243446
36 49265
37 1180602
38 55032
39 61012
40 182607
41 79827
42 61026
43 146115
44 36639
45 30518
46 73730
47 121667
48 30555
49 97472
50 1199938
51 177071
52 115730
53 122012
54 1047746
55 91524
56 1023607
57 61026
58 1003027
59 181793
60 30518
61 147157
62 987062
63 30518
64 141702
65 985408
66 6357557
67 152040
68 891425
69 104209
70 87150
71 73275
72 516561
73 66320
74 4132757
75 75226
76 503752
77 176707
78 61026
79 159146
80 1477174
81 493687
82 6064530
83 392040
84 489362
85 1456202
86 61032
87 278213
88 357558
89 1457813
90 61026
91 1110580
92 715160
93 927895
94 342560
95 30521
96 2103415
97 91522
98 61021
99 1086066
100 30519
101 854423
102 986475
103 91533
104 694575
105 2093229
106 61024
107 431830
108 365317
109 995441
110 1441673
111 30521
112 121873
113 652581
114 30516
115 91432
116 174752
117 198340
118 5387791
119 7423030
120 7376616
121 5393878
122 2090864
123 5404284
124 7375194
125 5418331
126 10764162
127 2080395
128 4652725
129 6143934
130 5421337
131 3399120
132 507337
133 1603364
134 4662864
135 480761
136 257120
137 119672
138 7377383
139 4424563
140 1578425
141 91410
142 584214
143 115175
144 61038
145 152520
146 3379486
147 1406153
148 122038
149 95789
150 48829
151 513734
152 42728
153 68851
154 77232
155 30527
156 30524
157 180446
158 1517127
159 4423795
160 3361760
161 527163
162 4127457
163 51155
164 419755
165 3492680
166 189850
167 365312
168 116202
169 160952
170 71577
171 3570898
172 466008
173 340871
174 192761
175 45541
176 176810
177 30523
178 1487858
179 216878
180 322880
181 186646
182 122040
183 412746
184 6153770
185 426646
186 467789
187 42727
188 48830
189 215031
190 1839308
191 263965
192 30525
193 1338746
194 2345824
195 30523
196 759271
197 3597015
198 728987
199 220715
200 141141
201 2074748
202 175180
203 287791
204 3120759
205 70102
206 2875526
207 602767
208 488703
209 749900
210 128657
211 128754
212 573501
213 141038
214 67881
215 1317849
216 122038
217 407144
218 698693
219 281383
220 150679
221 48829
222 78549
223 187944
224 544854
225 42728
226 143043
227 2101746
228 313574
229 228862
230 459059
231 30527
232 117612
233 516765
234 492776
235 425370
236 6170116
237 6187706
238 16352778
239 11195485
240 5321760
241 1251808
242 10503267
243 2754930
244 1525544
245 1228416
246 476243
247 115845
248 2665376
249 1496640
250 743944
251 39162
252 30519
253 7475221
254 788928
255 719522
256 2522236
257 734058
258 2608948
259 648206
260 61030
261 2655279
262 291629
263 2298813
264 229534
265 30523
266 30520
267 36172
268 205838
269 4467304
270 17286560
271 156301
272 35798
273 4387434
274 30523
275 133293
276 2409571
277 464605
278 634433
279 31823
280 30524
281 4315520
282 83578
283 453978
284 290245
285 662222
286 40875
287 33337
288 348852
289 93343
290 5201868
291 222766
292 7452656
293 437963
294 1396473
295 43370
296 276208
297 251877
298 61038
299 1443212
300 183464
301 1063880
302 141151
303 239202
304 1401810
305 194312
306 7666591
307 67432
308 366797
309 15888634
310 30524
311 84666
312 37170
313 2301497
314 84577
315 231066
316 167112
317 335717
318 91543
319 989064
320 165898
321 42730
322 30524
323 1009466
324 196537
325 57135
326 3333077
327 142890
328 6841910
329 418671
330 183182
331 1300145
332 61035
333 91508
334 376705
335 663868
336 130945
337 1074664
338 43500
339 2446240
340 62500
341 1079223
342 195163
343 152658
344 30524
345 823255
346 903936
347 1050909
348 1131560
349 61016
350 63674
351 2130253
352 535919
353 218995
354 30520
355 8089178
356 8033007
357 8024669
358 14974931
359 3666555
360 3232009
361 437985
362 7906266
363 3159219
364 3308084
365 486392
366 10698767
367 481092
368 2666847
369 450546
370 5091616
371 61944
372 729308
373 446140
374 60030
375 30520
376 30517
377 399214
378 1518169
379 8021439
380 408338
381 438653
382 539959
383 1141124
384 2885703
385 351148
386 5066592
387 315319
388 2266898
389 30524
390 5013558
391 730222
392 1075387
393 10710657
394 30524
395 613884
396 1062382
397 941833
398 878023
399 172661
400 293161
401 931262
402 268063
403 30524
404 4385223
405 283812
406 190858
407 1503061
408 2192214
409 176054
410 625716
411 246623
412 868594
413 641110
414 233544
415 622895
416 261781
417 608250
418 1051714
419 274252
420 678907
421 625507
422 588832
423 547654
424 243848
425 641042
426 182920
427 517300
428 950386
429 245295
430 30524
431 122039
432 900252
433 30514
434 48829
435 1531404
436 42728
437 486936
438 30526
439 73741
440 30524
441 137765
442 152471
443 30514
444 456562
445 91498
446 798203
447 48906
448 10062725
449 4314345
450 30514
451 601256
452 86220
453 30514
454 241777
455 84223
456 639550
457 30522
458 36193
459 825422
460 48350
461 66273
462 84544
463 749418
464 599937
465 392729
466 888925
467 30517
468 571251
469 7390581
470 61004
471 66306
472 2093572
473 2107994
474 2125105
475 2081657
476 2144273
477 2074109
478 2164774
479 9585623
480 2072485
481 6562339
482 2994830
483 192597
484 2791616
485 171286
486 151118
487 132018
488 6616729
489 2773664
490 114160
491 7459752
492 3052126
493 98890
494 789385
495 87370
496 934289
497 5897169
498 87349
499 186310
500 158668
501 1087953
502 1136302
503 131426
504 102465
505 80559
506 429925
507 667330
508 505024
509 76961
510 182592
511 492638
512 6067766
513 90304
514 209605
515 2398557
516 343255
517 152591
518 2373992
519 197330
520 894030
521 481890
522 118530
523 449057
524 474820
525 124574
526 110778
527 30520
528 2029666
529 100323
530 1089050
531 272245
532 419752
533 2019138
534 1829961
535 7476712
536 4098520
537 411364
538 363632
539 2319990
540 391283
541 313065
542 78740
543 397001
544 64782
545 121987
546 385246
547 189667
548 61013
549 61014
550 30511
551 30512
552 59120
553 376651
554 208587
555 759751
556 273396
557 30524
558 1754031
559 61038
560 363962
561 1769668
562 30524
563 346724
564 137184
565 30512
566 1789442
567 100898
568 91542
569 91507
570 91538
571 1810354
572 249397
573 30512
574 61038
575 2525474
576 36615
577 385092
578 72080
579 30524
580 151533
581 1857082
582 3569331
583 144132
584 54811
585 121061
586 59479
587 30522
588 30518
589 178806
590 7382890
591 7496585
592 15900858
593 28228842
594 6985396
595 8710839
596 3497028
597 8736673
598 61036
599 3443601
600 30523
601 1218476
602 3379504
603 61034
604 243934
605 3364406
606 1191205
607 3449927
608 182986
609 30522
610 3649277
611 2963752
612 152512
613 30524
614 1824169
615 122028
616 2862915
617 91535
618 1466642
619 1100711
620 2614924
621 7627695
622 61033
623 1177373
624 1068816
625 1513009
626 1271936
627 7255232
628 30521
629 1902150
630 840727
631 24872496
632 122036
633 54929
634 163511
635 2753210
636 886623
637 993497
638 42727
639 137211
640 1679495
641 61036
642 36626
643 1074982
644 820699
645 1126900
646 135881
647 30523
648 121720
649 719369
650 1660264
651 110352
652 4605653
653 1085132
654 92126
655 1054625
656 155723
657 4369017
658 92362
659 91514
660 131812
661 1074742
662 3169455
663 1828989
664 61019
665 30514
666 167387
667 5497390
668 997718
669 968193
670 109749
671 68023
672 1136319
673 557317
674 965920
675 233780
676 444937
677 947052
678 172572
679 63278
680 641942
681 666595
682 1743209
683 182794
684 1893054
685 637147
686 999697
687 603209
688 588909
689 60984
690 2322376
691 784501
692 91527
693 203386
694 61028
695 30497
696 152335
697 837867
698 357368
699 30519
700 91542
701 5485320
702 30523
703 999868
704 1147635
705 1995452
706 350241
707 121867
708 61038
709 30524
710 24876692
711 27851871
712 24739555
713 6089412
714 29771325
715 7211868
716 3905231
717 3884824
718 4621891
719 3341904
720 4471465
721 2714284
722 1075784
723 1125548
724 2306779
725 631953
726 2150206
727 2256869
728 3324205
729 3318298
730 607928
731 23176147
732 1068798
733 2127153
734 773943
735 2248171
736 3204256
737 2240259
738 30514
739 589467
740 788315
741 2234268
742 760336
743 366657
744 2783142
745 733479
746 3084305
747 1404709
748 708270
749 3391445
750 685760
751 560733
752 1601681
753 1047002
754 1296699
755 1124508
756 3512969
757 1033605
758 163831
759 918209
760 670532
761 692847
762 545590
763 1360932
764 544684
765 2256466
766 1190729
767 417926
768 114561
769 1047783
770 2138138
771 162861
772 1141568
773 666488
774 482132
775 901139
776 187064
777 645542
778 1082954
779 3062997
780 30524
781 446150
782 733419
783 257752
784 1030234
785 925791
786 69462
787 277087
788 2804924
789 1685833
790 2250060
791 1071859
792 750949
793 658122
794 231499
795 841713
796 431416
797 414490
798 1389594
799 494967
800 215350
801 485411
802 1303161
803 23172577
804 103294
805 110197
806 1085581
807 95193
808 447519
809 3675341
810 2759082
811 344179
812 108020
813 462083
814 122031
815 393352
816 42724
817 1083225
818 48827
819 462532
820 3081577
821 219357
822 60906
823 30524
824 474661
825 1185030
826 61028
827 3420762
828 30518
829 21707809
830 21703950
831 30679802
832 4957370
833 27106096
834 4930320
835 5200807
836 1643701
837 10081016
838 808388
839 4460919
840 1517234
841 5024523
842 782699
843 435909
844 1380587
845 9518451
846 122038
847 2040740
848 91543
849 61038
850 30524
851 152544
852 758725
853 2403668
854 2719159
855 2028485
856 1290165
857 91550
858 1355639
859 91545
860 437880
861 61040
862 737006
863 610954
864 30525
865 182987
866 8975060
867 733998
868 719091
869 5257726
870 61040
871 634904
872 1421420
873 30525
874 78124
875 60215
876 152512
877 4480828
878 30525
879 2531822
880 7529786
881 122027
882 245757
883 54657
884 661042
885 2529558
886 814563
887 72523
888 91534
889 1396761
890 4940787
891 61032
892 30525
893 1890812
894 955588
895 1442544
896 30520
897 7506697
898 575662
899 274329
900 215448
901 1562609
902 4578012
903 183236
904 466036
905 91521
906 5097032
907 154667
908 1443235
909 172275
910 155234
911 1007218
912 5283044
913 546442
914 4830151
915 1457958
916 128577
917 380465
918 776888
919 4565035
920 185159
921 3321644
922 114834
923 333215
924 521350
925 3667456
926 175317
927 61016
928 329209
929 80786
930 1297944
931 91545
932 243884
933 61040
934 1414253
935 941281
936 2860893
937 30525
938 2214330
939 198833
940 1455591
941 1769538
942 2198363
943 30525
944 461481
945 61036
946 213474
947 23053808
948 23045390
949 28631374
950 6108320
951 16787717
952 6098708
953 12106487
954 290523
955 263650
956 5110093
957 1029315
958 217846
959 3333945
960 5091043
961 211513
962 190690
963 1823806
964 1816011
965 3263494
966 5072946
967 768863
968 30512
969 505165
970 30521
971 749899
972 542003
973 5149407
974 3833224
975 485986
976 182997
977 14097949
978 1699543
979 468032
980 152522
981 184143
982 11116651
983 122037
984 1599728
985 3101583
986 526485
987 159315
988 1089190
989 91542
990 504768
991 481903
992 469119
993 276126
994 61038
995 695938
996 488944
997 365572
998 588967
999 91529
1000 582170
1001 689127
1002 468717
1003 2762479
1004 555660
1005 378524
1006 4520581
1007 335161
1008 91544
1009 5653724
1010 61036
1011 304787
1012 30525
1013 4506002
1014 321521
1015 379581
1016 140278
1017 30523
1018 941741
1019 30517
1020 5564555
1021 30524
1022 4149766
1023 61038
1024 474202
1025 733162
1026 109805
1027 4316057
1028 91155
1029 134133
1030 79334
1031 103662
1032 61039
1033 646285
1034 30515
1035 73190
1036 3904774
1037 530039
1038 351082
1039 42728
1040 61029
1041 30566
1042 30524
1043 48864
1044 11092222
1045 737964
1046 721825
1047 30520
1048 335976
1049 559325
1050 6476094
1051 1613630
1052 307635
1053 75295
1054 5469514
1055 2814627
1056 30524
1057 2809403
1058 2507466
1059 2343392
1060 1060995
1061 580827
1062 366868
1063 514509
1064 2731662
1065 10740983
1066 10724771
1067 1960994
1068 983630
1069 152523
1070 850373
1071 875287
1072 56011
1073 206597
1074 805665
1075 1765637
1076 258689
1077 138611
1078 1541143
1079 4398900
1080 582240
1081 271602
1082 75808
1083 48047
1084 84398
1085 2325825
1086 91515
1087 193019
1088 39103
1089 30519
1090 53318
1091 61020
1092 956122
1093 30515
1094 264920
1095 1492589
1096 121990
1097 2297215
1098 131778
1099 741211
1100 2010113
1101 30510
1102 1938269
1103 1599567
1104 721543
1105 61010
1106 30499
1107 61035
1108 2269278
1109 386331
1110 30510
1111 259009
1112 711267
1113 625012
1114 352630
1115 3695187
1116 2242482
1117 2265334
1118 197050
1119 539147
1120 191372
1121 58852
1122 511261
1123 30524
1124 2092531
1125 1019261
1126 1743943
1127 61036
1128 721752
1129 654870
1130 583242
1131 91529
1132 789474
1133 198815
1134 251933
1135 61025
1136 30523
1137 30511
1138 46289
1139 181745
1140 30522
1141 263864
1142 164669
1143 227675
1144 759570
1145 134637
1146 30523
1147 597246
1148 1349132
1149 593141
1150 765793
1151 210620
1152 1073469
1153 282395
1154 222699
1155 856628
1156 909967
1157 415125
1158 441636
1159 263785
1160 130902
1161 30524
1162 254154
1163 245980
1164 384588
1165 235199
1166 613659
1167 30521
1168 254068
1169 215409
1170 1150965
1171 205026
1172 429408
1173 274277
1174 1236667
1175 586935
1176 188375
1177 120756
1178 30522
1179 243895
1180 529372
1181 102788
1182 669432
1183 145428
1184 91516
1185 289236
1186 156478
1187 85571
1188 153267
1189 76949
1190 136807
1191 374205
1192 40937
1193 191436
1194 46033
1195 151076
1196 158900
1197 1110581
1198 66990
1199 66012
1200 1031281
1201 168586
1202 116676
1203 645946
1204 413523
1205 1008867
1206 107523
1207 43394
1208 104692
1209 955345
1210 108851
1211 30524
1212 966792
1213 994424
1214 128239
1215 167315
1216 1380224
1217 800169
1218 626374
1219 131539
1220 4402176
1221 155705
1222 1448241
1223 4350436
1224 481430
1225 4734694
1226 4344180
1227 106393
1228 4679561
1229 1441020
1230 858112
1231 76473
1232 746162
1233 4343011
1234 1532627
1235 993313
1236 363629
1237 288134
1238 740668
1239 4674450
1240 864823
1241 371555
1242 203863
1243 183482
1244 30523
1245 871064
1246 99192
1247 4605663
1248 358327
1249 324220
1250 178464
1251 62792
1252 211836
1253 123906
1254 871753
1255 193747
1256 4683131
1257 127766
1258 1385695
1259 133024
1260 64150
1261 890064
1262 643118
1263 3330955
1264 1184011
1265 105798
1266 2552452
1267 687244
1268 355952
1269 74138
1270 3962477
1271 57834
1272 3682268
1273 111086
1274 2501967
1275 1828685
1276 497741
1277 404294
1278 537765
1279 834811
1280 72380
1281 781142
1282 76944
1283 101809
1284 621922
1285 3663512
1286 1282749
1287 3298046
1288 701822
1289 117938
1290 815725
1291 1041403
1292 3874447
1293 2392790
1294 1974406
1295 703230
1296 395528
1297 560542
1298 2733884
1299 95882
1300 71331
1301 1820909
1302 70594
1303 525746
1304 53551
1305 513543
1306 46532
1307 970768
1308 42226
1309 547875
1310 54283
1311 102378
1312 1695094
1313 522334
1314 71189
1315 557479
1316 68116
1317 1141807
1318 495319
1319 800088
1320 469721
1321 120940
1322 523013
1323 805256
1324 1137843
1325 447693
1326 552190
1327 136088
1328 1024952
1329 200753
1330 1225629
1331 66616
1332 84109
1333 239126
1334 430155
1335 110728
1336 1215511
1337 30518
1338 56720
1339 1246824
1340 82314
1341 424425
1342 78802
1343 1251415
1344 228276
1345 61335
1346 434371
1347 107258
1348 1030227
1349 679847
1350 61006
1351 997073
1352 30507
1353 620440
1354 709203
1355 210832
1356 1262863
1357 98399
1358 218698
1359 450744
1360 93545
1361 78381
1362 1276696
1363 91532
1364 556582
1365 30524
1366 1096196
1367 61028
1368 337381
1369 1292490
1370 483142
1371 213365
1372 1357376
1373 30519
1374 190437
1375 88075
1376 30524
1377 82848
1378 61029
1379 854930
1380 468610
1381 635822
1382 491210
1383 128049
1384 487680
1385 488461
1386 94725
1387 1362749
1388 853867
1389 73027
1390 30520
1391 88046
1392 344331
1393 2267925
1394 490420
1395 73583
1396 30504
1397 61037
1398 952247
1399 93082
1400 287294
1401 2311517
1402 764830
1403 2554818
1404 930295
1405 883141
1406 61038
1407 603023
1408 1044107
1409 344026
1410 1035667
1411 30524
1412 300683
1413 30523
1414 324534
1415 2765828
1416 132654
1417 910126
1418 309359
1419 236345
1420 1039699
1421 183014
1422 30523
1423 91531
1424 61037
1425 30523
1426 213451
1427 30523
1428 570404
1429 569091
1430 620448
1431 475810
1432 290364
1433 89019
1434 58517
1435 30521
1436 755333
1437 286990
1438 91516
1439 30513
1440 30514
1441 624637
1442 881203
1443 680561
1444 780181
1445 235038
1446 658279
1447 263094
1448 834727
1449 448295
1450 619384
1451 631622
1452 91497
1453 61007
1454 30520
1455 629010
1456 30508
1457 91509
1458 1168574
1459 1177708
1460 1299590
1461 869928
1462 1404230
1463 152476
1464 61016
1465 1117133
1466 121998
1467 470637
1468 335131
1469 91511
1470 243801
1471 879014
1472 61016
1473 152513
1474 30513
1475 30524
1476 442323
1477 30513
1478 60884
1479 61037
1480 1322421
1481 30371
1482 122029
1483 30523
1484 91536
1485 61033
1486 419637
1487 1268386
1488 30521
1489 737263
1490 1450304
1491 891688
1492 451238
1493 449519
1494 61032
1495 30521
1496 1672150
1497 538435
1498 526493
1499 519587
1500 842830
1501 212250
1502 122024
1503 336017
1504 237340
1505 30517
1506 778827
1507 639331
1508 91531
1509 445640
1510 540162
1511 337470
1512 61023
1513 327762
1514 452372
1515 61027
1516 466669
1517 335209
1518 263614
1519 30516
1520 518334
1521 902670
1522 599788
1523 304825
1524 291021
1525 403532
1526 274387
1527 152457
1528 30518
1529 61025
1530 96206
1531 30517
1532 30515
1533 349037
1534 505606
1535 77014
1536 449986
1537 35290
1538 30521
1539 304679
1540 91469
1541 60989
1542 121945
1543 30498
1544 334971
1545 60991
1546 365383
1547 30499
1548 30500
1549 445109
1550 65675
1551 60987
1552 52741
1553 64047
1554 30498
1555 94074
1556 124372
1557 4803437
1558 4029755
1559 3398006
1560 1406425
1561 1979734
1562 3042277
1563 208402
1564 1393575
1565 3183301
1566 194350
1567 1401251
1568 181898
1569 4144982
1570 2003057
1571 2713591
1572 2609450
1573 2518985
1574 30523
1575 159613
1576 83026
1577 1154072
1578 2499038
1579 67491
1580 2866010
1581 2838597
1582 2612100
1583 60536
1584 2888355
1585 141691
1586 145920
1587 1543632
1588 1460437
1589 1340658
1590 168082
1591 396660
1592 2361210
1593 152473
1594 63682
1595 73983
1596 201280
1597 618512
1598 2342495
1599 714674
1600 282530
1601 2821055
1602 102764
1603 36261
1604 102461
1605 229866
1606 514933
1607 302022
1608 2343962
1609 150920
1610 1802540
1611 94183
1612 847840
1613 510978
1614 1315608
1615 47660
1616 156773
1617 500814
1618 104734
1619 236728
1620 2472352
1621 906163
1622 148798
1623 2509816
1624 122682
1625 160572
1626 1106740
1627 1475871
1628 121979
1629 296073
1630 415867
1631 2856695
1632 321393
1633 114665
1634 168887
1635 496200
1636 2168722
1637 678648
1638 626210
1639 332155
1640 481055
1641 155772
1642 1789328
1643 155629
1644 711637
1645 180515
1646 370527
1647 708402
1648 3055536
1649 141704
1650 118737
1651 2664235
1652 130653
1653 469993
1654 2608606
1655 1125524
1656 346754
1657 2953223
1658 41680
1659 1008241
1660 696995
1661 355697
1662 41232
1663 337093
1664 1084420
1665 2722344
1666 951666
1667 95913
1668 472975
1669 797322
1670 3031580
1671 387370
1672 388585
1673 817202
1674 135448
1675 854901
1676 342646
1677 2301109
1678 697006
1679 570553
1680 223107
1681 546838
1682 607285
1683 1672427
1684 137579
1685 1354584
1686 96786
1687 39477
1688 713014
1689 199499
1690 529379
1691 1214179
1692 1735181
1693 111846
1694 554511
1695 810311
1696 589659
1697 573727
1698 180483
1699 1100025
1700 1668294
1701 85494
1702 685684
1703 322310
1704 491801
1705 151018
1706 3774763
1707 5466930
1708 30523
1709 1651995
1710 2867234
1711 1166714
1712 30517
1713 427585
1714 67995
1715 4094326
1716 837121
1717 5600211
1718 2498619
1719 179207
1720 122011
1721 91520
1722 61019
1723 30509
1724 1271950
1725 1718589
1726 70319
1727 1713331
1728 2412724
1729 1773233
1730 503592
1731 484261
1732 998157
1733 1098296
1734 4604773
1735 236353
1736 2833105
1737 254074
1738 208229
1739 587579
1740 244586
1741 4550733
1742 412938
1743 813847
1744 1985165
1745 4481266
1746 1613055
1747 372902
1748 382368
1749 220759
1750 220594
1751 139743
1752 199626
1753 72631
1754 850104
1755 4491188
1756 1146080
1757 33103
1758 1114341
1759 2682956
1760 188880
1761 1121512
1762 827734
1763 2214635
1764 476684
1765 571880
1766 82851
1767 1096762
1768 814683
1769 309249
1770 1126474
1771 1065113
1772 273072
1773 1113662
1774 92917
1775 293868
1776 1110552
1777 224767
1778 1105855
1779 661113
1780 243699
1781 1126754
1782 88311
1783 474789
1784 281758
1785 439587
1786 658625
1787 108418
1788 96574
1789 495530
1790 1020814
1791 112917
1792 108704
1793 308972
1794 119433
1795 61550
1796 54881
1797 242848
1798 187530
1799 334590
1800 68159
1801 286054
1802 1397686
1803 4563186
1804 2243120
1805 1211713
1806 4210804
1807 2215087
1808 2216235
1809 5141329
1810 4186535
1811 741296
1812 2180554
1813 3485507
1814 2415773
1815 30524
1816 2625736
1817 91525
1818 2299946
1819 748777
1820 676722
1821 61026
1822 4583492
1823 3465230
1824 30517
1825 2996020
1826 128017
1827 652930
1828 1077791
1829 30521
1830 91998
1831 5565282
1832 3766234
1833 3254127
1834 3368945
1835 3869303
1836 6408479
1837 1084125
1838 129549
1839 1373375
1840 1801553
1841 43827
1842 1028326
1843 93410
1844 74562
1845 91543
1846 628998
1847 1182506
1848 61039
1849 1052920
1850 3296064
1851 1067286
1852 278626
1853 30524
1854 187554
1855 54922
1856 642772
1857 310910
1858 1168808
1859 30522
1860 91521
1861 249816
1862 60998
1863 93275
1864 1152721
1865 763924
1866 61023
1867 2489028
1868 222387
1869 2819677
1870 3859361
1871 182115
1872 1078812
1873 60841
1874 54180
1875 3266419
1876 11110146
1877 34411
1878 201867
1879 42548
1880 30504
1881 802949
1882 153967
1883 91540
1884 30525
1885 30516
1886 6913506
1887 158984
1888 61028
1889 1338654
1890 69177
1891 1084506
1892 61036
1893 194166
1894 408877
1895 2763455
1896 421593
1897 868243
1898 98381
1899 44614
1900 30519
1901 227783
1902 304032
1903 829362
1904 166138
1905 91542
1906 333480
1907 61037
1908 1410557
1909 213736
1910 30523
1911 497166
1912 252352
1913 258893
1914 131176
1915 213569
1916 152511
1917 30519
1918 378355
1919 122028
1920 197571
1921 490576
1922 214472
1923 91534
1924 569307
1925 61036
1926 145756
1927 127894
1928 30524
1929 172190
1930 285542
1931 30522
1932 78368
1933 61031
1934 446846
1935 42218
1936 147867
1937 30523
1938 61040
1939 30520
1940 562983
1941 71097
1942 266676
1943 285151
1944 220589
1945 112057
1946 30525
1947 228691
1948 130164
1949 30523
1950 93060
1951 30523
1952 30524
1953 2446860
1954 87334
1955 463947
1956 340691
1957 264968
1958 97939
1959 437438
1960 320999
1961 2280332
1962 430828
1963 213439
1964 208149
1965 211875
1966 182975
1967 297773
1968 152501
1969 198078
1970 2688074
1971 272970
1972 199820
1973 2717350
1974 517050
1975 1859942
1976 254965
1977 297086
1978 191736
1979 93080
1980 168249
1981 3049879
1982 240195
1983 122017
1984 61453
1985 251498
1986 91527
1987 58516
1988 448374
1989 61027
1990 110044
1991 152538
1992 30518
1993 219295
1994 61037
1995 144072
1996 221598
1997 61039
1998 165566
1999 241774
2000 246805
2001 247850
2002 202980
2003 289465
2004 3043781
2005 67052
2006 91549
2007 213490
2008 858841
2009 2976072
2010 30524
2011 263024
2012 49630
2013 30524
2014 158987
2015 182959
2016 453529
2017 42743
2018 836289
2019 61036
2020 30525
2021 30525
2022 129595
2023 122023
2024 30525
2025 1788235
2026 122025
2027 464416
2028 382097
2029 565680
2030 197575
2031 218146
2032 174268
2033 1897558
2034 1425045
2035 460650
2036 339778
2037 1426279
2038 155689
2039 4889572
2040 305078
2041 545424
2042 310033
2043 464135
2044 382842
2045 462555
2046 188524
2047 3462646
2048 226651
2049 541433
2050 92915
2051 1860152
2052 322505
2053 103341
2054 359792
2055 4658852
2056 96934
2057 2489987
2058 107743
2059 102746
2060 66722
2061 259048
2062 247925
2063 90024
2064 2510684
2065 483115
2066 384951
2067 117010
2068 433204
2069 2400705
2070 108141
2071 72519
2072 2461684
2073 3836958
2074 195413
2075 997566
2076 227212
2077 49728
2078 540366
2079 367791
2080 290259
2081 557871
2082 78167
2083 374395
2084 98750
2085 2291136
2086 61028
2087 56648
2088 135354
2089 91749
2090 247165
2091 444295
2092 559318
2093 113071
2094 1162705
2095 188943
2096 2491288
2097 137779
2098 30517
2099 1273394
2100 1107512
2101 1384630
2102 188501
2103 485665
2104 219917
2105 122023
2106 130869
2107 206413
2108 759067
2109 48820
2110 452350
2111 42725
2112 53540
2113 416472
2114 1562052
2115 30522
2116 364819
2117 232939
2118 56054
2119 230393
2120 613813
2121 387488
2122 251636
2123 30524
2124 257297
2125 55765
2126 876893
2127 149432
2128 337042
2129 122333
2130 75180
2131 220226
2132 309151
2133 45798
2134 1880900
2135 275333
2136 242685
2137 331045
2138 1814009
2139 2430192
2140 1011820
2141 91517
2142 1294477
2143 253912
2144 234585
2145 1291313
2146 754742
2147 916514
2148 1249985
2149 1852677
2150 1222786
2151 120108
2152 1260749
2153 112867
2154 809422
2155 789757
2156 134281
2157 2073431
2158 505978
2159 962735
2160 780694
2161 204333
2162 597901
2163 2163553
2164 51985
2165 167564
2166 2740942
2167 227067
2168 32887
2169 30519
2170 122029
2171 91496
2172 30523
2173 510010
2174 61007
2175 54921
2176 36628
2177 30524
2178 1515801
2179 547276
2180 602924
2181 1502738
2182 460234
2183 30508
2184 42842
2185 305011
2186 1067391
2187 578052
2188 61000
2189 245874
2190 1473424
2191 239342
2192 134747
2193 926778
2194 30522
2195 564236
2196 2543602
2197 1835124
2198 284945
2199 1091854
2200 265401
2201 566790
2202 91537
2203 276384
2204 2679078
2205 30503
2206 30523
2207 121334
2208 411880
2209 753324
2210 30512
2211 351176
2212 30519
2213 101530
2214 30519
2215 138923
2216 963305
2217 30521
2218 361711
2219 716884
2220 30522
2221 2076839
2222 382458
2223 939261
2224 94190
2225 406350
2226 192051
2227 821920
2228 30518
2229 2587340
2230 30523
2231 909276
2232 432485
2233 847497
2234 715034
2235 94242
2236 30523
2237 559533
2238 266561
2239 473699
2240 1409240
2241 30519
2242 255604
2243 459146
2244 459073
2245 30522
2246 108558
2247 30520
2248 30519
2249 524482
2250 452067
2251 429101
2252 736345
2253 128906
2254 180519
2255 122039
2256 486681
2257 30516
2258 261667
2259 544227
2260 256592
2261 30520
2262 61032
2263 399809
2264 30524
2265 570139
2266 57887
2267 48811
2268 40697
2269 51325
2270 446337
2271 444842
2272 644066
2273 35405
2274 485039
2275 83577
2276 416041
2277 78685
2278 118320
2279 385744
2280 1052855
2281 274314
2282 355473
2283 93717
2284 448078
2285 293230
2286 88054
2287 243873
2288 298903
2289 92867
2290 1108980
2291 111662
2292 312905
2293 331505
2294 1137923
2295 213422
2296 390481
2297 85724
2298 341103
2299 431891
2300 454428
2301 182962
2302 408587
2303 437732
2304 61037
2305 467090
2306 1167209
2307 726124
2308 152493
2309 325248
2310 30524
2311 1196576
2312 724904
2313 264943
2314 1225992
2315 421317
2316 295084
2317 751560
2318 226783
2319 265292
2320 240435
2321 274167
2322 779549
2323 122014
2324 623008
2325 650167
2326 128831
2327 98536
2328 679522
2329 91525
2330 243727
2331 74161
2332 1255503
2333 366707
2334 927074
2335 285591
2336 708907
2337 213443
2338 389771
2339 213292
2340 1285113
2341 56066
2342 1597285
2343 122009
2344 818632
2345 61013
2346 122023
2347 1187127
2348 952932
2349 829727
2350 30516
2351 1150807
2352 30518
2353 852261
2354 45034
2355 152471
2356 738367
2357 182979
2358 1043467
2359 876540
2360 91531
2361 902769
2362 182846
2363 42358
2364 121995
2365 982121
2366 146341
2367 141194
2368 91509
2369 822467
2370 152506
2371 30513
2372 61029
2373 36614
2374 57039
2375 70701
2376 145539
2377 374483
2378 917436
2379 894543
2380 30519
2381 152392
2382 121928
2383 285522
2384 437668
2385 194258
2386 30524
2387 30524
2388 79281
2389 303465
2390 242440
2391 115981
2392 237504
2393 542662
2394 282759
2395 286174
2396 61073
2397 141139
2398 30522
2399 42782
2400 171724
2401 79302
2402 85529
2403 322212
2404 1018060
2405 91543
2406 152860
2407 61039
2408 30522
2409 108010
2410 121123
2411 30525
2412 61087
2413 352361
2414 122274
2415 939672
2416 288520
2417 30521
2418 73853
2419 1000111
2420 91974
2421 227616
2422 245673
2423 273747
2424 30524
2425 5752805
2426 5226799
2427 303853
2428 190327
2429 5448244
2430 5471257
2431 166434
2432 5125963
2433 172297
2434 5265380
2435 5723020
2436 5224765
2437 413373
2438 86352
2439 3179275
2440 401319
2441 331899
2442 321529
2443 3183209
2444 266686
2445 5721469
2446 5364806
2447 313016
2448 3077268
2449 68198
2450 3062878
2451 527929
2452 394808
2453 5369738
2454 295762
2455 124962
2456 211790
2457 5277597
2458 537907
2459 297505
2460 327573
2461 283764
2462 2329757
2463 792335
2464 61631
2465 184971
2466 277902
2467 232021
2468 583468
2469 213059
2470 69560
2471 964239
2472 234889
2473 2619242
2474 198347
2475 2446199
2476 191709
2477 184403
2478 746744
2479 1323287
2480 2717568
2481 199381
2482 251567
2483 770363
2484 513879
2485 157984
2486 2391589
2487 440284
2488 147853
2489 259377
2490 122030
2491 85678
2492 158911
2493 267147
2494 107017
2495 2377899
2496 1163727
2497 306586
2498 2109075
2499 178476
2500 667242
2501 1546983
2502 1025156
2503 537727
2504 998666
2505 91436
2506 60963
2507 590767
2508 30487
2509 693099
2510 172258
2511 306330
2512 213347
2513 751807
2514 427347
2515 905083
2516 124457
2517 100258
2518 433350
2519 67413
2520 30515
2521 419651
2522 182905
2523 60280
2524 909721
2525 91473
2526 1061835
2527 60995
2528 60996
2529 36614
2530 36612
2531 30516
2532 371098
2533 1016553
2534 1080730
2535 394034
2536 773362
2537 394728
2538 407326
2539 1947548
2540 1789631
2541 1664162
2542 1826420
2543 1135932
2544 1681878
2545 1154933
2546 1701221
2547 1850416
2548 1851164
2549 1721424
2550 1885111
2551 818855
2552 1057066
2553 1792295
2554 1753870
2555 1033104
2556 1393436
2557 314018
2558 788601
2559 666071
2560 482304
2561 261353
2562 105434
2563 266524
2564 758341
2565 1012334
2566 555066
2567 649232
2568 504619
2569 361401
2570 61035
2571 1396397
2572 492021
2573 728073
2574 1650629
2575 91536
2576 518802
2577 33662
2578 2309579
2579 317612
2580 168172
2581 50255
2582 30521
2583 976855
2584 697796
2585 61033
2586 233372
2587 2028078
2588 972957
2589 250687
2590 674724
2591 667514
2592 61028
2593 30521
2594 30519
2595 953358
2596 1035224
2597 637222
2598 2059952
2599 91534
2600 61024
2601 61032
2602 817968
2603 30521
2604 2342055
2605 906258
2606 606921
2607 1362759
2608 1554861
2609 801648
2610 729666
2611 1571571
2612 576612
2613 828477
2614 30516
2615 1138793
2616 1358522
2617 546292
2618 902150
2619 1646955
2620 1623683
2621 1603026
2622 1586938
2623 30508
2624 91499
2625 30508
2626 121976
2627 182932
2628 243841
2629 30513
2630 30514
2631 493942
2632 297429
2633 234351
2634 61019
2635 30513
2636 85574
2637 30521
2638 49451
2639 85903
2640 30521
2641 213124
2642 182822
2643 42785
2644 121912
2645 42772
2646 54869
2647 36591
2648 61013
2649 30493
2650 30521
2651 91539
2652 30521
2653 121986
2654 91518
2655 61053
2656 42757
2657 42749
2658 61041
2659 91515
2660 121988
2661 121982
2662 42700
2663 67102
2664 30505
2665 30523
2666 30405
2667 60802
2668 121577
2669 30408
2670 182313
2671 30408
2672 212642
2673 242981
2674 273313
2675 303635
2676 333947
2677 364253
2678 394610
2679 424959
2680 455302
2681 485637
2682 515963
2683 30522
2684 30524
2685 675173
2686 702067
2687 182930
2688 152463
2689 550739
2690 121990
2691 91509
2692 36616
2693 30513
2694 542926
2695 182816
2696 207543
2697 93866
2698 67173
2699 41436
2700 30518
2701 61029
2702 723609
2703 645818
2704 629284
2705 30512
2706 988293
2707 1012894
2708 964127
2709 940411
2710 917082
2711 894079
2712 963807
2713 626145
2714 602722
2715 449164
2716 1038202
2717 663485
2718 607019
2719 30522
2720 172588
2721 727041
2722 147437
2723 121304
2724 1064278
2725 112013
2726 152514
2727 852342
2728 124006
2729 1090809
2730 1079518
2731 122031
2732 91538
2733 61035
2734 30522
2735 1117724
2736 1399901
2737 536452
2738 605034
2739 992997
2740 508571
2741 274345
2742 509062
2743 975380
2744 243902
2745 816192
2746 213449
2747 363945
2748 138856
2749 996101
2750 481422
2751 142566
2752 456089
2753 126307
2754 30518
2755 182985
2756 535743
2757 432862
2758 91196
2759 30521
2760 62258
2761 325928
2762 975054
2763 264314
2764 152512
2765 983934
2766 30521
2767 964733
2768 937224
2769 30523
2770 450094
2771 574447
2772 287197
2773 30520
2774 361819
2775 1306834
2776 30522
2777 173378
2778 972571
2779 400611
2780 122040
2781 1518304
2782 122028
2783 91536
2784 30521
2785 61036
2786 30523
2787 398284
2788 30522
2789 30521
2790 30522
2791 30522
2792 114205
2793 152501
2794 517096
2795 544802
2796 906829
2797 216406
2798 589949
2799 30523
2800 91534
2801 30522
2802 124330
2803 30522
2804 30521
2805 30521
2806 353069
2807 1905482
2808 668186
2809 30523
2810 142744
2811 665679
2812 1290099
2813 93917
2814 91519
2815 1605185
2816 199132
2817 201967
2818 532142
2819 61021
2820 30521
2821 30512
2822 61036
2823 30518
2824 243800
2825 30507
2826 426378
2827 182885
2828 152429
2829 121961
2830 91483
2831 60998
2832 30504
2833 152428
2834 121962
2835 91486
2836 60999
2837 30505
2838 3587969
2839 3670573
2840 3678802
2841 81407
2842 62005
2843 3703297
2844 53600
2845 2691895
2846 56419
2847 60998
2848 3728356
2849 30503
2850 2696635
2851 76592
2852 2690050
2853 97404
2854 93665
2855 108272
2856 95746
2857 2639367
2858 266685
2859 30523
2860 2686405
2861 103994
2862 549137
2863 541513
2864 467681
2865 121978
2866 91526
2867 61027
2868 30519
2869 319513
2870 300429
2871 256402
2872 122028
2873 30524
2874 54925
2875 42725
2876 36626
2877 2336304
2878 217113
2879 30524
2880 30524
2881 317685
2882 868543
2883 30523
2884 368425
2885 91532
2886 169298
2887 30520
2888 30521
2889 122022
2890 42721
2891 48823
2892 30522
2893 144977
2894 1616681
2895 30523
2896 30524
2897 30521
2898 61033
2899 183013
2900 213446
2901 91537
2902 243899
2903 61035
2904 274341
2905 30522
2906 457005
2907 487153
2908 152506
2909 122024
2910 91532
2911 61031
2912 30520
2913 121965
2914 42679
2915 48820
2916 30506
2917 274288
2918 308869
2919 121984
2920 61007
2921 30508
2922 30508
2923 30500
2924 30522
2925 540730
2926 831760
2927 531924
2928 215589
2929 292422
2930 628895
2931 2211879
2932 2151848
2933 635456
2934 273627
2935 162940
2936 2071604
2937 263061
2938 1250377
2939 1824032
2940 181755
2941 2069259
2942 298157
2943 1969417
2944 298893
2945 1320052
2946 892069
2947 330104
2948 431561
2949 1974568
2950 161218
2951 365374
2952 2072796
2953 824014
2954 1200856
2955 96678
2956 30522
2957 164463
2958 2082087
2959 91540
2960 334973
2961 87170
2962 2094091
2963 61037
2964 1281728
2965 1987447
2966 791957
2967 304605
2968 30524
2969 200003
2970 743027
2971 358348
2972 61035
2973 316232
2974 287158
2975 172908
2976 340498
2977 30504
2978 453148
2979 250606
2980 30522
2981 938984
2982 194686
2983 278841
2984 397015
2985 409239
2986 882868
2987 61037
2988 353920
2989 1458567
2990 356078
2991 243727
2992 30523
2993 172388
2994 213332
2995 378074
2996 70460
2997 30522
2998 103412
2999 158579
3000 57368
3001 1352991
3002 61012
3003 121944
3004 30511
3005 585980
3006 100121
3007 149765
3008 30500
3009 60989
3010 1345944
3011 69644
3012 30499
3013 60496
3014 60989
3015 43338
3016 1153044
3017 375715
3018 30498
3019 40495
3020 86247
3021 505918
3022 69153
3023 295423
3024 58190
3025 165551
3026 1305461
3027 82893
3028 74569
3029 1153972
3030 84372
3031 178991
3032 160956
3033 62254
3034 432163
3035 1303724
3036 168134
3037 1282328
3038 657802
3039 349476
3040 213118
3041 159181
3042 146283
3043 30521
3044 105545
3045 87566
3046 133287
3047 142363
3048 30522
3049 210571
3050 61034
3051 30520
3052 737576
3053 547897
3054 60992
3055 30501
3056 30520
3057 30523
3058 211030
3059 150183
3060 30523
3061 93543
3062 30523
3063 65397
3064 30522
3065 30523
3066 30521
3067 30523
3068 281426
3069 726996
3070 234724
3071 229104
3072 1736372
3073 196116
3074 30522
3075 831481
3076 1283081
3077 365355
3078 262274
3079 1753559
3080 216983
3081 324440
3082 147301
3083 147193
3084 176304
3085 1515256
3086 61035
3087 1296921
3088 1496628
3089 273699
3090 364032
3091 304692
3092 144122
3093 342170
3094 184898
3095 1254002
3096 277602
3097 249732
3098 61033
3099 30522
3100 263390
3101 159038
3102 403092
3103 30517
3104 172424
3105 1241352
3106 327348
3107 30520
3108 102145
3109 320171
3110 274336
3111 1015903
3112 30521
3113 328818
3114 299480
3115 950601
3116 2177381
3117 79011
3118 131323
3119 91507
3120 2397930
3121 120427
3122 2127463
3123 1339488
3124 152462
3125 111950
3126 2603664
3127 61038
3128 61013
3129 1081643
3130 3114373
3131 1312056
3132 73926
3133 2300592
3134 1549686
3135 1261026
3136 30511
3137 1273493
3138 1665582
3139 1268513
3140 121988
3141 30524
3142 30511
3143 91505
3144 30519
3145 1280354
3146 2525712
3147 423163
3148 1378209
3149 415189
3150 1682014
3151 220251
3152 645955
3153 61012
3154 284908
3155 248302
3156 1409376
3157 397472
3158 272239
3159 2475730
3160 372905
3161 440200
3162 444531
3163 1466143
3164 260647
3165 195674
3166 122025
3167 30521
3168 1433040
3169 42725
3170 91524
3171 48822
3172 599874
3173 193224
3174 30522
3175 544971
3176 300204
3177 207277
3178 61021
3179 498713
3180 236791
3181 1724901
3182 256021
3183 30509
3184 281926
3185 30520
3186 366075
3187 309159
3188 30520
3189 30521
3190 91541
3191 30522
3192 1313546
3193 1168443
3194 1272206
3195 122024
3196 91531
3197 30521
3198 1164930
3199 61029
3200 30518
3201 1232732
3202 1151265
3203 1158056
3204 1168834
3205 152484
3206 122001
3207 91515
3208 1181024
3209 61020
3210 30514
3211 1194317
3212 1208317
3213 1858544
3214 1441721
3215 1067838
3216 1037765
3217 1457708
3218 1007700
3219 1474657
3220 979764
3221 365427
3222 335026
3223 1492212
3224 586415
3225 304616
3226 556289
3227 1510403
3228 274230
3229 526201
3230 2247112
3231 496149
3232 2475818
3233 2568731
3234 466127
3235 358470
3236 146281
3237 2508042
3238 436128
3239 97563
3240 115822
3241 2527594
3242 406180
3243 792401
3244 85362
3245 376285
3246 328122
3247 346426
3248 316603
3249 292302
3250 273543
3251 54900
3252 265578
3253 268638
3254 277632
3255 292594
3256 229608
3257 762475
3258 308016
3259 42721
3260 323748
3261 732710
3262 297845
3263 54912
3264 267661
3265 340835
3266 73191
3267 359773
3268 702985
3269 379382
3270 399076
3271 673292
3272 203202
3273 237562
3274 184838
3275 643633
3276 614017
3277 419043
3278 439276
3279 302348
3280 584438
3281 459651
3282 554907
3283 612080
3284 525417
3285 495941
3286 273459
3287 207529
3288 194861
3289 164774
3290 243721
3291 214006
3292 177517
3293 190128
3294 177815
3295 138149
3296 125371
3297 177214
3298 182690
3299 194109
3300 211564
3301 229307
3302 147550
3303 117653
3304 93605
3305 81303
3306 130106
3307 30522
3308 735033
3309 713213
3310 195946
3311 203399
3312 211991
3313 30525
3314 91365
3315 60918
3316 30461
3317 182685
3318 60925
3319 30468
3320 169742
3321 220140
3322 154067
3323 30522
3324 2522644
3325 30523
3326 30522
3327 91542
3328 30522
3329 30522
3330 78014
3331 578884
3332 604830
3333 554728
3334 537015
3335 30521
3336 512757
3337 91816
3338 30518
3339 41324
3340 41034
3341 1590332
3342 1544555
3343 1525504
3344 1705101
3345 426347
3346 396088
3347 91494
3348 1472430
3349 1491223
3350 30500
3351 274404
3352 30500
3353 122022
3354 122020
3355 42725
3356 48818
3357 30521
3358 91529
3359 61028
3360 30519
3361 1409962
3362 5309232
3363 191597
3364 5133072
3365 72536
3366 44795
3367 272957
3368 94298
3369 4142817
3370 52047
3371 72517
3372 375380
3373 38337
3374 119743
3375 38810
3376 40900
3377 66113
3378 30525
3379 5149423
3380 42086
3381 90954
3382 118544
3383 598563
3384 60286
3385 224390
3386 87792
3387 4736781
3388 4672528
3389 243906
3390 529852
3391 213476
3392 207115
3393 30525
3394 152526
3395 4509544
3396 317109
3397 197373
3398 3151689
3399 91539
3400 184800
3401 30522
3402 91545
3403 30522
3404 126502
3405 30523
3406 30521
3407 30523
3408 61033
3409 169992
3410 1415040
3411 171266
3412 30521
3413 3126683
3414 30524
3415 46446
3416 129482
3417 230564
3418 3146565
3419 61038
3420 113594
3421 30524
3422 5472978
3423 61038
3424 1089301
3425 1163483
3426 30523
3427 2277574
3428 1980534
3429 890987
3430 273872
3431 1676395
3432 1975184
3433 1300001
3434 905929
3435 593007
3436 91532
3437 607039
3438 2028219
3439 932250
3440 67072
3441 859176
3442 207438
3443 46849
3444 61028
3445 30513
3446 772824
3447 68295
3448 754310
3449 2515949
3450 2333298
3451 2334032
3452 2074620
3453 91527
3454 1964535
3455 152486
3456 1819790
3457 122005
3458 91515
3459 61027
3460 61015
3461 30518
3462 1548861
3463 30509
3464 273260
3465 293138
3466 144579
3467 170527
3468 130176
3469 140393
3470 131081
3471 150047
3472 1526189
3473 178846
3474 258129
3475 1246669
3476 230496
3477 115542
3478 204257
3479 1221061
3480 213422
3481 267086
3482 236528
3483 102079
3484 152476
3485 1230317
3486 121998
3487 498317
3488 182961
3489 91512
3490 61015
3491 152490
3492 30517
3493 122010
3494 804104
3495 507586
3496 30512
3497 528663
3498 404230
3499 173617
3500 430308
3501 91519
3502 197046
3503 1666967
3504 61023
3505 222583
3506 30516
3507 781115
3508 764427
3509 775745
3510 1376274
3511 554213
3512 174089
3513 206525
3514 152861
3515 626454
3516 90415
3517 146190
3518 103769
3519 526782
3520 179202
3521 1212467
3522 527618
3523 117505
3524 147775
3525 506019
3526 91268
3527 536306
3528 1157824
3529 1408260
3530 4125399
3531 485459
3532 507314
3533 1951228
3534 476105
3535 862987
3536 3408688
3537 79584
3538 197224
3539 2352911
3540 149341
3541 1251490
3542 495150
3543 3420596
3544 270923
3545 765042
3546 742224
3547 130729
3548 518095
3549 1179319
3550 86674
3551 2016763
3552 91436
3553 210405
3554 1599894
3555 3522105
3556 77267
3557 204222
3558 102891
3559 241383
3560 104674
3561 146886
3562 212102
3563 168563
3564 117783
3565 183145
3566 72351
3567 1765946
3568 1457869
3569 30522
3570 171717
3571 438849
3572 61033
3573 366301
3574 30521
3575 461220
3576 487129
3577 514563
3578 1313903
3579 427062
3580 1353336
3581 96518
3582 805919
3583 1337529
3584 274332
3585 777774
3586 1802712
3587 73732
3588 53582
3589 677065
3590 1817277
3591 51190
3592 647327
3593 243889
3594 222930
3595 64259
3596 234846
3597 617797
3598 213436
3599 416322
3600 182973
3601 222411
3602 152501
3603 588420
3604 164840
3605 122020
3606 560291
3607 239403
3608 92951
3609 91528
3610 73281
3611 517556
3612 235527
3613 430944
3614 122027
3615 56883
3616 91533
3617 61118
3618 46233
3619 61030
3620 61645
3621 61037
3622 30518
3623 575428
3624 72609
3625 472809
3626 119706
3627 122025
3628 146002
3629 95683
3630 192366
3631 789558
3632 444951
3633 166178
3634 441007
3635 91532
3636 460899
3637 637136
3638 347035
3639 628180
3640 595722
3641 236522
3642 793639
3643 218046
3644 180266
3645 619069
3646 133986
3647 159972
3648 30523
3649 456029
3650 774006
3651 159187
3652 61030
3653 30523
3654 30520
3655 971972
3656 1150120
3657 511438
3658 501020
3659 520116
3660 1174198
3661 533599
3662 723001
3663 345399
3664 254395
3665 1435058
3666 167944
3667 168318
3668 647669
3669 138193
3670 30472
3671 279162
3672 243828
3673 227060
3674 108882
3675 1586247
3676 600228
3677 1601862
3678 79765
3679 30505
3680 146776
3681 56288
3682 182938
3683 296647
3684 55596
3685 886925
3686 73034
3687 192037
3688 137077
3689 443121
3690 416762
3691 409978
3692 412457
3693 554569
3694 349710
3695 367909
3696 378768
3697 152191
3698 384315
3699 446558
3700 264739
3701 357473
3702 397012
3703 262755
3704 327199
3705 177198
3706 186665
3707 338096
3708 91536
3709 61034
3710 262980
3711 206503
3712 263317
3713 30522
3714 559653
3715 30524
3716 425149
3717 598388
3718 1262501
3719 553462
3720 1027937
3721 1144848
3722 446781
3723 239625
3724 164609
3725 268913
3726 251740
3727 157866
3728 39957
3729 268474
3730 657780
3731 363379
3732 297215
3733 254086
3734 378470
3735 415524
3736 58584
3737 30522
3738 2497105
3739 1540148
3740 399713
3741 2615883
3742 432230
3743 95831
3744 115906
3745 51885
3746 1544441
3747 2615698
3748 145852
3749 741107
3750 1521451
3751 98410
3752 1482148
3753 30523
3754 748710
3755 2924235
3756 358714
3757 643455
3758 2033486
3759 329205
3760 114163
3761 61020
3762 30514
3763 239087
3764 675685
3765 212410
3766 678572
3767 445678
3768 91338
3769 204584
3770 1953932
3771 154501
3772 84565
3773 567029
3774 202743
3775 61033
3776 553120
3777 417891
3778 61031
3779 395935
3780 138881
3781 30521
3782 172718
3783 30519
3784 322138
3785 328721
3786 128642
3787 148119
3788 438909
3789 445057
3790 352477
3791 133650
3792 207042
3793 1693499
3794 143721
3795 541407
3796 126469
3797 158729
3798 179297
3799 60382
3800 91541
3801 155537
3802 121624
3803 121242
3804 91517
3805 312978
3806 1588296
3807 2262000
3808 1568382
3809 423744
3810 395339
3811 381761
3812 330053
3813 372374
3814 95273
3815 2135753
3816 3330665
3817 61033
3818 30509
3819 30519
3820 345945
3821 293409
3822 999693
3823 308326
3824 277852
3825 30522
3826 790923
3827 227387
3828 129299
3829 1074648
3830 52638
3831 225526
3832 84644
3833 816858
3834 717884
3835 306863
3836 210998
3837 123921
3838 216165
3839 31563
3840 70545
3841 239167
3842 200827
3843 723484
3844 96298
3845 678764
3846 30522
3847 323566
3848 591239
3849 389932
3850 93589
3851 169093
3852 153378
3853 164407
3854 133635
3855 213439
3856 182998
3857 409700
3858 94197
3859 30524
3860 348767
3861 280238
3862 121925
3863 111070
3864 30521
3865 806053
3866 30522
3867 159646
3868 122029
3869 264084
3870 54923
3871 36627
3872 30524
3873 91432
3874 297029
3875 66613
3876 122023
3877 259283
3878 60929
3879 5354942
3880 48804
3881 154438
3882 48843
3883 110644
3884 30415
3885 36625
3886 96492
3887 43837
3888 43338
3889 3561131
3890 156992
3891 4608622
3892 175725
3893 63429
3894 2124308
3895 166826
3896 91483
3897 189367
3898 61002
3899 30508
3900 291056
3901 183067
3902 262272
3903 5440260
3904 167310
3905 67608
3906 158561
3907 2829708
3908 405694
3909 43245
3910 1818968
3911 315470
3912 38225
3913 63421
3914 3058317
3915 33109
3916 182935
3917 109050
3918 61033
3919 152462
3920 30519
3921 1756070
3922 121989
3923 54909
3924 134696
3925 138993
3926 109900
3927 87276
3928 83607
3929 188377
3930 155556
3931 159040
3932 161309
3933 179868
3934 207760
3935 307444
3936 330211
3937 80963
3938 558334
3939 583621
3940 68669
3941 204092
3942 74896
3943 2197356
3944 2489884
3945 175351
3946 283000
3947 463140
3948 148066
3949 200454
3950 253668
3951 122375
3952 74942
3953 102333
3954 163645
3955 81145
3956 113136
3957 83432
3958 65883
3959 60537
3960 66466
3961 89123
3962 117856
3963 30491
3964 60976
3965 91453
3966 52032
3967 30518
3968 61026
3969 30518
3970 61027
3971 130631
3972 137887
3973 147537
3974 166469
3975 194284
3976 223569
3977 253476
3978 283676
3979 313944
3980 344214
3981 30519
3982 61029
3983 91531
3984 122022
3985 91540
3986 42729
3987 30523
3988 458783
3989 1746585
3990 1370323
3991 1758236
3992 30522
3993 3580859
3994 3722618
3995 358575
3996 3572475
3997 338886
3998 324993
3999 743620
4000 322054
4001 329974
4002 348670
4003 2961128
4004 282760
4005 101876
4006 1264968
4007 439713
4008 166961
4009 41306
4010 91540
4011 1813241
4012 375666
4013 36626
4014 36626
4015 110523
4016 266208
4017 1624566
4018 1595381
4019 232890
4020 88456
4021 1607805
4022 346104
4023 182440
4024 69204
4025 157600
4026 89749
4027 1664211
4028 1496142
4029 75418
4030 343215
4031 45273
4032 107612
4033 30519
4034 326251
4035 33470
4036 1170539
4037 79737
4038 321481
4039 287542
4040 30523
4041 264148
4042 359736
4043 245790
4044 52543
4045 240973
4046 869124
4047 257575
4048 865875
4049 303261
4050 613684
4051 585523
4052 309824
4053 30522
4054 197236
4055 345819
4056 384782
4057 385935
4058 168345
4059 183167
4060 371381
4061 61032
4062 84410
4063 361808
4064 152496
4065 122026
4066 725212
4067 48010
4068 61027
4069 30521
4070 636486
4071 302368
4072 30515
4073 155007
4074 233604
4075 275330
4076 122016
4077 97041
4078 95089
4079 91527
4080 249492
4081 91532
4082 61027
4083 121812
4084 30518
4085 61029
4086 637719
4087 66866
4088 576966
4089 124976
4090 30515
4091 204575
4092 175631
4093 42942
4094 30522
4095 37211
4096 178249
4097 546773
4098 122904
4099 30524
4100 455730
4101 224732
4102 123221
4103 97956
4104 30522
4105 60898
4106 425616
4107 30453
4108 71112
4109 96470
4110 30523
4111 61037
4112 147458
4113 150518
4114 127330
4115 30521
4116 61034
4117 30522
4118 107948
4119 90163
4120 177459
4121 79076
4122 122003
4123 91515
4124 61018
4125 30513
4126 335254
4127 182973
4128 30517
4129 122009
4130 91522
4131 30517
4132 36620
4133 30452
4134 60895
4135 91329
4136 243404
4137 121751
4138 91327
4139 60894
4140 30452
4141 90579
4142 60075
4143 30500
4144 30524
4145 91316
4146 121736
4147 60887
4148 30449
4149 152149
4150 30523
4151 91494
4152 269651
4153 61006
4154 250024
4155 170331
4156 78556
4157 30514
4158 30514
4159 265399
4160 30506
4161 99420
4162 292321
4163 127141
4164 319812
4165 243351
4166 91453
4167 268342
4168 30486
4169 30485
4170 502657
4171 523694
4172 213325
4173 377437
4174 182886
4175 2211332
4176 91465
4177 60986
4178 60994
4179 30524
4180 30520
4181 1307375
4182 1277429
4183 1247515
4184 30511
4185 1217671
4186 1187899
4187 1158146
4188 1134156
4189 190315
4190 213373
4191 706548
4192 182921
4193 676690
4194 152459
4195 160014
4196 129985
4197 121988
4198 100321
4199 672677
4200 520461
4201 152424
4202 531499
4203 213248
4204 339685
4205 182799
4206 121958
4207 91507
4208 268223
4209 152342
4210 91482
4211 81509
4212 121876
4213 60996
4214 60983
4215 30502
4216 248162
4217 30495
4218 91401
4219 60915
4220 30420
4221 61014
4222 74687
4223 75011
4224 30512
4225 552629
4226 445721
4227 654476
4228 109371
4229 152256
4230 110006
4231 109460
4232 468166
4233 635335
4234 394952
4235 107080
4236 30523
4237 722334
4238 79129
4239 258830
4240 456520
4241 386741
4242 426139
4243 55914
4244 395918
4245 269689
4246 320224
4247 121968
4248 46977
4249 54895
4250 243772
4251 36608
4252 30510
4253 152420
4254 147086
4255 87506
4256 371647
4257 91469
4258 102008
4259 60979
4260 30500
4261 111014
4262 30524
4263 30499
4264 30482
4265 116856
4266 30499
4267 30519
4268 140068
4269 553015
4270 386175
4271 412227
4272 2581575
4273 559769
4274 581579
4275 2388351
4276 2892796
4277 91534
4278 501540
4279 2328911
4280 91529
4281 2916399
4282 2389112
4283 61032
4284 2377624
4285 870634
4286 518785
4287 30520
4288 960377
4289 184636
4290 61026
4291 30517
4292 2768473
4293 122019
4294 30521
4295 1081401
4296 91527
4297 61025
4298 182910
4299 30514
4300 2134759
4301 152451
4302 713126
4303 91489
4304 30509
4305 482946
4306 61001
4307 274278
4308 413667
4309 30505
4310 122025
4311 243836
4312 339206
4313 213384
4314 182924
4315 152453
4316 91532
4317 3592302
4318 121990
4319 30519
4320 122015
4321 61031
4322 91526
4323 61007
4324 30511
4325 61027
4326 30506
4327 1150430
4328 30520
4329 30517
4330 61029
4331 30518
4332 1614223
4333 61035
4334 30522
4335 3442723
4336 30521
4337 30515
4338 36611
4339 230828
4340 233554
4341 1823763
4342 1624361
4343 1621337
4344 47440
4345 61018
4346 30513
4347 30520
4348 91532
4349 61031
4350 122025
4351 30521
4352 30522
4353 30523
4354 36625
4355 42732
4356 122032
4357 67132
4358 794832
4359 766390
4360 738531
4361 712674
4362 688534
4363 1652534
4364 668731
4365 226210
4366 207879
4367 439742
4368 923264
4369 907458
4370 392346
4371 585086
4372 30432
4373 79778
4374 378792
4375 63653
4376 535673
4377 319591
4378 60110
4379 620925
4380 85048
4381 66962
4382 48841
4383 68016
4384 441102
4385 315753
4386 65163
4387 62301
4388 322240
4389 54053
4390 222884
4391 57563
4392 61025
4393 1069401
4394 188698
4395 120010
4396 301428
4397 648851
4398 304499
4399 63569
4400 30524
4401 356289
4402 122034
4403 30517
4404 206252
4405 313856
4406 1442352
4407 85405
4408 154009
4409 1476676
4410 490506
4411 322334
4412 187176
4413 30522
4414 152534
4415 433271
4416 122165
4417 91539
4418 70786
4419 183614
4420 376123
4421 30520
4422 61035
4423 61036
4424 30522
4425 61027
4426 626793
4427 61036
4428 175005
4429 226032
4430 126073
4431 30523
4432 30519
4433 195799
4434 111609
4435 30518
4436 30524
4437 30521
4438 30523
4439 555796
4440 171952
4441 194546
4442 30522
4443 2693935
4444 204928
4445 30522
4446 187029
4447 149655
4448 460019
4449 409874
4450 130351
4451 176482
4452 111102
4453 90688
4454 1255926
4455 375071
4456 2256059
4457 981393
4458 1027527
4459 30520
4460 97573
4461 566576
4462 340770
4463 383044
4464 30523
4465 247646
4466 89858
4467 48085
4468 67403
4469 36200
4470 456878
4471 64193
4472 547663
4473 304771
4474 52120
4475 32060
4476 30517
4477 182969
4478 122014
4479 61019
4480 30513
4481 30517
4482 256559
4483 268058
4484 287190
4485 218294
4486 121994
4487 314108
4488 446213
4489 91505
4490 313197
4491 402496
4492 61012
4493 283347
4494 1402936
4495 253525
4496 61020
4497 1743092
4498 223724
4499 1325558
4500 30511
4501 1003997
4502 1308935
4503 196003
4504 61022
4505 1761162
4506 171228
4507 30516
4508 30511
4509 147834
4510 134255
4511 30519
4512 93833
4513 152861
4514 89817
4515 122039
4516 186361
4517 42732
4518 48825
4519 30528
4520 344532
4521 68446
4522 555040
4523 431309
4524 413017
4525 639064
4526 384900
4527 831477
4528 593378
4529 296589
4530 461694
4531 146432
4532 419982
4533 122029
4534 320993
4535 54916
4536 46906
4537 36634
4538 182982
4539 462238
4540 30523
4541 291217
4542 182512
4543 311008
4544 61493
4545 236244
4546 42428
4547 122022
4548 30520
4549 338160
4550 337517
4551 122034
4552 400103
4553 61025
4554 30523
4555 48826
4556 697212
4557 295246
4558 42728
4559 30526
4560 30517
4561 30517
4562 411512
4563 502879
4564 122010
4565 91530
4566 48811
4567 42720
4568 61026
4569 30516
4570 30518
4571 436199
4572 549390
4573 91530
4574 61028
4575 1925604
4576 30519
4577 1450170
4578 897643
4579 41868
4580 31948
4581 530650
4582 504470
4583 494094
4584 150665
4585 365677
4586 178189
4587 30523
4588 183009
4589 492206
4590 132381
4591 30523
4592 447205
4593 30522
4594 138175
4595 122035
4596 610644
4597 124360
4598 30524
4599 73234
4600 30525
4601 42730
4602 141376
4603 213265
4604 539968
4605 60447
4606 229929
4607 336690
4608 603582
4609 119655
4610 267867
4611 42523
4612 121861
4613 165902
4614 141696
4615 79710
4616 50009
4617 97843
4618 126168
4619 290474
4620 99792
4621 83996
4622 32093
4623 135034
4624 163002
4625 118577
4626 30521
4627 129222
4628 61036
4629 30522
4630 106677
4631 30450
4632 61032
4633 30521
4634 145426
4635 169549
4636 36617
4637 30523
4638 54924
4639 30504
4640 77273
4641 35669
4642 664014
4643 859780
4644 304424
4645 189319
4646 173842
4647 91538
4648 61033
4649 30522
4650 162851
4651 30524
4652 61037
4653 30522
4654 573061
4655 405664
4656 376286
4657 939149
4658 358911
4659 121992
4660 91506
4661 957162
4662 61011
4663 982800
4664 30509
4665 1183343
4666 182940
4667 60992
4668 36609
4669 54913
4670 30511
4671 30510
4672 30517
4673 61025
4674 91523
4675 136631
4676 4369890
4677 4265052
4678 4260381
4679 47304
4680 67420
4681 1120800
4682 32329
4683 121344
4684 48643
4685 42395
4686 30355
4687 151655
4688 212274
4689 30352
4690 303132
4691 60692
4692 30351
4693 30515
4694 61013
4695 30505
4696 91517
4697 129201
4698 78986
4699 107860
4700 30523
4701 121985
4702 48812
4703 42706
4704 30516
4705 91530
4706 61027
4707 30513
4708 122023
4709 91532
4710 61030
4711 30519
4712 512892
4713 516427
4714 526544
4715 544307
4716 566220
4717 1155176
4718 601002
4719 570780
4720 540628
4721 510610
4722 480885
4723 451580
4724 422728
4725 394243
4726 366074
4727 338124
4728 310476
4729 283951
4730 258549
4731 234319
4732 211387
4733 189147
4734 167401
4735 147894
4736 130834
4737 117751
4738 108502
4739 103995
4740 114029
4741 134166
4742 159357
4743 189582
4744 219829
4745 358100
4746 307356
4747 323727
4748 197162
4749 345301
4750 205688
4751 636336
4752 223183
4753 646472
4754 399176
4755 692670
4756 264096
4757 853726
4758 171159
4759 244102
4760 91534
4761 61031
4762 164957
4763 238024
4764 30521
4765 138883
4766 937904
4767 110940
4768 265663
4769 30523
4770 84207
4771 212498
4772 39428
4773 1101401
4774 58382
4775 288319
4776 1010366
4777 61036
4778 187511
4779 30522
4780 2223120
4781 969336
4782 2268030
4783 152516
4784 162882
4785 30519
4786 122034
4787 1598529
4788 810566
4789 312824
4790 41414
4791 1396846
4792 61028
4793 50140
4794 30526
4795 30519
4796 30521
4797 1498675
4798 2293158
4799 152674
4800 91533
4801 61029
4802 30519
4803 454170
4804 368836
4805 469853
4806 2320409
4807 328562
4808 30523
4809 124755
4810 2729525
4811 158703
4812 167027
4813 121994
4814 36921
4815 48796
4816 42716
4817 36244
4818 30510
4819 152132
4820 60342
4821 338805
4822 422420
4823 273283
4824 30523
4825 496461
4826 507811
4827 177969
4828 2884556
4829 204601
4830 30523
4831 30522
4832 30524
4833 127201
4834 97301
4835 73531
4836 55317
4837 43402
4838 55831
4839 86309
4840 266964
4841 67110
4842 36631
4843 30536
4844 54921
4845 85402
4846 130596
4847 122026
4848 42725
4849 54925
4850 36626
4851 30524
4852 732776
4853 30522
4854 121988
4855 36608
4856 54912
4857 30514
4858 152456
4859 3297301
4860 198378
4861 173402
4862 32078
4863 164248
4864 122020
4865 91527
4866 61023
4867 30516
4868 30518
4869 79670
4870 53898
4871 66020
4872 187497
4873 109752
4874 201239
4875 150238
4876 96093
4877 933874
4878 113026
4879 765134
4880 75366
4881 173749
4882 102401
4883 87855
4884 177543
4885 739625
4886 150028
4887 715218
4888 377396
4889 691745
4890 670215
4891 651274
4892 1003732
4893 517794
4894 633516
4895 671871
4896 618083
4897 606930
4898 710375
4899 597621
4900 588674
4901 687950
4902 547059
4903 243827
4904 213372
4905 182908
4906 152439
4907 121970
4908 547853
4909 91492
4910 61004
4911 30506
4912 554448
4913 565894
4914 578830
4915 593790
4916 638693
4917 408750
4918 289675
4919 425510
4920 293399
4921 301650
4922 313123
4923 326371
4924 341674
4925 461517
4926 121953
4927 91464
4928 60986
4929 30498
4930 638427
4931 201493
4932 640967
4933 188906
4934 660961
4935 759836
4936 134938
4937 726091
4938 130310
4939 141925
4940 739362
4941 754893
4942 81241
4943 87640
4944 63359
4945 209571
4946 183891
4947 171959
4948 162007
4949 141407
4950 153309
4951 123331
4952 192377
4953 30522
4954 60630
4955 30320
4956 464326
4957 30486
4958 60999
4959 445768
4960 114117
4961 2398741
4962 2388224
4963 2414139
4964 2380666
4965 2467928
4966 85842
4967 77812
4968 121158
4969 86294
4970 60592
4971 30303
4972 30300
4973 413022
4974 368567
4975 131995
4976 1037758
4977 5535342
4978 1997858
4979 30525
4980 2679621
4981 947673
4982 2500841
4983 483456
4984 91354
4985 2778561
4986 60852
4987 30338
4988 1444461
4989 167251
4990 316200
4991 161396
4992 2530417
4993 1471987
4994 543577
4995 424507
4996 60895
4997 832995
4998 30453
4999 244042
5000 2553722
5001 557405
5002 260525
5003 1390694
5004 276353
5005 91525
5006 122019
5007 429636
5008 2577772
5009 54919
5010 36624
5011 61025
5012 805818
5013 30522
5014 219183
5015 38472
5016 61036
5017 2712944
5018 441119
5019 627528
5020 1022386
5021 30523
5022 601837
5023 30517
5024 40542
5025 147748
5026 997163
5027 779052
5028 95148
5029 780920
5030 122036
5031 753057
5032 42727
5033 48828
5034 65923
5035 2726865
5036 529617
5037 30524
5038 427401
5039 788409
5040 129756
5041 2752791
5042 28612
5043 414988
5044 293451
5045 345072
5046 123179
5047 962108
5048 728026
5049 407643
5050 2779063
5051 806797
5052 315359
5053 202466
5054 507260
5055 149386
5056 286490
5057 477531
5058 122028
5059 68597
5060 193874
5061 497498
5062 2805774
5063 656366
5064 767374
5065 206659
5066 176612
5067 122818
5068 258741
5069 286123
5070 30525
5071 782927
5072 173463
5073 61022
5074 93130
5075 784755
5076 62245
5077 46324
5078 790905
5079 30521
5080 112557
5081 232279
5082 61007
5083 243602
5084 30522
5085 826022
5086 762063
5087 88055
5088 81603
5089 30503
5090 169564
5091 63991
5092 30514
5093 281802
5094 30511
5095 238584
5096 56462
5097 318007
5098 4884743
5099 5446091
5100 6329494
5101 538465
5102 927807
5103 509317
5104 481607
5105 1649015
5106 920973
5107 158705
5108 4795267
5109 1534474
5110 477004
5111 1533465
5112 129298
5113 929024
5114 1542759
5115 4817414
5116 2214215
5117 61036
5118 764405
5119 113186
5120 4898592
5121 439727
5122 675153
5123 1811737
5124 30523
5125 3690959
5126 30524
5127 411949
5128 57590
5129 1278290
5130 1502041
5131 3622919
5132 93818
5133 103557
5134 1235266
5135 191140
5136 1083098
5137 783348
5138 1140560
5139 1366081
5140 386062
5141 3579294
5142 122002
5143 79801
5144 3481264
5145 183010
5146 280252
5147 30523
5148 90739
5149 48793
5150 1453173
5151 155799
5152 274324
5153 42728
5154 1125933
5155 30514
5156 1185373
5157 253683
5158 567633
5159 44257
5160 78012
5161 804691
5162 122033
5163 243942
5164 30524
5165 132235
5166 53167
5167 197396
5168 91526
5169 51448
5170 91539
5171 857048
5172 30521
5173 61036
5174 3496949
5175 1629477
5176 1567030
5177 47836
5178 30523
5179 210793
5180 70507
5181 484798
5182 61026
5183 181600
5184 86729
5185 30518
5186 1771419
5187 457420
5188 187760
5189 122024
5190 1612449
5191 198720
5192 91532
5193 30521
5194 623075
5195 30525
5196 30519
5197 685710
5198 61030
5199 132460
5200 671511
5201 482157
5202 61036
5203 3851550
5204 235869
5205 324626
5206 391463
5207 30520
5208 30523
5209 369515
5210 234594
5211 3214675
5212 61022
5213 1585200
5214 152466
5215 297347
5216 2309137
5217 2303097
5218 2922913
5219 1923095
5220 380091
5221 669548
5222 235357
5223 651590
5224 152477
5225 122002
5226 225827
5227 121995
5228 42709
5229 482378
5230 48822
5231 1974243
5232 30519
5233 456353
5234 122035
5235 425968
5236 395574
5237 91505
5238 30525
5239 67140
5240 378020
5241 30523
5242 81534
5243 458246
5244 30511
5245 30512
5246 320068
5247 365310
5248 213054
5249 437564
5250 272070
5251 472426
5252 399878
5253 304577
5254 121603
5255 337386
5256 122023
5257 91115
5258 414193
5259 171064
5260 54903
5261 61025
5262 1528619
5263 353244
5264 30518
5265 36300
5266 30521
5267 30523
5268 36640
5269 35870
5270 30516
5271 61028
5272 61033
5273 258099
5274 30519
5275 229400
5276 30521
5277 374886
5278 155785
5279 113829
5280 128842
5281 48227
5282 1057480
5283 517538
5284 31012
5285 87121
5286 202487
5287 402204
5288 132063
5289 456966
5290 30520
5291 159662
5292 234777
5293 211227
5294 66259
5295 236244
5296 182964
5297 33447
5298 30523
5299 41985
5300 243939
5301 110322
5302 264258
5303 62320
5304 243135
5305 122006
5306 30525
5307 321495
5308 324728
5309 61014
5310 956193
5311 30510
5312 30518
5313 262364
5314 270099
5315 122023
5316 328293
5317 234552
5318 91535
5319 48842
5320 31341
5321 42703
5322 932058
5323 42157
5324 30522
5325 30515
5326 30521
5327 30523
5328 295280
5329 915748
5330 181947
5331 30520
5332 161694
5333 268446
5334 309041
5335 305326
5336 304719
5337 321786
5338 312422
5339 344099
5340 437452
5341 463314
5342 369679
5343 133381
5344 118952
5345 382498
5346 93720
5347 143366
5348 597207
5349 594368
5350 168513
5351 592844
5352 337669
5353 535423
5354 83694
5355 345016
5356 590668
5357 111044
5358 625934
5359 89703
5360 356144
5361 423588
5362 380901
5363 438824
5364 152478
5365 117963
5366 372941
5367 93559
5368 716894
5369 379417
5370 447555
5371 121984
5372 395604
5373 336764
5374 460019
5375 106935
5376 707729
5377 91492
5378 122001
5379 543861
5380 132524
5381 976302
5382 731333
5383 125969
5384 417778
5385 179122
5386 143032
5387 399322
5388 476900
5389 410279
5390 633057
5391 139748
5392 61005
5393 157963
5394 64571
5395 83024
5396 152057
5397 253817
5398 82570
5399 88365
5400 337311
5401 67752
5402 155622
5403 91516
5404 160127
5405 213398
5406 637501
5407 338338
5408 72595
5409 333111
5410 179200
5411 62595
5412 177861
5413 580692
5414 270963
5415 465319
5416 152479
5417 398268
5418 404982
5419 158557
5420 100268
5421 136833
5422 184812
5423 136085
5424 370543
5425 74659
5426 182938
5427 122002
5428 330009
5429 61036
5430 661934
5431 680718
5432 162791
5433 365745
5434 175275
5435 30523
5436 524716
5437 196906
5438 152470
5439 61020
5440 30523
5441 91516
5442 61007
5443 211488
5444 263875
5445 703715
5446 463077
5447 30513
5448 150514
5449 378753
5450 213412
5451 61032
5452 857317
5453 840193
5454 792588
5455 780531
5456 71373
5457 1586248
5458 30515
5459 640817
5460 676826
5461 30514
5462 972223
5463 849314
5464 824105
5465 800664
5466 147730
5467 149554
5468 154894
5469 90285
5470 100364
5471 265948
5472 133867
5473 282409
5474 75407
5475 121781
5476 109093
5477 74635
5478 449556
5479 199614
5480 52440
5481 100374
5482 465197
5483 152474
5484 30517
5485 493062
5486 121996
5487 61010
5488 42720
5489 30504
5490 38282
5491 50662
5492 746522
5493 73409
5494 245348
5495 100099
5496 757526
5497 220820
5498 787156
5499 223206
5500 152489
5501 87501
5502 122009
5503 100103
5504 48808
5505 125240
5506 42725
5507 30518
5508 1147910
5509 1143451
5510 1128419
5511 792193
5512 387533
5513 91533
5514 1150587
5515 505307
5516 30524
5517 61030
5518 107760
5519 1420157
5520 523091
5521 806946
5522 80185
5523 274292
5524 30518
5525 547798
5526 91537
5527 572959
5528 152386
5529 43129
5530 121902
5531 91437
5532 55473
5533 36591
5534 30488
5535 61035
5536 30522
5537 30525
5538 105964
5539 101745
5540 30522
5541 107933
5542 137186
5543 167218
5544 97338
5545 30524
5546 30523
5547 144141
5548 94571
5549 141460
5550 92989
5551 231605
5552 291328
5553 130582
5554 61021
5555 30514
5556 30522
5557 30517
5558 30523
5559 219027
5560 240801
5561 266399
5562 321915
5563 348228
5564 377168
5565 30520
5566 30496
5567 30522
5568 61034
5569 91538
5570 886820
5571 1023369
5572 41725
5573 137385
5574 138896
5575 1147798
5576 245359
5577 232386
5578 31489
5579 122027
5580 341885
5581 30523
5582 126020
5583 61024
5584 30523
5585 1162210
5586 100888
5587 357292
5588 121731
5589 1188300
5590 91237
5591 985562
5592 30517
5593 1215011
5594 42722
5595 1242303
5596 1143213
5597 41481
5598 629491
5599 59335
5600 1269959
5601 1164414
5602 36609
5603 121748
5604 147596
5605 30522
5606 47464
5607 575944
5608 1219881
5609 521560
5610 30519
5611 30523
5612 1245401
5613 1331841
5614 61011
5615 1386948
5616 30510
5617 30522
5618 138150
5619 182332
5620 143370
5621 61023
5622 153988
5623 30516
5624 365518
5625 392771
5626 420439
5627 448360
5628 476488
5629 504828
5630 533383
5631 562159
5632 591158
5633 620331
5634 649648
5635 679261
5636 709169
5637 41311
5638 32612
5639 160429
5640 30521
5641 30517
5642 254378
5643 30522
5644 162665
5645 229721
5646 74093
5647 76536
5648 122659
5649 156761
5650 91519
5651 61018
5652 30509
5653 121991
5654 91505
5655 61012
5656 30508
5657 58033
5658 47779
5659 82726
5660 186134
5661 120358
5662 122660
5663 30522
5664 30519
5665 30503
5666 30524
5667 61038
5668 30521
5669 30516
5670 61020
5671 30514
5672 61022
5673 30508
5674 53932
5675 60723
5676 3365364
5677 1193096
5678 3272415
5679 1165604
5680 551281
5681 588172
5682 3295240
5683 523680
5684 560057
5685 532771
5686 505889
5687 30519
5688 415876
5689 408387
5690 212420
5691 181958
5692 151488
5693 121199
5694 227026
5695 90904
5696 60599
5697 30518
5698 30293
5699 30412
5700 2833033
5701 61001
5702 30513
5703 30516
5704 61002
5705 30519
5706 61030
5707 91532
5708 30514
5709 61019
5710 91517
5711 211833
5712 197271
5713 183606
5714 30508
5715 61019
5716 30511
5717 91522
5718 91524
5719 61025
5720 30518
5721 251413
5722 223533
5723 280189
5724 197106
5725 459213
5726 603945
5727 122026
5728 30522
5729 61031
5730 30518
5731 155761
5732 1159766
5733 130783
5734 110806
5735 91963
5736 74099
5737 557217
5738 63189
5739 487758
5740 61033
5741 469805
5742 30521
5743 70102
5744 365883
5745 454002
5746 483884
5747 274282
5748 61032
5749 243841
5750 30520
5751 213392
5752 182931
5753 152463
5754 121983
5755 91500
5756 61009
5757 30506
5758 30522
5759 30518
5760 61031
5761 1239705
5762 1156641
5763 1138519
5764 1127499
5765 61025
5766 30512
5767 92242
5768 121984
5769 91496
5770 61006
5771 30509
5772 30519
5773 30519
5774 30522
5775 137123
5776 111493
5777 91647
5778 122035
5779 48825
5780 42729
5781 30523
5782 30522
5783 29869
5784 30523
5785 121948
5786 48779
5787 42701
5788 30502
5789 269542
5790 163424
5791 255535
5792 298652
5793 312589
5794 30521
5795 334942
5796 30461
5797 60941
5798 91411
5799 121872
5800 152323
5801 182764
5802 213027
5803 243461
5804 668903
5805 395652
5806 365270
5807 334881
5808 304480
5809 274070
5810 243649
5811 213220
5812 182782
5813 152338
5814 121886
5815 91426
5816 60958
5817 30481
5818 30520
5819 226255
5820 227306
5821 30517
5822 61028
5823 91528
5824 1795027
5825 1693348
5826 213365
5827 182906
5828 152444
5829 121971
5830 1884677
5831 1821356
5832 91491
5833 61000
5834 30506
5835 112353
5836 114246
5837 30521
5838 61019
5839 30512
5840 91529
5841 61028
5842 30518
5843 58069
5844 71254
5845 34570
5846 89762
5847 44761
5848 99046
5849 129429
5850 128268
5851 106842
5852 179844
5853 85383
5854 37468
5855 122897
5856 151266
5857 30522
5858 168929
5859 503726
5860 909986
5861 377840
5862 61021
5863 30514
5864 30511
5865 61015
5866 30517
5867 213414
5868 152478
5869 91506
5870 30512
5871 36613
5872 30512
5873 68574
5874 99058
5875 30519
5876 30535
5877 68064
5878 53486
5879 91399
5880 60942
5881 30474
5882 30523
5883 502539
5884 75420
5885 30520
5886 68287
5887 382568
5888 396410
5889 312729
5890 30514
5891 300504
5892 30522
5893 632705
5894 30518
5895 30521
5896 774329
5897 2103873
5898 30522
5899 76041
5900 30521
5901 121987
5902 91501
5903 61008
5904 30505
5905 91519
5906 61015
5907 30509
5908 30520
5909 264239
5910 281771
5911 301890
5912 324189
5913 30519
5914 30522
5915 61033
5916 30515
5917 91512
5918 30522
5919 182967
5920 30524
5921 61015
5922 30518
5923 699673
5924 383527
5925 255904
5926 298397
5927 55003
5928 195160
5929 30520
5930 237661
5931 30654
5932 36743
5933 128150
5934 122004
5935 85414
5936 30514
5937 61092
5938 97752
5939 48958
5940 49005
5941 30517
5942 30512
5943 61016
5944 30513
5945 30521
5946 1046767
5947 1320159
5948 1331911
5949 321435
5950 348823
5951 377155
5952 405842
5953 920488
5954 1461650
5955 893544
5956 667016
5957 248288
5958 867653
5959 844909
5960 443625
5961 342523
5962 404375
5963 122027
5964 401694
5965 91535
5966 30521
5967 61033
5968 58831
5969 362697
5970 30521
5971 285568
5972 46061
5973 61033
5974 30521
5975 294384
5976 404372
5977 52478
5978 231749
5979 342573
5980 68408
5981 125159
5982 30521
5983 209260
5984 725714
5985 627719
5986 30521
5987 61034
5988 30516
5989 30519
5990 1559165
5991 30523
5992 30516
5993 2066159
5994 2047602
5995 1419396
5996 613903
5997 279350
5998 251494
5999 592023
6000 229541
6001 573348
6002 1114729
6003 30521
6004 178881
6005 156983
6006 145066
6007 562688
6008 30518
6009 110133
6010 109354
6011 148309
6012 30522
6013 191112
6014 532265
6015 30522
6016 317206
6017 30518
6018 286797
6019 393164
6020 542369
6021 531366
6022 30520
6023 277856
6024 587409
6025 30522
6026 221922
6027 30521
6028 201243
6029 485494
6030 157423
6031 61525
6032 294855
6033 513042
6034 43829
6035 261632
6036 156583
6037 30470
6038 134605
6039 91519
6040 46364
6041 242770
6042 395262
6043 30511
6044 30511
6045 188364
6046 30520
6047 331129
6048 30517
6049 243522
6050 271279
6051 341867
6052 264461
6053 30522
6054 202900
6055 291346
6056 178309
6057 211463
6058 86562
6059 177270
6060 193631
6061 273291
6062 243226
6063 91628
6064 158610
6065 61022
6066 30515
6067 162180
6068 106072
6069 169465
6070 41275
6071 236333
6072 68327
6073 30521
6074 91531
6075 61030
6076 30518
6077 30520
6078 30518
6079 601091
6080 628958
6081 687860
6082 30521
6083 126711
6084 30522
6085 111177
6086 88794
6087 228622
6088 257272
6089 48468
6090 84862
6091 47503
6092 60173
6093 286735
6094 322632
6095 183015
6096 376565
6097 30503
6098 61011
6099 91506
6100 121997
6101 182973
6102 30522
6103 30522
6104 30518
