0 423509
1 448893
2 400273
3 474865
4 501549
5 380775
6 1731591
7 364784
8 1273104
9 1689252
10 1243513
11 353127
12 691871
13 522138
14 467443
15 327936
16 194600
17 491853
18 127826
19 267547
20 146108
21 1717719
22 200939
23 127792
24 461716
25 60954
26 104129
27 1746959
28 322221
29 158581
30 79887
31 97803
32 36597
33 1776399
34 189000
35 176725
36 61500
37 347525
38 61078
39 158237
40 109747
41 31182
42 61024
43 134013
44 36660
45 30517
46 61600
47 73090
48 79126
49 103533
50 404178
51 177091
52 109724
53 122008
54 261981
55 91521
56 237579
57 61024
58 217241
59 223870
60 30517
61 222718
62 201485
63 30515
64 240179
65 203496
66 4452392
67 262637
68 179789
69 56305
70 67793
71 86498
72 99747
73 111172
74 3092219
75 139905
76 106425
77 289965
78 61016
79 230026
80 610822
81 125281
82 4149032
83 148941
84 150442
85 2000238
86 61016
87 350502
88 203877
89 591480
90 61012
91 1635545
92 534961
93 734761
94 306914
95 30513
96 2105123
97 91497
98 61011
99 1611383
100 30512
101 633317
102 802276
103 91523
104 515062
105 2107661
106 61006
107 563149
108 365499
109 801054
110 579347
111 30513
112 115831
113 855645
114 30511
115 85368
116 158731
117 412154
118 5173616
119 5811518
120 5725463
121 5185823
122 726755
123 5200517
124 5718412
125 5216387
126 10204961
127 701645
128 4678995
129 6023451
130 4603414
131 2627479
132 470631
133 1597947
134 4691237
135 445248
136 267215
137 120111
138 5716933
139 4446132
140 1575984
141 92000
142 573218
143 125576
144 61040
145 152525
146 2609129
147 1406375
148 122043
149 106776
150 54933
151 496585
152 36627
153 69495
154 88558
155 30527
156 30525
157 216478
158 1528770
159 4462595
160 2593189
161 543793
162 4187706
163 52528
164 423988
165 2748330
166 211990
167 369948
168 108504
169 203602
170 75481
171 2856642
172 554360
173 346724
174 219576
175 46424
176 199945
177 30524
178 1476315
179 221563
180 330654
181 199586
182 122044
183 520286
184 6034719
185 491200
186 664790
187 48832
188 42729
189 216918
190 1535846
191 319938
192 30527
193 1065857
194 2731054
195 30524
196 759250
197 2905163
198 728965
199 219863
200 147761
201 679976
202 314867
203 347398
204 2356977
205 115883
206 2182422
207 699818
208 463054
209 900414
210 143988
211 111833
212 671153
213 158043
214 109886
215 1046903
216 122043
217 398323
218 698670
219 223945
220 289656
221 48831
222 86116
223 231375
224 643116
225 42729
226 109728
227 1821742
228 415479
229 173637
230 433905
231 30527
232 123970
233 615653
234 651078
235 437981
236 6052304
237 6071917
238 15999150
239 11520797
240 4984764
241 1354733
242 9916632
243 3211340
244 659415
245 1333376
246 627548
247 316347
248 2914267
249 646113
250 699623
251 66409
252 30511
253 6990345
254 788275
255 682371
256 2387151
257 736575
258 1763509
259 654139
260 60998
261 2904352
262 289561
263 1423598
264 145134
265 30507
266 30504
267 60200
268 187378
269 3727487
270 16137905
271 147597
272 116622
273 3713228
274 30517
275 123099
276 1456699
277 436885
278 655925
279 100072
280 30508
281 3664601
282 67765
283 605124
284 266302
285 698190
286 46324
287 33772
288 363994
289 86919
290 5140500
291 187305
292 6969094
293 594305
294 1271179
295 42155
296 303469
297 234578
298 61006
299 1713976
300 184021
301 1182451
302 155621
303 230827
304 1280193
305 162204
306 7185005
307 57535
308 397553
309 14975990
310 30508
311 91387
312 38067
313 3914963
314 80712
315 231433
316 150485
317 382343
318 91522
319 954917
320 188873
321 42723
322 36620
323 978841
324 245585
325 62591
326 2718689
327 144865
328 6610677
329 708830
330 220591
331 1377514
332 61014
333 91488
334 295797
335 497123
336 137004
337 1861158
338 36763
339 2376793
340 64891
341 1181189
342 230239
343 175522
344 30514
345 1061731
346 367165
347 1021713
348 1215029
349 61006
350 34782
351 2935226
352 764828
353 254351
354 30521
355 5559880
356 5503372
357 5495129
358 11726522
359 2494186
360 1917185
361 582974
362 7045855
363 2992272
364 2221892
365 626172
366 8761800
367 621311
368 2362093
369 597179
370 4392598
371 62066
372 816310
373 694969
374 66349
375 30521
376 30518
377 181343
378 1621455
379 5493190
380 553276
381 600069
382 746445
383 736405
384 1967728
385 496908
386 4367805
387 294021
388 1414106
389 30525
390 4315065
391 418844
392 671595
393 8777604
394 30525
395 635682
396 1207451
397 1074973
398 650918
399 161752
400 631345
401 1069528
402 617684
403 30525
404 3666237
405 373054
406 173737
407 1609144
408 1347795
409 163457
410 255417
411 604558
412 814187
413 695912
414 592725
415 586598
416 354496
417 238691
418 1091241
419 274263
420 139482
421 682067
422 610799
423 547647
424 243858
425 700814
426 182928
427 517292
428 770740
429 341057
430 30525
431 122045
432 701508
433 30515
434 61036
435 1233440
436 30525
437 486928
438 30526
439 91710
440 30524
441 124880
442 152478
443 30515
444 456554
445 91503
446 612604
447 66867
448 7975683
449 3600147
450 30515
451 654479
452 78540
453 30515
454 507199
455 78195
456 104880
457 30523
458 54011
459 562048
460 48175
461 45576
462 85476
463 583045
464 233195
465 359105
466 757927
467 30518
468 209512
469 5725611
470 61008
471 74285
472 684546
473 702059
474 723975
475 671818
476 748320
477 663977
478 774286
479 6513327
480 666070
481 3805780
482 2715682
483 231228
484 2476480
485 210335
486 191532
487 174652
488 3848838
489 2459332
490 160088
491 5742545
492 2757257
493 148032
494 699729
495 141148
496 1048740
497 3226909
498 146093
499 203496
500 175879
501 1279876
502 1345464
503 148277
504 118415
505 90242
506 476256
507 456513
508 346400
509 70583
510 137206
511 340495
512 4014899
513 73590
514 192790
515 2010113
516 982462
517 108268
518 1985142
519 249541
520 836753
521 342996
522 127055
523 812856
524 359203
525 80925
526 122618
527 30525
528 1332991
529 57877
530 1041294
531 255307
532 783845
533 1330025
534 999955
535 5762700
536 2715452
537 458599
538 263038
539 1931103
540 755669
541 243640
542 47490
543 446488
544 55934
545 121991
546 438836
547 340249
548 61015
549 61010
550 30512
551 42717
552 79121
553 437750
554 179584
555 781273
556 273372
557 30524
558 922461
559 61038
560 728758
561 950428
562 30524
563 710707
564 153819
565 30510
566 1970664
567 95140
568 91518
569 91511
570 91538
571 1085305
572 602088
573 42719
574 61022
575 2206567
576 30513
577 474049
578 66762
579 30516
580 151505
581 1254732
582 2195598
583 166623
584 54449
585 121032
586 65902
587 30522
588 30512
589 214268
590 5720016
591 5785814
592 14989494
593 27875302
594 8471139
595 8472942
596 3904243
597 8496410
598 61022
599 3855469
600 30516
601 1526582
602 3794782
603 61020
604 243866
605 3780984
606 1500315
607 3862373
608 182936
609 30515
610 4753152
611 4116425
612 152471
613 30515
614 2132839
615 121996
616 2904969
617 91512
618 1461963
619 1276411
620 3754269
621 7075671
622 61018
623 1492663
624 1376948
625 1555875
626 1251540
627 6796917
628 30514
629 1835696
630 732138
631 23932723
632 122008
633 54915
634 173070
635 3458473
636 793276
637 1020943
638 36618
639 239057
640 1906485
641 61022
642 30517
643 1252538
644 719934
645 919923
646 145956
647 30516
648 225007
649 631527
650 1912795
651 121707
652 4093565
653 858424
654 102070
655 1234498
656 305324
657 4396975
658 95809
659 91497
660 283054
661 869905
662 3027281
663 3371069
664 61007
665 30507
666 678281
667 5092660
668 958504
669 996016
670 104590
671 558286
672 1405013
673 559920
674 797100
675 266364
676 893580
677 1443687
678 191183
679 549937
680 685921
681 349656
682 2140860
683 182771
684 1753653
685 737236
686 1023912
687 641016
688 627071
689 61022
690 2627101
691 757360
692 91497
693 235989
694 61008
695 30516
696 152320
697 821534
698 238416
699 30509
700 91515
701 5136074
702 30514
703 945310
704 1302056
705 2195617
706 352301
707 121861
708 61020
709 30515
710 23935469
711 25474864
712 22844720
713 4172968
714 27826094
715 6864453
716 4978630
717 4961939
718 5910323
719 1979239
720 4329349
721 3942649
722 1305302
723 1732280
724 2377881
725 1094800
726 1940895
727 2330710
728 1962179
729 1958086
730 1069267
731 21727528
732 865217
733 1918583
734 1213467
735 1093895
736 3292688
737 3096791
738 30499
739 1045762
740 765954
741 1081880
742 739832
743 257945
744 1659319
745 716878
746 3376976
747 1978954
748 697590
749 3031716
750 688441
751 947347
752 2257108
753 845059
754 2680751
755 1494992
756 2592594
757 834916
758 317762
759 1435333
760 688224
761 1148517
762 935005
763 1556853
764 934524
765 2111473
766 1069146
767 504617
768 848886
769 1449138
770 3366968
771 143891
772 1096238
773 693543
774 508770
775 1451405
776 172856
777 1057163
778 45145
779 3355903
780 30517
781 464617
782 764649
783 337336
784 1502301
785 741085
786 53185
787 615351
788 3092264
789 1201304
790 2010041
791 46657
792 782117
793 1200939
794 313417
795 519380
796 440998
797 480346
798 2239824
799 486727
800 294453
801 388264
802 2549614
803 21723978
804 98707
805 114676
806 1203940
807 104581
808 421718
809 3978093
810 2652058
811 2210991
812 96990
813 489001
814 121986
815 433844
816 48818
817 1198435
818 42699
819 433322
820 2694066
821 283230
822 60985
823 30511
824 482790
825 751234
826 61030
827 4449889
828 30513
829 20441744
830 20439529
831 29494887
832 4485030
833 26886525
834 4458081
835 4640118
836 1662129
837 10872973
838 711971
839 4906794
840 1537755
841 5295844
842 687050
843 352787
844 1422686
845 10390987
846 122002
847 3159270
848 91516
849 61020
850 30515
851 136218
852 665100
853 1724922
854 2052145
855 3147599
856 1333702
857 91502
858 825706
859 91518
860 344564
861 61022
862 646470
863 464814
864 30516
865 182889
866 8934129
867 415453
868 631127
869 4688517
870 61022
871 493003
872 1478423
873 30516
874 65647
875 53284
876 152430
877 3963784
878 30509
879 3274862
880 7861728
881 121961
882 218254
883 63422
884 692315
885 3207433
886 753735
887 92023
888 91484
889 1471235
890 5211972
891 60999
892 30509
893 1442482
894 1797450
895 1512919
896 30504
897 7842768
898 602194
899 274289
900 188010
901 1207311
902 2047128
903 206358
904 446842
905 91514
906 4410915
907 127307
908 1087786
909 184624
910 178609
911 969424
912 6005983
913 571899
914 4628582
915 1533150
916 151188
917 3182185
918 1657133
919 4071902
920 156384
921 2710631
922 135545
923 479111
924 541794
925 4568350
926 164862
927 61020
928 286920
929 53936
930 1439652
931 91518
932 243853
933 61022
934 1058969
935 368661
936 3411376
937 30509
938 2745202
939 204832
940 1530872
941 1702201
942 2728811
943 30516
944 388800
945 61022
946 213452
947 23156507
948 23146984
949 28133432
950 6030157
951 16905529
952 6026714
953 10658681
954 298740
955 273743
956 5485675
957 558107
958 230445
959 1996139
960 5468505
961 204078
962 193960
963 1981810
964 1975121
965 1934188
966 5452432
967 311204
968 30519
969 525218
970 30525
971 319689
972 272240
973 5549225
974 3664566
975 507580
976 182949
977 15595743
978 1681524
979 492838
980 152482
981 319138
982 11790081
983 122005
984 1578967
985 1754488
986 261051
987 287896
988 1646661
989 91518
990 429642
991 226659
992 402789
993 128216
994 61022
995 717560
996 357389
997 365539
998 1248086
999 91520
1000 604484
1001 1441846
1002 413356
1003 3610348
1004 578588
1005 234787
1006 3655297
1007 335128
1008 91520
1009 5151600
1010 61038
1011 304753
1012 30525
1013 3574747
1014 178478
1015 673756
1016 140260
1017 30524
1018 854905
1019 30504
1020 5077099
1021 30516
1022 3524305
1023 61040
1024 468490
1025 802508
1026 109794
1027 4402797
1028 1083547
1029 134116
1030 79329
1031 103647
1032 61023
1033 1783410
1034 30512
1035 73182
1036 2766333
1037 553780
1038 64382
1039 42728
1040 61023
1041 30567
1042 30525
1043 48862
1044 11766361
1045 744402
1046 2278124
1047 30517
1048 56789
1049 1550359
1050 5711277
1051 1591038
1052 1240115
1053 1056808
1054 3989834
1055 3980131
1056 30516
1057 3819215
1058 2797577
1059 2670788
1060 1118177
1061 1239281
1062 1090639
1063 546026
1064 3031695
1065 8814169
1066 8794994
1067 2313753
1068 1480117
1069 271681
1070 949962
1071 1046311
1072 39501
1073 272218
1074 1078283
1075 2186356
1076 358267
1077 147273
1078 1011412
1079 4747827
1080 809446
1081 356092
1082 63003
1083 42015
1084 106448
1085 2775444
1086 91497
1087 270489
1088 40014
1089 30508
1090 60088
1091 61008
1092 918443
1093 30509
1094 365078
1095 990188
1096 121962
1097 2746880
1098 247101
1099 582874
1100 1994787
1101 30505
1102 2021493
1103 1168577
1104 565714
1105 60991
1106 30490
1107 61017
1108 2719527
1109 272385
1110 30496
1111 220487
1112 550282
1113 492661
1114 185373
1115 3083796
1116 2693237
1117 2710461
1118 204847
1119 395561
1120 236964
1121 69279
1122 368754
1123 30514
1124 2390678
1125 810737
1126 1983920
1127 61020
1128 452396
1129 444577
1130 439432
1131 91505
1132 787174
1133 341863
1134 182011
1135 61009
1136 30515
1137 30503
1138 48682
1139 322434
1140 30513
1141 330534
1142 151980
1143 284214
1144 575251
1145 350269
1146 30511
1147 341378
1148 1573688
1149 472549
1150 573344
1151 253652
1152 883069
1153 277847
1154 319699
1155 861309
1156 817776
1157 366477
1158 446182
1159 258871
1160 126490
1161 30514
1162 247696
1163 278569
1164 178275
1165 147843
1166 521556
1167 30511
1168 250377
1169 232468
1170 1359956
1171 138201
1172 544754
1173 274225
1174 1486124
1175 495144
1176 181436
1177 138585
1178 30512
1179 243855
1180 439040
1181 121412
1182 410651
1183 144915
1184 91502
1185 307124
1186 148154
1187 165763
1188 151200
1189 97880
1190 138498
1191 716697
1192 45697
1193 194206
1194 51735
1195 117968
1196 152076
1197 1386476
1198 91999
1199 61711
1200 993465
1201 182048
1202 114135
1203 683719
1204 565311
1205 967435
1206 134471
1207 38521
1208 104976
1209 999027
1210 113753
1211 30524
1212 920314
1213 948879
1214 136283
1215 210926
1216 1638650
1217 2196803
1218 737186
1219 193466
1220 4226694
1221 164321
1222 2275033
1223 4188519
1224 486070
1225 4905544
1226 4192407
1227 102610
1228 4841126
1229 1339581
1230 917607
1231 78242
1232 2064208
1233 4200810
1234 1403319
1235 1017632
1236 363309
1237 1440391
1238 2028442
1239 4842281
1240 2210919
1241 670884
1242 213720
1243 197364
1244 30524
1245 1986230
1246 337465
1247 4533972
1248 661302
1249 1428925
1250 190934
1251 67732
1252 209342
1253 359529
1254 2209048
1255 194298
1256 4644758
1257 674756
1258 1513711
1259 135564
1260 109514
1261 2220362
1262 988625
1263 3167384
1264 1062077
1265 560428
1266 4137014
1267 749812
1268 656341
1269 77001
1270 3659298
1271 516245
1272 4704030
1273 111431
1274 2855783
1275 2429356
1276 473001
1277 684791
1278 930358
1279 886602
1280 64716
1281 770976
1282 62316
1283 98391
1284 485775
1285 3472519
1286 1130224
1287 3248469
1288 276093
1289 113860
1290 1184763
1291 1787170
1292 3517757
1293 2290240
1294 1683067
1295 257440
1296 441568
1297 638902
1298 3274058
1299 99362
1300 60283
1301 1999351
1302 70497
1303 643161
1304 72083
1305 608331
1306 53040
1307 1219955
1308 37307
1309 738269
1310 59277
1311 92036
1312 1952628
1313 552450
1314 68297
1315 734555
1316 66947
1317 1155769
1318 524846
1319 1030982
1320 498813
1321 65972
1322 728887
1323 1036919
1324 1166350
1325 474950
1326 740727
1327 75603
1328 1247900
1329 279811
1330 1165591
1331 64767
1332 109542
1333 170204
1334 456183
1335 96970
1336 1142762
1337 30474
1338 53383
1339 1131397
1340 81305
1341 444022
1342 88320
1343 1124378
1344 250601
1345 59531
1346 436132
1347 96325
1348 1218725
1349 841840
1350 61035
1351 1104022
1352 30522
1353 621595
1354 392776
1355 215050
1356 1129554
1357 101116
1358 209662
1359 432525
1360 89086
1361 76288
1362 1139796
1363 91537
1364 549919
1365 30524
1366 1674249
1367 61033
1368 399185
1369 1152949
1370 242361
1371 214632
1372 1213279
1373 30520
1374 246296
1375 139552
1376 30524
1377 142188
1378 60999
1379 999285
1380 435944
1381 1614618
1382 498414
1383 145785
1384 488043
1385 449461
1386 150807
1387 1214020
1388 834675
1389 70015
1390 30505
1391 82133
1392 450696
1393 1969456
1394 465107
1395 165147
1396 30515
1397 61039
1398 776069
1399 77222
1400 338523
1401 2620238
1402 771190
1403 2842298
1404 753647
1405 1582925
1406 61040
1407 601545
1408 982456
1409 326825
1410 945044
1411 30525
1412 268017
1413 30524
1414 304051
1415 3013171
1416 158331
1417 736013
1418 285107
1419 228139
1420 955766
1421 182951
1422 30513
1423 91499
1424 61016
1425 30513
1426 213379
1427 30511
1428 901070
1429 833358
1430 900251
1431 622389
1432 334516
1433 88980
1434 58488
1435 30502
1436 781622
1437 227029
1438 91504
1439 30509
1440 30510
1441 633144
1442 595245
1443 1381162
1444 741707
1445 159823
1446 1350846
1447 193260
1448 1545112
1449 296732
1450 1289135
1451 1332561
1452 91434
1453 60959
1454 30506
1455 1316619
1456 30484
1457 91503
1458 983357
1459 1488280
1460 1978357
1461 728459
1462 2067518
1463 152371
1464 61012
1465 1291715
1466 121914
1467 645963
1468 335089
1469 91448
1470 243811
1471 743313
1472 60974
1473 152424
1474 30492
1475 30514
1476 617678
1477 30511
1478 61000
1479 61002
1480 1215494
1481 30505
1482 121958
1483 30505
1484 91483
1485 60998
1486 590140
1487 1222215
1488 30504
1489 678352
1490 2096935
1491 723350
1492 585350
1493 459584
1494 61010
1495 30510
1496 2357200
1497 684954
1498 597872
1499 669170
1500 1556433
1501 162040
1502 121984
1503 411021
1504 166806
1505 30515
1506 737802
1507 639097
1508 91501
1509 458767
1510 391891
1511 392415
1512 61019
1513 352665
1514 464881
1515 61007
1516 473161
1517 334995
1518 183128
1519 30514
1520 665253
1521 787635
1522 736164
1523 304621
1524 207519
1525 391090
1526 274377
1527 146236
1528 30513
1529 61015
1530 103553
1531 30512
1532 30505
1533 265477
1534 508844
1535 76163
1536 396731
1537 46270
1538 30512
1539 304539
1540 91427
1541 60961
1542 121889
1543 30484
1544 334816
1545 60963
1546 365214
1547 30485
1548 30486
1549 451185
1550 56245
1551 60959
1552 32024
1553 37279
1554 30484
1555 66742
1556 97023
1557 4418082
1558 4335038
1559 3537398
1560 1137331
1561 2397894
1562 2823893
1563 266797
1564 1130353
1565 3038193
1566 277818
1567 1140333
1568 241002
1569 3571895
1570 2769899
1571 2108423
1572 2543134
1573 2489722
1574 30523
1575 220244
1576 71841
1577 1194370
1578 2508920
1579 499009
1580 2922228
1581 2864618
1582 2670012
1583 50382
1584 2869292
1585 204934
1586 130237
1587 573135
1588 1381392
1589 781076
1590 217750
1591 296951
1592 2355655
1593 93930
1594 59689
1595 87577
1596 269125
1597 562098
1598 2349534
1599 84351
1600 182442
1601 4150411
1602 90226
1603 34698
1604 145082
1605 44262
1606 524330
1607 217175
1608 2356661
1609 63250
1610 2057122
1611 120706
1612 685788
1613 537550
1614 691576
1615 52258
1616 136818
1617 334534
1618 109869
1619 169884
1620 2474571
1621 903571
1622 96609
1623 2492005
1624 99733
1625 130237
1626 1181528
1627 831324
1628 171580
1629 412852
1630 407259
1631 4125768
1632 193154
1633 211325
1634 173674
1635 539520
1636 1315968
1637 782249
1638 431286
1639 351800
1640 323581
1641 166627
1642 2050463
1643 147227
1644 837548
1645 186166
1646 389608
1647 492951
1648 2336843
1649 158713
1650 52759
1651 2646996
1652 129919
1653 323556
1654 2578210
1655 954524
1656 367640
1657 3265550
1658 73820
1659 858501
1660 529849
1661 368681
1662 54960
1663 259791
1664 938691
1665 2692185
1666 1063505
1667 86605
1668 527359
1669 922560
1670 2334763
1671 399408
1672 392492
1673 846809
1674 164326
1675 338122
1676 251046
1677 1528475
1678 617642
1679 315234
1680 134386
1681 539010
1682 601104
1683 1424390
1684 66356
1685 1266290
1686 177380
1687 46693
1688 258854
1689 89137
1690 160120
1691 576985
1692 1876132
1693 77899
1694 583739
1695 739565
1696 635902
1697 609262
1698 132985
1699 632879
1700 1845410
1701 97313
1702 700527
1703 186258
1704 791968
1705 421211
1706 5153932
1707 5820391
1708 30519
1709 2060385
1710 5713150
1711 741212
1712 30517
1713 538188
1714 347880
1715 2710443
1716 540155
1717 6943891
1718 3887919
1719 457249
1720 122011
1721 91520
1722 61019
1723 30509
1724 1755750
1725 2780009
1726 70994
1727 1978608
1728 3428826
1729 2088793
1730 318867
1731 308159
1732 815998
1733 765920
1734 5342635
1735 274709
1736 4171115
1737 204188
1738 187913
1739 593800
1740 250059
1741 4816403
1742 472117
1743 940240
1744 3261033
1745 4754512
1746 3020194
1747 249094
1748 417540
1749 198264
1750 99604
1751 135767
1752 78525
1753 66530
1754 775896
1755 4760281
1756 804313
1757 48079
1758 1135533
1759 3739928
1760 82507
1761 1161127
1762 827652
1763 3222660
1764 1481057
1765 487173
1766 65088
1767 1137114
1768 831642
1769 304610
1770 765199
1771 1090712
1772 159616
1773 1132345
1774 121846
1775 293505
1776 766953
1777 403052
1778 1134314
1779 677144
1780 152444
1781 1159742
1782 119605
1783 361912
1784 191083
1785 594149
1786 671128
1787 100834
1788 118311
1789 576990
1790 1058705
1791 99518
1792 122634
1793 345784
1794 117819
1795 48467
1796 49258
1797 300432
1798 141681
1799 391876
1800 68774
1801 268807
1802 2733489
1803 4960998
1804 598533
1805 2609557
1806 4556510
1807 614964
1808 2573752
1809 6008621
1810 4538682
1811 588358
1812 4158813
1813 4066304
1814 3725189
1815 30516
1816 1788567
1817 91499
1818 1806462
1819 601496
1820 527996
1821 61008
1822 4977220
1823 4005936
1824 30508
1825 2409949
1826 78303
1827 567208
1828 133626
1829 30513
1830 103625
1831 5059882
1832 3297327
1833 1825300
1834 3860781
1835 3242511
1836 7252041
1837 1006024
1838 136503
1839 2125709
1840 2538978
1841 121368
1842 72461
1843 89372
1844 31858
1845 91519
1846 568968
1847 1127530
1848 61023
1849 1109433
1850 3802364
1851 2063562
1852 330186
1853 30516
1854 180901
1855 91882
1856 1423176
1857 216217
1858 2158661
1859 30516
1860 91496
1861 301126
1862 60980
1863 114374
1864 1100831
1865 774500
1866 61006
1867 1986755
1868 283926
1869 3107360
1870 3231353
1871 123859
1872 1043941
1873 83961
1874 65104
1875 3698092
1876 11793440
1877 50802
1878 279400
1879 48196
1880 30495
1881 808271
1882 97804
1883 91524
1884 30516
1885 30507
1886 8228604
1887 181445
1888 61020
1889 2084495
1890 63819
1891 1600225
1892 61028
1893 205562
1894 426401
1895 3061248
1896 428152
1897 822292
1898 92815
1899 64479
1900 30515
1901 109738
1902 254143
1903 828637
1904 177673
1905 91518
1906 335143
1907 61021
1908 277344
1909 85560
1910 30515
1911 441968
1912 253956
1913 158994
1914 112694
1915 233495
1916 152476
1917 30511
1918 389763
1919 122000
1920 197815
1921 464857
1922 265463
1923 91513
1924 518624
1925 61020
1926 114045
1927 99598
1928 30516
1929 171612
1930 334964
1931 30513
1932 83189
1933 61017
1934 508333
1935 55138
1936 151614
1937 30515
1938 61024
1939 30513
1940 509057
1941 103572
1942 160779
1943 293035
1944 237559
1945 123870
1946 30517
1947 229238
1948 143613
1949 30510
1950 130608
1951 30515
1952 30516
1953 2761637
1954 140712
1955 438427
1956 354350
1957 303675
1958 157064
1959 412311
1960 363758
1961 2595818
1962 410348
1963 213443
1964 209345
1965 196035
1966 182979
1967 278183
1968 152505
1969 173183
1970 2990000
1971 281714
1972 156518
1973 3016541
1974 516988
1975 2122058
1976 237750
1977 350310
1978 213650
1979 89849
1980 182529
1981 3461532
1982 300257
1983 122021
1984 123199
1985 296115
1986 91530
1987 119043
1988 442004
1989 61029
1990 107764
1991 152538
1992 30519
1993 256385
1994 61029
1995 204309
1996 220899
1997 61031
1998 175642
1999 279115
2000 287308
2001 323314
2002 203133
2003 295786
2004 3458857
2005 54849
2006 91549
2007 213467
2008 932792
2009 3324185
2010 30524
2011 271976
2012 117285
2013 30524
2014 232044
2015 182429
2016 598674
2017 30555
2018 952557
2019 61037
2020 30517
2021 30525
2022 129860
2023 122025
2024 30517
2025 2172829
2026 122021
2027 639495
2028 422761
2029 940123
2030 400437
2031 650525
2032 129494
2033 1795889
2034 1205255
2035 1006557
2036 512422
2037 1203723
2038 113316
2039 4241170
2040 444256
2041 1209499
2042 465546
2043 477808
2044 585095
2045 612550
2046 173913
2047 3201764
2048 247975
2049 1016662
2050 98082
2051 1947147
2052 574743
2053 118232
2054 549553
2055 4198267
2056 111475
2057 2737852
2058 106775
2059 116587
2060 71691
2061 452247
2062 82743
2063 90429
2064 2701406
2065 738861
2066 843771
2067 130376
2068 698969
2069 2279279
2070 123077
2071 69156
2072 2383907
2073 3453046
2074 134413
2075 1350887
2076 50403
2077 49945
2078 871674
2079 743795
2080 175079
2081 958390
2082 65699
2083 320771
2084 124800
2085 1767830
2086 61018
2087 172899
2088 72356
2089 130628
2090 445231
2091 321710
2092 538493
2093 113555
2094 1456948
2095 228688
2096 2747452
2097 237095
2098 30512
2099 927118
2100 1107137
2101 1031180
2102 232382
2103 489529
2104 55102
2105 122031
2106 131566
2107 244674
2108 483340
2109 42724
2110 449768
2111 48827
2112 45891
2113 421389
2114 1380525
2115 30526
2116 261264
2117 250397
2118 59721
2119 242969
2120 796069
2121 288354
2122 85471
2123 30525
2124 80280
2125 122176
2126 962599
2127 145155
2128 252964
2129 60237
2130 136436
2131 198200
2132 301241
2133 49577
2134 1851061
2135 95637
2136 242715
2137 257393
2138 1794275
2139 2583013
2140 1404890
2141 91535
2142 1449964
2143 241644
2144 226114
2145 1399554
2146 1181211
2147 1064400
2148 1514302
2149 2263131
2150 1471092
2151 103437
2152 1511739
2153 87223
2154 1145831
2155 937700
2156 116732
2157 2485127
2158 423096
2159 1230736
2160 924747
2161 211054
2162 925504
2163 1698580
2164 58760
2165 219741
2166 4280150
2167 220980
2168 33332
2169 30512
2170 122002
2171 91474
2172 30514
2173 427045
2174 60993
2175 42709
2176 48820
2177 30517
2178 2091810
2179 452818
2180 650170
2181 868049
2182 731596
2183 30501
2184 36582
2185 282722
2186 1892126
2187 621734
2188 61019
2189 274423
2190 988809
2191 184858
2192 136350
2193 699901
2194 30516
2195 595607
2196 4373768
2197 2069415
2198 274859
2199 519298
2200 272522
2201 576852
2202 91071
2203 294971
2204 4623333
2205 30512
2206 30515
2207 124106
2208 321159
2209 616667
2210 30513
2211 367146
2212 30290
2213 94794
2214 30290
2215 129027
2216 1444708
2217 30514
2218 379342
2219 150809
2220 30516
2221 2452010
2222 403169
2223 1488099
2224 91585
2225 427867
2226 185181
2227 239346
2228 30510
2229 4426670
2230 30516
2231 1394961
2232 453537
2233 266258
2234 568976
2235 97059
2236 30517
2237 465475
2238 221536
2239 393775
2240 1663639
2241 30512
2242 465677
2243 480351
2244 548241
2245 30513
2246 113513
2247 30514
2248 30512
2249 388224
2250 372469
2251 518285
2252 1283020
2253 133333
2254 161109
2255 122013
2256 507830
2257 30509
2258 458384
2259 565149
2260 179111
2261 30513
2262 61024
2263 488958
2264 30515
2265 608114
2266 49814
2267 52055
2268 37858
2269 55706
2270 486608
2271 591898
2272 689920
2273 35846
2274 518290
2275 105126
2276 456309
2277 81677
2278 151403
2279 426005
2280 1321007
2281 274337
2282 395707
2283 119603
2284 614027
2285 218181
2286 122589
2287 243895
2288 189606
2289 83223
2290 1457409
2291 93060
2292 167790
2293 154158
2294 1486328
2295 213442
2296 273621
2297 97217
2298 125803
2299 214844
2300 233612
2301 182980
2302 262249
2303 290563
2304 61039
2305 319597
2306 1515635
2307 485811
2308 152508
2309 365440
2310 30525
2311 1545004
2312 465431
2313 204665
2314 1574422
2315 408210
2316 335538
2317 488972
2318 295516
2319 305992
2320 276791
2321 274190
2322 514120
2323 122026
2324 452741
2325 480210
2326 106161
2327 82193
2328 509708
2329 91534
2330 243749
2331 64016
2332 1603919
2333 436123
2334 657988
2335 262763
2336 539368
2337 213455
2338 459747
2339 213313
2340 1633519
2341 51030
2342 2048655
2343 121980
2344 1135607
2345 48805
2346 122028
2347 1414460
2348 681388
2349 1141366
2350 42703
2351 1375602
2352 30512
2353 1154242
2354 55724
2355 152448
2356 569174
2357 182990
2358 1247934
2359 1172254
2360 91535
2361 1201972
2362 182866
2363 37980
2364 121971
2365 710641
2366 171835
2367 161549
2368 91491
2369 662778
2370 152516
2371 42712
2372 61032
2373 30506
2374 78798
2375 59234
2376 163631
2377 334246
2378 1219268
2379 730559
2380 30521
2381 152410
2382 121944
2383 303699
2384 459047
2385 212488
2386 30524
2387 30524
2388 79266
2389 213521
2390 243730
2391 116051
2392 78011
2393 274499
2394 76537
2395 429197
2396 61080
2397 135143
2398 30521
2399 68546
2400 169167
2401 91457
2402 85559
2403 527358
2404 967537
2405 91542
2406 201037
2407 61038
2408 30523
2409 53516
2410 82342
2411 30524
2412 73254
2413 557392
2414 132879
2415 876236
2416 358156
2417 30520
2418 73961
2419 936682
2420 102523
2421 282582
2422 307070
2423 337179
2424 30525
2425 6517846
2426 6169332
2427 367302
2428 224884
2429 6465238
2430 6912923
2431 200195
2432 6137980
2433 193358
2434 6284771
2435 6391028
2436 6198022
2437 1269175
2438 70867
2439 3194680
2440 1254522
2441 356883
2442 303009
2443 3204755
2444 316600
2445 6408182
2446 5264789
2447 335412
2448 3106482
2449 59022
2450 3095464
2451 1243837
2452 1242448
2453 5138851
2454 316385
2455 135234
2456 245628
2457 5059126
2458 1237998
2459 275624
2460 335521
2461 301320
2462 2326146
2463 795296
2464 63636
2465 217534
2466 294615
2467 260418
2468 1315931
2469 249342
2470 177980
2471 995998
2472 249410
2473 2707158
2474 235468
2475 2464893
2476 227115
2477 220879
2478 777170
2479 1291711
2480 3607091
2481 245971
2482 268370
2483 830925
2484 501612
2485 193504
2486 2772236
2487 421116
2488 167345
2489 277787
2490 122035
2491 142048
2492 147698
2493 277938
2494 120373
2495 2821970
2496 992180
2497 349468
2498 2420606
2499 149795
2500 529471
2501 770290
2502 341633
2503 539462
2504 319210
2505 91510
2506 61016
2507 609741
2508 30513
2509 60830
2510 139131
2511 287531
2512 213385
2513 143227
2514 996984
2515 1557468
2516 80091
2517 62259
2518 990817
2519 73748
2520 30508
2521 960231
2522 182938
2523 103867
2524 1578722
2525 79302
2526 906945
2527 73194
2528 48822
2529 30527
2530 42712
2531 30502
2532 847183
2533 838885
2534 1274899
2535 783810
2536 939367
2537 775394
2538 773042
2539 2015001
2540 2511380
2541 1695047
2542 1570458
2543 1710954
2544 1711318
2545 1732253
2546 1729353
2547 1613054
2548 3227457
2549 1748285
2550 3175429
2551 819220
2552 839333
2553 1922945
2554 1881083
2555 819133
2556 2854625
2557 945587
2558 788968
2559 1301371
2560 70983
2561 1139142
2562 122633
2563 853087
2564 758706
2565 806469
2566 198281
2567 1280714
2568 180544
2569 1202910
2570 61002
2571 2849744
2572 76164
2573 728436
2574 1758812
2575 91488
2576 192925
2577 43221
2578 2414320
2579 549714
2580 185502
2581 42548
2582 30505
2583 874556
2584 698155
2585 61001
2586 231386
2587 2214923
2588 870975
2589 231341
2590 561584
2591 667864
2592 61007
2593 30505
2594 30508
2595 890398
2596 1205375
2597 637563
2598 2303605
2599 91501
2600 60992
2601 61010
2602 514993
2603 30510
2604 4219429
2605 881764
2606 607254
2607 1665445
2608 1907667
2609 518258
2610 729581
2611 1284923
2612 576938
2613 542716
2614 30500
2615 1217535
2616 1615218
2617 546611
2618 810751
2619 884827
2620 862679
2621 848140
2622 843141
2623 30494
2624 91457
2625 30494
2626 121920
2627 182848
2628 243729
2629 30499
2630 30500
2631 526237
2632 337890
2633 282819
2634 60991
2635 30499
2636 78527
2637 30506
2638 46085
2639 89524
2640 30507
2641 219333
2642 189011
2643 48898
2644 121969
2645 48866
2646 48800
2647 42702
2648 61018
2649 30506
2650 30516
2651 91523
2652 30516
2653 115780
2654 85346
2655 61001
2656 42742
2657 42752
2658 67117
2659 97567
2660 128015
2661 122002
2662 30515
2663 61020
2664 30515
2665 30517
2666 30423
2667 60838
2668 121649
2669 30426
2670 182422
2671 30426
2672 212770
2673 243128
2674 273479
2675 303820
2676 334151
2677 364476
2678 394853
2679 425220
2680 455580
2681 485932
2682 516275
2683 30507
2684 30509
2685 496396
2686 529696
2687 182923
2688 152458
2689 385595
2690 121986
2691 91506
2692 36607
2693 36614
2694 383104
2695 175678
2696 200194
2697 91534
2698 65801
2699 50049
2700 30503
2701 60999
2702 842832
2703 766352
2704 751365
2705 30502
2706 1185620
2707 1209179
2708 1162379
2709 1139593
2710 1126432
2711 1123328
2712 1287572
2713 933884
2714 910970
2715 550442
2716 1233540
2717 1021588
2718 760481
2719 30523
2720 229083
2721 873645
2722 205850
2723 166986
2724 1258822
2725 167831
2726 152509
2727 1072561
2728 183829
2729 1284550
2730 1324086
2731 122026
2732 91534
2733 61032
2734 30521
2735 1310727
2736 1706141
2737 637562
2738 680632
2739 1142031
2740 609740
2741 274360
2742 476640
2743 1126449
2744 243916
2745 1110626
2746 213462
2747 485634
2748 164531
2749 1174894
2750 582727
2751 185567
2752 557574
2753 152216
2754 30524
2755 182997
2756 442950
2757 534737
2758 118239
2759 30522
2760 86599
2761 403121
2762 1162729
2763 274850
2764 152523
2765 1244405
2766 30522
2767 1263396
2768 1129357
2769 30523
2770 549394
2771 430693
2772 257286
2773 30522
2774 385494
2775 1484651
2776 30522
2777 187257
2778 1263143
2779 321394
2780 122044
2781 1833683
2782 122038
2783 91544
2784 30524
2785 61038
2786 30524
2787 290061
2788 30525
2789 36627
2790 30523
2791 30523
2792 128074
2793 152512
2794 588382
2795 431940
2796 1176363
2797 205494
2798 425036
2799 30524
2800 91544
2801 30523
2802 140835
2803 30525
2804 36626
2805 42730
2806 294393
2807 1263535
2808 549024
2809 30523
2810 196683
2811 543781
2812 1325991
2813 120501
2814 91528
2815 1187783
2816 185141
2817 191528
2818 436468
2819 61029
2820 30524
2821 30519
2822 61037
2823 30519
2824 243794
2825 30506
2826 426370
2827 182882
2828 152428
2829 121962
2830 91486
2831 61000
2832 30505
2833 152426
2834 121960
2835 91484
2836 60997
2837 30504
2838 2920161
2839 3017490
2840 3025701
2841 96964
2842 72009
2843 3050025
2844 52532
2845 1755403
2846 49759
2847 61037
2848 3074749
2849 30523
2850 1751706
2851 64846
2852 1762249
2853 101102
2854 86764
2855 98929
2856 83375
2857 1703831
2858 234304
2859 30524
2860 1764714
2861 91186
2862 495448
2863 488230
2864 415402
2865 108562
2866 91527
2867 61027
2868 30518
2869 268094
2870 249414
2871 205961
2872 122034
2873 30524
2874 61029
2875 30526
2876 30527
2877 1496997
2878 187976
2879 30525
2880 30525
2881 284709
2882 745567
2883 30524
2884 335235
2885 91540
2886 154473
2887 30523
2888 36627
2889 122033
2890 42724
2891 54931
2892 36628
2893 130873
2894 917738
2895 30524
2896 30525
2897 30456
2898 60903
2899 182623
2900 212991
2901 91342
2902 243444
2903 60905
2904 273887
2905 30457
2906 456552
2907 486701
2908 152506
2909 122023
2910 91529
2911 61029
2912 30519
2913 122008
2914 48792
2915 42740
2916 30518
2917 274386
2918 308858
2919 122028
2920 61029
2921 30519
2922 30519
2923 30503
2924 30524
2925 414481
2926 730526
2927 412899
2928 168795
2929 326402
2930 564988
2931 2532299
2932 2509369
2933 573796
2934 308866
2935 237036
2936 2352261
2937 304741
2938 805820
2939 2210682
2940 251666
2941 2357578
2942 292512
2943 2259246
2944 304313
2945 881255
2946 637561
2947 322765
2948 415176
2949 2275787
2950 193441
2951 365434
2952 2366805
2953 991184
2954 799522
2955 130644
2956 30524
2957 196523
2958 2381232
2959 91539
2960 335029
2961 119955
2962 2399616
2963 61036
2964 877977
2965 2433451
2966 934428
2967 304657
2968 30523
2969 151103
2970 975538
2971 1026188
2972 61037
2973 1040155
2974 795454
2975 134699
2976 1064650
2977 30507
2978 764059
2979 326965
2980 30522
2981 1252383
2982 192742
2983 332777
2984 646678
2985 735722
2986 939786
2987 61039
2988 668611
2989 1771164
2990 634504
2991 243772
2992 30524
2993 157359
2994 213374
2995 337328
2996 80905
2997 30521
2998 116138
2999 142402
3000 61270
3001 1555279
3002 61006
3003 121965
3004 30507
3005 431276
3006 105842
3007 137096
3008 30506
3009 67104
3010 1209038
3011 75372
3012 30506
3013 53236
3014 61001
3015 48818
3016 782064
3017 428984
3018 30504
3019 40121
3020 96636
3021 422248
3022 59520
3023 102035
3024 52340
3025 73914
3026 1495870
3027 77171
3028 85899
3029 764307
3030 84053
3031 63461
3032 140420
3033 69459
3034 448482
3035 853659
3036 171353
3037 1476197
3038 587310
3039 352353
3040 213118
3041 133584
3042 158482
3043 30520
3044 136030
3045 150598
3046 116272
3047 106832
3048 30523
3049 169204
3050 61024
3051 30509
3052 576123
3053 438724
3054 60993
3055 30501
3056 30520
3057 30525
3058 194527
3059 133687
3060 30524
3061 91391
3062 30524
3063 89823
3064 30523
3065 30524
3066 30522
3067 30524
3068 201292
3069 600805
3070 161910
3071 171525
3072 1115670
3073 154592
3074 30523
3075 624173
3076 727757
3077 313041
3078 188456
3079 1105282
3080 212674
3081 379469
3082 84150
3083 149867
3084 143603
3085 896231
3086 61035
3087 738897
3088 891667
3089 445116
3090 391573
3091 293393
3092 143397
3093 375768
3094 147635
3095 735206
3096 454152
3097 180606
3098 61039
3099 30522
3100 250496
3101 160803
3102 448522
3103 30519
3104 205815
3105 733644
3106 363105
3107 30525
3108 112916
3109 353040
3110 263035
3111 1068235
3112 30525
3113 348428
3114 479672
3115 944054
3116 2433013
3117 90131
3118 55539
3119 87269
3120 2890552
3121 52147
3122 2430708
3123 1465347
3124 145400
3125 59945
3126 3182092
3127 61038
3128 58188
3129 1009727
3130 3726698
3131 1442116
3132 80092
3133 2531810
3134 1935307
3135 1392942
3136 29098
3137 1379786
3138 2205001
3139 1340164
3140 116339
3141 30524
3142 30513
3143 87268
3144 30520
3145 1333102
3146 2685215
3147 491522
3148 1385744
3149 486198
3150 2014124
3151 147127
3152 594266
3153 58188
3154 165818
3155 579902
3156 1691238
3157 411317
3158 155452
3159 2691681
3160 697180
3161 475857
3162 747179
3163 1713487
3164 173199
3165 226959
3166 122031
3167 30523
3168 1663134
3169 48829
3170 91524
3171 42721
3172 928023
3173 226915
3174 30521
3175 215028
3176 331816
3177 195671
3178 61021
3179 152510
3180 250121
3181 1931797
3182 251807
3183 29098
3184 270989
3185 30515
3186 347150
3187 293237
3188 30521
3189 30520
3190 91538
3191 30521
3192 1478307
3193 1303158
3194 1465637
3195 122023
3196 91531
3197 30522
3198 1292152
3199 61030
3200 30520
3201 1338022
3202 1234391
3203 1232272
3204 1235052
3205 152474
3206 121992
3207 91504
3208 1241468
3209 61013
3210 30511
3211 1250074
3212 1260820
3213 1915241
3214 1466929
3215 1104162
3216 1074090
3217 1481703
3218 1044026
3219 1497567
3220 1015982
3221 365577
3222 335166
3223 1514330
3224 622370
3225 304746
3226 592242
3227 1531748
3228 274347
3229 562148
3230 2223373
3231 532083
3232 2464850
3233 2738605
3234 502079
3235 382536
3236 140245
3237 2615776
3238 472127
3239 103700
3240 109774
3241 2632972
3242 442231
3243 753627
3244 79304
3245 412382
3246 352237
3247 382567
3248 352792
3249 328312
3250 309209
3251 48829
3252 295479
3253 287175
3254 279242
3255 276981
3256 480406
3257 723600
3258 285587
3259 42736
3260 300072
3261 693634
3262 322034
3263 61027
3264 291927
3265 316008
3266 79317
3267 333361
3268 663723
3269 351864
3270 371137
3271 633861
3272 464367
3273 261915
3274 458889
3275 604262
3276 574912
3277 390683
3278 410512
3279 652190
3280 545586
3281 430498
3282 516285
3283 575924
3284 486997
3285 457723
3286 274062
3287 231950
3288 257930
3289 227767
3290 255248
3291 236482
3292 202007
3293 217794
3294 204778
3295 201007
3296 180077
3297 197417
3298 195875
3299 204580
3300 218284
3301 233964
3302 172124
3303 142317
3304 112572
3305 82918
3306 167206
3307 30523
3308 1032716
3309 791043
3310 401102
3311 202895
3312 216413
3313 30525
3314 91364
3315 60917
3316 30460
3317 182684
3318 60925
3319 30468
3320 180234
3321 231663
3322 166413
3323 30518
3324 2740485
3325 30523
3326 30523
3327 91546
3328 30523
3329 30523
3330 59636
3331 497331
3332 522446
3333 474177
3334 458496
3335 30522
3336 437506
3337 84513
3338 30524
3339 39637
3340 46656
3341 1838334
3342 1787128
3343 1765353
3344 1934351
3345 426269
3346 396014
3347 91477
3348 1693105
3349 1714714
3350 36591
3351 274354
3352 30494
3353 121998
3354 122002
3355 30518
3356 67107
3357 36615
3358 91516
3359 61020
3360 30515
3361 1587633
3362 4428155
3363 175689
3364 4312456
3365 71884
3366 53798
3367 308134
3368 88473
3369 3020582
3370 63064
3371 90259
3372 471515
3373 40058
3374 191192
3375 50932
3376 40110
3377 63602
3378 30525
3379 4311449
3380 44925
3381 114065
3382 72698
3383 625755
3384 63406
3385 169014
3386 88446
3387 3648691
3388 3984840
3389 243870
3390 371884
3391 213441
3392 148786
3393 30518
3394 152499
3395 3893744
3396 276390
3397 261880
3398 3160699
3399 91524
3400 149548
3401 30517
3402 91545
3403 30517
3404 101831
3405 30523
3406 30516
3407 30523
3408 61030
3409 155338
3410 864767
3411 469873
3412 30518
3413 3135459
3414 30525
3415 241509
3416 296121
3417 533363
3418 3140681
3419 61036
3420 252869
3421 30523
3422 4395281
3423 61039
3424 1536894
3425 1604461
3426 30524
3427 2286856
3428 798398
3429 861046
3430 593656
3431 1268591
3432 793065
3433 1033265
3434 1371097
3435 243762
3436 91538
3437 267140
3438 896695
3439 1263374
3440 391387
3441 1316969
3442 530478
3443 45928
3444 61034
3445 30519
3446 692961
3447 387001
3448 806452
3449 2804789
3450 2652667
3451 2640343
3452 1793578
3453 91530
3454 1681415
3455 152491
3456 1544699
3457 122009
3458 91518
3459 61029
3460 61017
3461 30519
3462 1258180
3463 30510
3464 298962
3465 326695
3466 169083
3467 192356
3468 161040
3469 162167
3470 158534
3471 170060
3472 1234434
3473 195219
3474 236135
3475 975807
3476 208086
3477 132253
3478 187654
3479 949878
3480 213412
3481 276424
3482 230886
3483 107543
3484 152353
3485 1548428
3486 121875
3487 1146032
3488 182950
3489 91389
3490 60892
3491 152478
3492 30517
3493 121997
3494 471198
3495 1159277
3496 30450
3497 1196323
3498 396247
3499 850392
3500 406250
3501 91509
3502 873407
3503 1366189
3504 61016
3505 897215
3506 30512
3507 906705
3508 895158
3509 905614
3510 1150058
3511 410576
3512 268150
3513 239370
3514 254514
3515 667500
3516 90636
3517 255237
3518 161274
3519 407315
3520 278752
3521 1241076
3522 542588
3523 84852
3524 273421
3525 521111
3526 58548
3527 421266
3528 1189577
3529 1179690
3530 4196240
3531 504497
3532 541656
3533 2283398
3534 494286
3535 816628
3536 3427827
3537 100558
3538 197650
3539 2531968
3540 154034
3541 1025577
3542 507244
3543 3497539
3544 287089
3545 751804
3546 726236
3547 136814
3548 525452
3549 990384
3550 96242
3551 1464321
3552 128455
3553 227788
3554 1401744
3555 3568998
3556 69138
3557 178121
3558 81935
3559 257617
3560 62288
3561 233893
3562 228454
3563 193281
3564 81234
3565 199843
3566 89902
3567 2035896
3568 1219997
3569 30523
3570 91355
3571 439246
3572 60851
3573 345716
3574 30430
3575 465625
3576 492721
3577 520486
3578 1384854
3579 446065
3580 1392630
3581 464342
3582 891090
3583 1003564
3584 273646
3585 872411
3586 2149898
3587 85395
3588 65312
3589 771178
3590 1850972
3591 60883
3592 741206
3593 243202
3594 284691
3595 73404
3596 301745
3597 711379
3598 212748
3599 442829
3600 182285
3601 276863
3602 151813
3603 681778
3604 248128
3605 121332
3606 653470
3607 333719
3608 88921
3609 90840
3610 58477
3611 478247
3612 318210
3613 530765
3614 122018
3615 45282
3616 91523
3617 38294
3618 44898
3619 61019
3620 42678
3621 61039
3622 30506
3623 708359
3624 66079
3625 565346
3626 144554
3627 122028
3628 154703
3629 94745
3630 434521
3631 756295
3632 339469
3633 183993
3634 653403
3635 91534
3636 683745
3637 417544
3638 397342
3639 803596
3640 804553
3641 271692
3642 465298
3643 149534
3644 251673
3645 424599
3646 81209
3647 37362
3648 30524
3649 685203
3650 856326
3651 101845
3652 61031
3653 30524
3654 30520
3655 1097578
3656 1187300
3657 192118
3658 730815
3659 208620
3660 1208836
3661 232861
3662 473831
3663 598285
3664 529848
3665 1465333
3666 168144
3667 258136
3668 270642
3669 138067
3670 30473
3671 234736
3672 242835
3673 286281
3674 108001
3675 1584841
3676 914724
3677 1601474
3678 83404
3679 30524
3680 116732
3681 65126
3682 181907
3683 251419
3684 59784
3685 395757
3686 72527
3687 284240
3688 163022
3689 499677
3690 475186
3691 479480
3692 428930
3693 785637
3694 542979
3695 562559
3696 564643
3697 161064
3698 580645
3699 642761
3700 431200
3701 458093
3702 694020
3703 428891
3704 426021
3705 160517
3706 144865
3707 439053
3708 91520
3709 61018
3710 366377
3711 156602
3712 364775
3713 30514
3714 625938
3715 30515
3716 458927
3717 633921
3718 1240918
3719 527024
3720 993101
3721 1161452
3722 383690
3723 221492
3724 187195
3725 401667
3726 214396
3727 184902
3728 52789
3729 470255
3730 986228
3731 342908
3732 238756
3733 467246
3734 342193
3735 755933
3736 114765
3737 30523
3738 1952435
3739 1432819
3740 803132
3741 1928677
3742 839629
3743 193964
3744 152609
3745 46044
3746 1442517
3747 1923802
3748 171404
3749 416078
3750 1448725
3751 183003
3752 1379103
3753 30525
3754 433189
3755 2239553
3756 374441
3757 353388
3758 2095239
3759 346890
3760 107218
3761 61018
3762 30512
3763 260142
3764 781396
3765 234966
3766 395835
3767 540570
3768 102374
3769 229896
3770 2029771
3771 143380
3772 108744
3773 306231
3774 213327
3775 61031
3776 327155
3777 512868
3778 61028
3779 486020
3780 124375
3781 30520
3782 183419
3783 30517
3784 234780
3785 322112
3786 112021
3787 155714
3788 408127
3789 471044
3790 365025
3791 131568
3792 259907
3793 1655043
3794 75808
3795 504511
3796 114205
3797 236454
3798 228461
3799 61016
3800 91542
3801 232707
3802 62443
3803 93609
3804 91522
3805 293973
3806 1328661
3807 2212642
3808 1311926
3809 402380
3810 375011
3811 685756
3812 640276
3813 359916
3814 98812
3815 2017206
3816 3278263
3817 61038
3818 30510
3819 30523
3820 322698
3821 275299
3822 1079775
3823 621667
3824 259233
3825 30519
3826 868255
3827 224421
3828 141455
3829 1151381
3830 46765
3831 235753
3832 103524
3833 1123406
3834 803335
3835 233466
3836 207883
3837 138503
3838 200212
3839 31579
3840 88740
3841 248649
3842 213209
3843 803597
3844 112606
3845 871519
3846 30523
3847 246309
3848 728329
3849 375019
3850 102660
3851 209325
3852 142621
3853 157813
3854 144295
3855 213446
3856 183004
3857 502715
3858 99568
3859 30522
3860 268994
3861 248716
3862 122026
3863 109682
3864 30522
3865 957191
3866 30523
3867 163609
3868 122033
3869 219002
3870 61028
3871 36627
3872 36627
3873 91532
3874 380994
3875 69834
3876 122024
3877 208693
3878 61029
3879 6099666
3880 48804
3881 183607
3882 42741
3883 121822
3884 30516
3885 30523
3886 100782
3887 47626
3888 43905
3889 1935463
3890 161915
3891 4779570
3892 168834
3893 58061
3894 1983136
3895 157764
3896 91489
3897 269585
3898 61006
3899 30510
3900 252509
3901 173045
3902 223921
3903 5745093
3904 150464
3905 51403
3906 170808
3907 3041402
3908 1325655
3909 41986
3910 2027100
3911 1120405
3912 55211
3913 127695
3914 2417902
3915 76826
3916 182864
3917 89024
3918 61031
3919 152390
3920 30517
3921 1964401
3922 121918
3923 42710
3924 270096
3925 163747
3926 135264
3927 112911
3928 111457
3929 230138
3930 178791
3931 176652
3932 160601
3933 157604
3934 173621
3935 262793
3936 285658
3937 78472
3938 457946
3939 480111
3940 77788
3941 151059
3942 90122
3943 2086096
3944 2451128
3945 122049
3946 410797
3947 484972
3948 95669
3949 303678
3950 289537
3951 73002
3952 129296
3953 56673
3954 146182
3955 89505
3956 142886
3957 112888
3958 83580
3959 60636
3960 54720
3961 65501
3962 87998
3963 30495
3964 60985
3965 91467
3966 69997
3967 30520
3968 61032
3969 30288
3970 60567
3971 58633
3972 77821
3973 100556
3974 126720
3975 154257
3976 183070
3977 213162
3978 243388
3979 273672
3980 303959
3981 30521
3982 61034
3983 91538
3984 122031
3985 91542
3986 36626
3987 30523
3988 568978
3989 2048102
3990 1605729
3991 2006228
3992 30523
3993 2125942
3994 2339938
3995 422131
3996 2127712
3997 402051
3998 387785
3999 689274
4000 388730
4001 400121
4002 417151
4003 1618184
4004 208690
4005 42569
4006 740728
4007 457236
4008 150049
4009 79025
4010 91532
4011 1067658
4012 405058
4013 36623
4014 30520
4015 39647
4016 298405
4017 782278
4018 752942
4019 257512
4020 61588
4021 771560
4022 376872
4023 192193
4024 67558
4025 133029
4026 77689
4027 862931
4028 827168
4029 92173
4030 255080
4031 63450
4032 91126
4033 30517
4034 249752
4035 46841
4036 700763
4037 75201
4038 358010
4039 231921
4040 30521
4041 220893
4042 209013
4043 226155
4044 49522
4045 249902
4046 475099
4047 204214
4048 1161528
4049 336383
4050 1112198
4051 368910
4052 232318
4053 30522
4054 146945
4055 429941
4056 294532
4057 715042
4058 150561
4059 122267
4060 544657
4061 61034
4062 103406
4063 685580
4064 152491
4065 122024
4066 820395
4067 69703
4068 61027
4069 30522
4070 1140113
4071 453522
4072 30515
4073 123020
4074 142601
4075 426592
4076 122011
4077 83860
4078 129086
4079 91522
4080 400828
4081 91529
4082 61023
4083 285583
4084 30516
4085 61028
4086 638777
4087 55345
4088 578022
4089 293186
4090 30516
4091 112536
4092 327538
4093 38363
4094 30519
4095 44111
4096 95325
4097 547828
4098 63363
4099 30525
4100 456607
4101 376331
4102 148700
4103 71999
4104 30522
4105 61017
4106 426434
4107 30513
4108 145582
4109 190690
4110 30525
4111 61040
4112 196909
4113 186904
4114 148048
4115 30523
4116 61037
4117 30525
4118 164114
4119 139701
4120 341122
4121 165935
4122 122017
4123 91525
4124 61024
4125 30516
4126 335296
4127 182997
4128 30521
4129 122025
4130 91535
4131 36622
4132 36624
4133 30505
4134 61003
4135 91496
4136 243868
4137 121989
4138 91506
4139 61014
4140 30512
4141 90549
4142 60054
4143 30489
4144 30524
4145 91492
4146 121972
4147 61004
4148 30507
4149 152444
4150 30524
4151 91488
4152 258399
4153 61002
4154 164063
4155 183607
4156 125542
4157 30525
4158 30524
4159 171089
4160 30504
4161 135903
4162 197201
4163 162421
4164 224459
4165 277161
4166 91532
4167 301055
4168 30520
4169 36621
4170 535396
4171 556423
4172 213360
4173 282157
4174 182918
4175 2126674
4176 79305
4177 73173
4178 48826
4179 30534
4180 42708
4181 1285557
4182 1255643
4183 1225763
4184 30522
4185 1195940
4186 1166167
4187 1136409
4188 1112655
4189 165746
4190 213423
4191 709805
4192 182960
4193 679962
4194 152487
4195 135466
4196 105371
4197 122010
4198 75742
4199 676029
4200 523845
4201 152474
4202 534975
4203 213381
4204 343147
4205 182924
4206 121997
4207 91523
4208 271788
4209 152459
4210 91510
4211 51844
4212 121985
4213 61015
4214 61005
4215 30511
4216 252142
4217 30506
4218 91504
4219 61012
4220 30511
4221 61024
4222 46106
4223 58874
4224 30517
4225 493106
4226 358959
4227 504965
4228 197822
4229 145870
4230 126820
4231 135012
4232 461054
4233 470048
4234 439573
4235 130297
4236 30523
4237 863487
4238 103165
4239 329885
4240 456481
4241 532543
4242 426098
4243 77693
4244 395873
4245 333380
4246 495848
4247 121961
4248 61048
4249 42691
4250 243735
4251 48806
4252 30507
4253 152387
4254 112539
4255 82992
4256 391948
4257 91444
4258 111091
4259 60977
4260 36593
4261 73622
4262 30517
4263 30490
4264 30481
4265 133581
4266 30492
4267 30525
4268 160507
4269 801188
4270 404791
4271 429018
4272 4416388
4273 802036
4274 822647
4275 4221178
4276 4902153
4277 91524
4278 935547
4279 4174430
4280 91534
4281 5086563
4282 4210149
4283 61020
4284 3870800
4285 1233146
4286 953467
4287 30514
4288 1286243
4289 155392
4290 61030
4291 30519
4292 4871935
4293 122023
4294 30520
4295 1366166
4296 91530
4297 61027
4298 182906
4299 30515
4300 4124957
4301 152446
4302 807539
4303 91482
4304 30510
4305 563711
4306 60993
4307 274295
4308 477572
4309 30501
4310 122029
4311 243851
4312 388130
4313 213397
4314 182934
4315 152460
4316 91535
4317 5719820
4318 121994
4319 30523
4320 122001
4321 61033
4322 91511
4323 61010
4324 30511
4325 61017
4326 30509
4327 1429022
4328 30521
4329 30512
4330 61032
4331 30520
4332 1800628
4333 61037
4334 30523
4335 3469927
4336 30507
4337 30477
4338 48737
4339 236699
4340 239426
4341 1801131
4342 1596991
4343 1593372
4344 35206
4345 61032
4346 30520
4347 30524
4348 91536
4349 61033
4350 122031
4351 30521
4352 30524
4353 30523
4354 36630
4355 30525
4356 122036
4357 54923
4358 501042
4359 472710
4360 444970
4361 419134
4362 395033
4363 1258652
4364 396068
4365 216201
4366 219269
4367 222786
4368 859941
4369 859392
4370 314909
4371 643551
4372 30432
4373 58884
4374 224361
4375 47806
4376 694137
4377 523228
4378 48349
4379 559950
4380 62999
4381 64159
4382 41029
4383 58347
4384 604708
4385 207052
4386 55301
4387 79405
4388 222675
4389 66091
4390 273566
4391 60874
4392 61027
4393 1184820
4394 272620
4395 170049
4396 447587
4397 591729
4398 468209
4399 76750
4400 30524
4401 265056
4402 122033
4403 30518
4404 279433
4405 270297
4406 1590842
4407 44789
4408 264142
4409 1627951
4410 511266
4411 408149
4412 357856
4413 30522
4414 152530
4415 454739
4416 117295
4417 91538
4418 39965
4419 311639
4420 398589
4421 30520
4422 61033
4423 61035
4424 30522
4425 61027
4426 809760
4427 61034
4428 96899
4429 269633
4430 104203
4431 30522
4432 30519
4433 333867
4434 78044
4435 30518
4436 30524
4437 30520
4438 30522
4439 798302
4440 214163
4441 118071
4442 30522
4443 2664596
4444 196947
4445 30514
4446 178566
4447 141670
4448 464312
4449 476806
4450 122361
4451 156112
4452 103096
4453 78509
4454 1030930
4455 391621
4456 2266532
4457 1295978
4458 820379
4459 30519
4460 89611
4461 355100
4462 367699
4463 424187
4464 30523
4465 220079
4466 81929
4467 54591
4468 61538
4469 48504
4470 456795
4471 82221
4472 332311
4473 304731
4474 59064
4475 32163
4476 30517
4477 182969
4478 122014
4479 61019
4480 30513
4481 30517
4482 173063
4483 276446
4484 259498
4485 158511
4486 121994
4487 284725
4488 426794
4489 91505
4490 321198
4491 372005
4492 61012
4493 291343
4494 1827670
4495 261517
4496 61018
4497 2127917
4498 231947
4499 1739737
4500 30510
4501 1318961
4502 1723193
4503 202687
4504 61028
4505 2146564
4506 174001
4507 30519
4508 30511
4509 145947
4510 121627
4511 30519
4512 79433
4513 158940
4514 154875
4515 122027
4516 109228
4517 54929
4518 36619
4519 30526
4520 325207
4521 57368
4522 338824
4523 619665
4524 734608
4525 521016
4526 323436
4527 578888
4528 502797
4529 273357
4530 459698
4531 118401
4532 344199
4533 122034
4534 432361
4535 42716
4536 121859
4537 54939
4538 182999
4539 467797
4540 36626
4541 270222
4542 72015
4543 285265
4544 149563
4545 125533
4546 64544
4547 122033
4548 30523
4549 307043
4550 496580
4551 122031
4552 559276
4553 61030
4554 30523
4555 42723
4556 506568
4557 205958
4558 48828
4559 30524
4560 30519
4561 30520
4562 570546
4563 479897
4564 122037
4565 91526
4566 48830
4567 42727
4568 61022
4569 30527
4570 30516
4571 594933
4572 704835
4573 91534
4574 61032
4575 2199614
4576 30521
4577 1585677
4578 1008376
4579 35940
4580 31787
4581 558019
4582 532136
4583 520106
4584 105198
4585 439878
4586 259259
4587 30524
4588 183009
4589 486307
4590 210848
4591 30523
4592 444249
4593 30522
4594 195287
4595 122036
4596 556185
4597 150245
4598 30524
4599 48828
4600 42729
4601 30527
4602 144323
4603 194592
4604 450949
4605 47057
4606 211712
4607 306125
4608 422883
4609 115193
4610 277863
4611 39644
4612 132261
4613 176596
4614 156192
4615 56262
4616 33101
4617 154818
4618 160884
4619 264695
4620 104466
4621 146592
4622 38634
4623 166705
4624 156899
4625 121230
4626 30523
4627 111918
4628 61035
4629 30521
4630 87539
4631 30450
4632 61032
4633 30520
4634 455870
4635 476659
4636 36623
4637 36627
4638 61029
4639 30524
4640 76605
4641 33113
4642 1034876
4643 1295798
4644 325285
4645 210159
4646 184599
4647 91528
4648 61023
4649 30517
4650 163126
4651 30524
4652 61037
4653 30522
4654 474492
4655 287969
4656 259624
4657 890991
4658 277696
4659 121994
4660 91509
4661 915035
4662 61013
4663 940838
4664 30510
4665 1143920
4666 182976
4667 54925
4668 48817
4669 54913
4670 36623
4671 30521
4672 30516
4673 61022
4674 91519
4675 1108822
4676 3896139
4677 3799585
4678 4376087
4679 629547
4680 639221
4681 1661548
4682 32693
4683 122013
4684 61006
4685 36627
4686 36615
4687 152490
4688 213443
4689 30519
4690 304802
4691 61026
4692 30518
4693 30515
4694 61009
4695 30501
4696 91513
4697 129965
4698 80535
4699 108641
4700 30523
4701 121998
4702 54910
4703 36617
4704 30518
4705 91527
4706 61025
4707 30512
4708 121980
4709 91496
4710 61005
4711 30506
4712 556122
4713 567990
4714 581595
4715 598461
4716 618441
4717 1189806
4718 621141
4719 590950
4720 560894
4721 531013
4722 501335
4723 472118
4724 443366
4725 414780
4726 386366
4727 358209
4728 330532
4729 304004
4730 278536
4731 254219
4732 231173
4733 208679
4734 186742
4735 167394
4736 150532
4737 134250
4738 118406
4739 107248
4740 106473
4741 119055
4742 141698
4743 169399
4744 199598
4745 351580
4746 349588
4747 368806
4748 155171
4749 390473
4750 147955
4751 718150
4752 156221
4753 673514
4754 557055
4755 718364
4756 380586
4757 840521
4758 297137
4759 173568
4760 91521
4761 61018
4762 274830
4763 355059
4764 30507
4765 98783
4766 928480
4767 71907
4768 194752
4769 30523
4770 51078
4771 330052
4772 61493
4773 929528
4774 47411
4775 217327
4776 687069
4777 61036
4778 305623
4779 30522
4780 2159912
4781 645085
4782 2202285
4783 152508
4784 281488
4785 30519
4786 122026
4787 1673924
4788 485090
4789 241726
4790 59715
4791 1397228
4792 61028
4793 37935
4794 36626
4795 30519
4796 30524
4797 1496146
4798 2227715
4799 261820
4800 91522
4801 61021
4802 30515
4803 592882
4804 510656
4805 584928
4806 2255306
4807 480503
4808 30523
4809 165031
4810 2631815
4811 149626
4812 323971
4813 121982
4814 55046
4815 36596
4816 54907
4817 30666
4818 30509
4819 154273
4820 36641
4821 267724
4822 384991
4823 410886
4824 30523
4825 609624
4826 420123
4827 190353
4828 2813241
4829 158941
4830 30524
4831 30522
4832 30524
4833 127364
4834 97468
4835 67608
4836 43326
4837 37342
4838 55671
4839 86142
4840 273699
4841 79126
4842 48735
4843 30438
4844 42531
4845 72925
4846 108785
4847 122032
4848 48830
4849 42721
4850 30524
4851 30524
4852 785536
4853 30521
4854 121939
4855 54887
4856 36596
4857 30502
4858 152411
4859 3668505
4860 148002
4861 134972
4862 42087
4863 169975
4864 122003
4865 91512
4866 61010
4867 30509
4868 30517
4869 72507
4870 63684
4871 84559
4872 142020
4873 93839
4874 155727
4875 203532
4876 103024
4877 1075935
4878 145530
4879 960642
4880 80113
4881 232885
4882 97871
4883 186321
4884 130358
4885 936702
4886 137592
4887 913611
4888 299488
4889 891415
4890 870598
4891 851526
4892 1136147
4893 583497
4894 834715
4895 927052
4896 820072
4897 807903
4898 996827
4899 797484
4900 787398
4901 867488
4902 705519
4903 243866
4904 213411
4905 182946
4906 152476
4907 121998
4908 700035
4909 91511
4910 61015
4911 30512
4912 697038
4913 696631
4914 698407
4915 702448
4916 738239
4917 423760
4918 360209
4919 430609
4920 357463
4921 360721
4922 367155
4923 376090
4924 388302
4925 499121
4926 121953
4927 91463
4928 60984
4929 30496
4930 713976
4931 249212
4932 714135
4933 236791
4934 733715
4935 872117
4936 319230
4937 699160
4938 314295
4939 316166
4940 713794
4941 730278
4942 85840
4943 86403
4944 67323
4945 210436
4946 185593
4947 166387
4948 165246
4949 146864
4950 145545
4951 132749
4952 3030524
4953 30523
4954 61038
4955 30524
4956 359769
4957 30486
4958 61000
4959 448139
4960 119949
4961 2555717
4962 2544518
4963 2672021
4964 2536337
4965 2625462
4966 92575
4967 78445
4968 122030
4969 80182
4970 61028
4971 30521
4972 30518
4973 856800
4974 2216086
4975 209475
4976 1074032
4977 5840738
4978 1486342
4979 30525
4980 3276777
4981 1150829
4982 3058203
4983 736246
4984 91351
4985 3375174
4986 60850
4987 30337
4988 1618125
4989 287351
4990 431854
4991 264057
4992 3087721
4993 1645666
4994 620149
4995 488266
4996 60895
4997 1036067
4998 30453
4999 247728
5000 3110642
5001 545559
5002 163206
5003 1546905
5004 223434
5005 91480
5006 122007
5007 468841
5008 3134242
5009 48813
5010 48822
5011 60981
5012 1008850
5013 36620
5014 259203
5015 57776
5016 61034
5017 3267388
5018 457779
5019 501980
5020 1140848
5021 30522
5022 639602
5023 30495
5024 37590
5025 152866
5026 1113934
5027 981979
5028 64523
5029 600393
5030 122013
5031 955539
5032 36790
5033 60845
5034 40866
5035 3279249
5036 397864
5037 36620
5038 395768
5039 681392
5040 169251
5041 3304686
5042 30518
5043 426164
5044 384862
5045 316090
5046 95221
5047 1067637
5048 929635
5049 260659
5050 3330563
5051 948968
5052 285973
5053 211164
5054 322244
5055 102029
5056 256171
5057 449960
5058 122023
5059 97523
5060 154133
5061 284905
5062 3356898
5063 614558
5064 693361
5065 191651
5066 144404
5067 71670
5068 227214
5069 382953
5070 30524
5071 921835
5072 153211
5073 61019
5074 86996
5075 689873
5076 53970
5077 71120
5078 915824
5079 30520
5080 90584
5081 199803
5082 61007
5083 330815
5084 30521
5085 714470
5086 718441
5087 75072
5088 238574
5089 30503
5090 159202
5091 74266
5092 30522
5093 402464
5094 30509
5095 275432
5096 59115
5097 341334
5098 4358624
5099 5137074
5100 5860002
5101 756444
5102 1035249
5103 727243
5104 699305
5105 1121303
5106 1036761
5107 168669
5108 4585735
5109 1023818
5110 676974
5111 1033099
5112 140037
5113 1048578
5114 1045473
5115 4615522
5116 1594841
5117 61034
5118 794857
5119 83569
5120 4367182
5121 480670
5122 506549
5123 1379940
5124 30522
5125 3397874
5126 30523
5127 452368
5128 55333
5129 2300507
5130 1259569
5131 3341569
5132 67595
5133 114978
5134 1029416
5135 562068
5136 1014430
5137 737931
5138 2085981
5139 2314112
5140 426389
5141 2680303
5142 121981
5143 61252
5144 3201857
5145 183010
5146 256442
5147 30523
5148 101885
5149 60986
5150 2428602
5151 195692
5152 274323
5153 30520
5154 1219778
5155 30510
5156 1298925
5157 230685
5158 1579809
5159 52666
5160 75055
5161 1324571
5162 122033
5163 243941
5164 30524
5165 174771
5166 64868
5167 175187
5168 91524
5169 60440
5170 91539
5171 1421829
5172 30519
5173 61036
5174 3246616
5175 1430577
5176 832796
5177 45600
5178 30523
5179 211745
5180 94994
5181 455566
5182 61024
5183 194193
5184 83704
5185 30516
5186 1587629
5187 1368466
5188 149893
5189 122024
5190 1229026
5191 197992
5192 91532
5193 30523
5194 625128
5195 30525
5196 30518
5197 689030
5198 61030
5199 133954
5200 677083
5201 1415292
5202 61036
5203 5049370
5204 216692
5205 537846
5206 447747
5207 30520
5208 30523
5209 389922
5210 200452
5211 2944187
5212 61034
5213 1201671
5214 152457
5215 625109
5216 2145526
5217 2131095
5218 2713857
5219 1822282
5220 302516
5221 630977
5222 159496
5223 616195
5224 152452
5225 122026
5226 181958
5227 121971
5228 42723
5229 450979
5230 48826
5231 1899381
5232 30524
5233 456067
5234 122025
5235 425684
5236 395293
5237 91484
5238 42724
5239 73231
5240 385701
5241 30516
5242 171450
5243 429042
5244 36603
5245 42703
5246 302719
5247 365033
5248 212801
5249 414533
5250 321115
5251 492758
5252 416051
5253 368654
5254 121365
5255 296103
5256 122004
5257 90882
5258 465674
5259 189643
5260 54898
5261 60797
5262 1393684
5263 305917
5264 30404
5265 33133
5266 36616
5267 30522
5268 42731
5269 43208
5270 30517
5271 61018
5272 61031
5273 257281
5274 30514
5275 232246
5276 30520
5277 326819
5278 186626
5279 130477
5280 164424
5281 42420
5282 925128
5283 517521
5284 34331
5285 102488
5286 277994
5287 353371
5288 164582
5289 456952
5290 30523
5291 180207
5292 311854
5293 224592
5294 86657
5295 246859
5296 182964
5297 32305
5298 30521
5299 43523
5300 243927
5301 113654
5302 273366
5303 82287
5304 321598
5305 122007
5306 30523
5307 356719
5308 311840
5309 61015
5310 835800
5311 30511
5312 30518
5313 310766
5314 185841
5315 122019
5316 382986
5317 292582
5318 91528
5319 48824
5320 31549
5321 42719
5322 812260
5323 47780
5324 30522
5325 30515
5326 30518
5327 30521
5328 202428
5329 798726
5330 306470
5331 30517
5332 79872
5333 391359
5334 234829
5335 220841
5336 220245
5337 256674
5338 231511
5339 281541
5340 322060
5341 340520
5342 307359
5343 107429
5344 99186
5345 289717
5346 97717
5347 125303
5348 419275
5349 394705
5350 153901
5351 406423
5352 169001
5353 385208
5354 106227
5355 175814
5356 437802
5357 210230
5358 317420
5359 119354
5360 202819
5361 427116
5362 445128
5363 274551
5364 152469
5365 217287
5366 231028
5367 47714
5368 382593
5369 247713
5370 283972
5371 121984
5372 259525
5373 223935
5374 297737
5375 139681
5376 381576
5377 91492
5378 121993
5379 375200
5380 165974
5381 957940
5382 405335
5383 118411
5384 494494
5385 210208
5386 111187
5387 522200
5388 430722
5389 427409
5390 422055
5391 120584
5392 61005
5393 182216
5394 33734
5395 98060
5396 102488
5397 299246
5398 63410
5399 116443
5400 469844
5401 47888
5402 171969
5403 91508
5404 199769
5405 213407
5406 431589
5407 402602
5408 64870
5409 390026
5410 235861
5411 49148
5412 229216
5413 644030
5414 338056
5415 642823
5416 152472
5417 593111
5418 623222
5419 192645
5420 102417
5421 131920
5422 219697
5423 121818
5424 467714
5425 73580
5426 182947
5427 121996
5428 393881
5429 61025
5430 457205
5431 881987
5432 178449
5433 598444
5434 200296
5435 30517
5436 687414
5437 349336
5438 152479
5439 61012
5440 30523
5441 91510
5442 61027
5443 247274
5444 345042
5445 904574
5446 590448
5447 30509
5448 133701
5449 519356
5450 213369
5451 61029
5452 118303
5453 102148
5454 54934
5455 54155
5456 73680
5457 1285483
5458 30517
5459 695222
5460 900590
5461 30514
5462 859561
5463 3536232
5464 3511528
5465 3487583
5466 228466
5467 231614
5468 178015
5469 60495
5470 120717
5471 355726
5472 161460
5473 359522
5474 49494
5475 150102
5476 125251
5477 56517
5478 508618
5479 246593
5480 67532
5481 101278
5482 508813
5483 152475
5484 30518
5485 536726
5486 121995
5487 61011
5488 42720
5489 30505
5490 49287
5491 49021
5492 700920
5493 60765
5494 166116
5495 85009
5496 704815
5497 148390
5498 733738
5499 220744
5500 152479
5501 161317
5502 122001
5503 188884
5504 67114
5505 219093
5506 30515
5507 36618
5508 1805061
5509 1791375
5510 1728395
5511 1358186
5512 489330
5513 91534
5514 1746953
5515 570658
5516 30524
5517 61031
5518 84065
5519 2007298
5520 575098
5521 1350108
5522 58368
5523 274201
5524 30519
5525 597380
5526 91526
5527 622323
5528 152307
5529 47696
5530 121824
5531 91379
5532 44298
5533 30468
5534 36571
5535 61025
5536 30517
5537 30522
5538 119786
5539 80400
5540 30521
5541 144987
5542 174761
5543 205028
5544 54035
5545 30523
5546 30522
5547 134747
5548 86833
5549 115536
5550 107845
5551 252583
5552 327534
5553 186636
5554 61015
5555 30510
5556 30517
5557 30517
5558 30523
5559 210235
5560 199944
5561 214524
5562 268851
5563 293214
5564 320154
5565 30520
5566 30518
5567 30521
5568 61031
5569 91534
5570 784586
5571 1170729
5572 133399
5573 374288
5574 349580
5575 1295517
5576 370505
5577 141390
5578 113017
5579 122013
5580 235958
5581 42719
5582 266773
5583 48817
5584 30520
5585 1308360
5586 252394
5587 234691
5588 121735
5589 1333575
5590 91242
5591 595619
5592 30519
5593 1359396
5594 36621
5595 1385810
5596 796947
5597 85102
5598 411992
5599 107419
5600 1412519
5601 816255
5602 31419
5603 172151
5604 196127
5605 30519
5606 47473
5607 360805
5608 869958
5609 307915
5610 30518
5611 30522
5612 894089
5613 979108
5614 60983
5615 1032453
5616 30496
5617 30517
5618 146398
5619 181535
5620 151559
5621 61031
5622 163770
5623 30520
5624 294712
5625 322320
5626 350302
5627 378560
5628 407035
5629 435711
5630 464642
5631 493861
5632 523301
5633 552930
5634 582756
5635 612725
5636 642769
5637 47384
5638 43911
5639 143834
5640 30514
5641 30517
5642 215211
5643 30522
5644 253137
5645 326564
5646 70807
5647 67883
5648 201944
5649 150259
5650 91525
5651 61023
5652 30511
5653 122000
5654 91514
5655 61021
5656 30516
5657 54414
5658 55066
5659 73170
5660 255312
5661 171568
5662 151037
5663 30522
5664 30521
5665 30518
5666 30511
5667 61012
5668 30521
5669 30513
5670 61015
5671 30517
5672 61029
5673 30522
5674 72547
5675 52497
5676 2781460
5677 1199888
5678 2661187
5679 1172473
5680 665245
5681 480539
5682 2684100
5683 637199
5684 451646
5685 423772
5686 396306
5687 30518
5688 348206
5689 349052
5690 212431
5691 181970
5692 151501
5693 121209
5694 190872
5695 90910
5696 60602
5697 30518
5698 30295
5699 30499
5700 3383808
5701 67090
5702 36606
5703 30514
5704 54902
5705 30516
5706 61024
5707 91523
5708 30515
5709 61020
5710 91518
5711 178426
5712 163564
5713 150747
5714 30508
5715 61018
5716 30513
5717 91518
5718 91526
5719 61027
5720 30519
5721 379037
5722 353186
5723 406156
5724 332871
5725 545324
5726 686588
5727 122027
5728 42726
5729 61032
5730 30519
5731 119762
5732 1534632
5733 95741
5734 77036
5735 65137
5736 64905
5737 870161
5738 76224
5739 803214
5740 61016
5741 786377
5742 30506
5743 99369
5744 401427
5745 490386
5746 520262
5747 274293
5748 61032
5749 243852
5750 30520
5751 213403
5752 182942
5753 152473
5754 121992
5755 91508
5756 61014
5757 30508
5758 30522
5759 30520
5760 61030
5761 565408
5762 481861
5763 465270
5764 471314
5765 61025
5766 30512
5767 99393
5768 121144
5769 90866
5770 60586
5771 30299
5772 30309
5773 30519
5774 30522
5775 136934
5776 111277
5777 91371
5778 122034
5779 54926
5780 36628
5781 30524
5782 30521
5783 30510
5784 30523
5785 121947
5786 54880
5787 36600
5788 30501
5789 336330
5790 238679
5791 313593
5792 352606
5793 363073
5794 30519
5795 383783
5796 30458
5797 60935
5798 91404
5799 121864
5800 152316
5801 182758
5802 213022
5803 243457
5804 668879
5805 395630
5806 365247
5807 334857
5808 304456
5809 274046
5810 243626
5811 213199
5812 182763
5813 152320
5814 121871
5815 91415
5816 60951
5817 30478
5818 30520
5819 204143
5820 203968
5821 30502
5822 60999
5823 91486
5824 1898559
5825 1803088
5826 213409
5827 182950
5828 152481
5829 122001
5830 1890667
5831 1842331
5832 91514
5833 61017
5834 30515
5835 60555
5836 73089
5837 30481
5838 61022
5839 30514
5840 91523
5841 61024
5842 30516
5843 77911
5844 84124
5845 34590
5846 91824
5847 38957
5848 110008
5849 113925
5850 138321
5851 132498
5852 212653
5853 44078
5854 61060
5855 87880
5856 93004
5857 30522
5858 279516
5859 493458
5860 899357
5861 248362
5862 61019
5863 30513
5864 30510
5865 61013
5866 30518
5867 213430
5868 152493
5869 91515
5870 30515
5871 30514
5872 30516
5873 68567
5874 92967
5875 30516
5876 54912
5877 86857
5878 77867
5879 91402
5880 60944
5881 30475
5882 30522
5883 423580
5884 73697
5885 30522
5886 123827
5887 404465
5888 414553
5889 288591
5890 30514
5891 273229
5892 30522
5893 445293
5894 30514
5895 30517
5896 1183595
5897 2223594
5898 30521
5899 70429
5900 30521
5901 121973
5902 91489
5903 61001
5904 30503
5905 91529
5906 61026
5907 30515
5908 30520
5909 264717
5910 282145
5911 301816
5912 325118
5913 30519
5914 30523
5915 61035
5916 30510
5917 103695
5918 42719
5919 182923
5920 30515
5921 48795
5922 30516
5923 699559
5924 401696
5925 237594
5926 310498
5927 61095
5928 176853
5929 30517
5930 249797
5931 36743
5932 36744
5933 115938
5934 121968
5935 97613
5936 30505
5937 67211
5938 85576
5939 36820
5940 30778
5941 30515
5942 30511
5943 60997
5944 30503
5945 30521
5946 1175229
5947 1574237
5948 1588448
5949 228512
5950 255539
5951 283365
5952 311786
5953 1088829
5954 1936251
5955 1062428
5956 1155896
5957 489003
5958 1038719
5959 1058016
5960 688698
5961 576461
5962 633151
5963 122023
5964 584622
5965 91531
5966 30516
5967 61030
5968 54063
5969 489458
5970 30519
5971 379751
5972 46790
5973 61030
5974 30518
5975 416274
5976 712218
5977 58526
5978 451304
5979 203757
5980 79116
5981 135311
5982 30520
5983 428267
5984 1417924
5985 1048449
5986 30520
5987 61031
5988 30522
5989 30518
5990 1175853
5991 30518
5992 30505
5993 2364090
5994 2346718
5995 1812232
5996 522748
5997 287052
5998 257721
5999 500787
6000 233821
6001 481636
6002 1502011
6003 30522
6004 181708
6005 158631
6006 142476
6007 1141425
6008 30510
6009 103775
6010 102125
6011 140258
6012 30517
6013 183093
6014 1123599
6015 30522
6016 729789
6017 30520
6018 692392
6019 315627
6020 399809
6021 342566
6022 30520
6023 659436
6024 753801
6025 30522
6026 409685
6027 30520
6028 389292
6029 587022
6030 335216
6031 66943
6032 427091
6033 315808
6034 54388
6035 376470
6036 299517
6037 30469
6038 135863
6039 91519
6040 51449
6041 332620
6042 190111
6043 30511
6044 30511
6045 288634
6046 30521
6047 375982
6048 30517
6049 205157
6050 363509
6051 125317
6052 314444
6053 30040
6054 241991
6055 91576
6056 216237
6057 211099
6058 53685
6059 165373
6060 189956
6061 340023
6062 106759
6063 51055
6064 160008
6065 61028
6066 30517
6067 236395
6068 66918
6069 145866
6070 75873
6071 180779
6072 62696
6073 30521
6074 91533
6075 61032
6076 30520
6077 30520
6078 30518
6079 621884
6080 649759
6081 708847
6082 30523
6083 196672
6084 30522
6085 143233
6086 92850
6087 318253
6088 346776
6089 38549
6090 95014
6091 42711
6092 65495
6093 376163
6094 406011
6095 112137
6096 466189
6097 30478
6098 60963
6099 91436
6100 121918
6101 182885
6102 30513
6103 30522
6104 30519
