0 668956
1 689110
2 650695
3 709892
4 731227
5 635636
6 1717551
7 623951
8 1017954
9 1686444
10 994118
11 615628
12 594365
13 376004
14 424798
15 388548
16 145865
17 351791
18 30667
19 261501
20 103467
21 1708892
22 219118
23 109415
24 327651
25 73138
26 91731
27 1731770
28 91287
29 85411
30 37216
31 73344
32 30497
33 1754945
34 61142
35 79342
36 122335
37 609127
38 61011
39 42715
40 230804
41 98163
42 48794
43 158097
44 24403
45 24401
46 85973
47 60940
48 24457
49 73193
50 639280
51 170974
52 121777
53 97556
54 525116
55 73179
56 506316
57 48794
58 491085
59 159793
60 24401
61 148112
62 480133
63 24412
64 154918
65 480015
66 3197814
67 167132
68 409443
69 80763
70 76466
71 78238
72 117409
73 86365
74 1818120
75 98235
76 110719
77 182633
78 48817
79 159199
80 471638
81 110701
82 2918678
83 315150
84 121072
85 1218192
86 48822
87 240446
88 318425
89 461238
90 48806
91 993696
92 304978
93 622090
94 353283
95 24415
96 1175026
97 73210
98 48811
99 972680
100 24408
101 559201
102 394580
103 73226
104 290541
105 1172091
106 48814
107 384473
108 292415
109 392609
110 460022
111 24415
112 103620
113 725545
114 24410
115 79261
116 88376
117 96648
118 3517691
119 4444570
120 4374939
121 3529278
122 999766
123 3542271
124 4368845
125 3556133
126 7574422
127 980929
128 3399090
129 4870043
130 3426904
131 1243978
132 809588
133 1461841
134 3407297
135 790095
136 172861
137 89327
138 4366577
139 3251219
140 1441361
141 68366
142 902840
143 68202
144 48832
145 122020
146 1229450
147 1303588
148 97633
149 55456
150 42726
151 512286
152 30522
153 58321
154 49281
155 24423
156 24420
157 509363
158 1413273
159 3300558
160 1217284
161 531655
162 3000417
163 57860
164 414519
165 1651406
166 181817
167 378120
168 131425
169 494919
170 60457
171 1781055
172 489625
173 369806
174 486555
175 63948
176 168540
177 24414
178 1362281
179 465253
180 363362
181 167089
182 97634
183 474996
184 4880411
185 541840
186 625620
187 24420
188 54930
189 184065
190 1242981
191 350083
192 30524
193 791379
194 1799227
195 24416
196 607229
197 1826486
198 583001
199 188783
200 151021
201 965427
202 311591
203 381270
204 1660524
205 157314
206 1540812
207 296022
208 445363
209 811778
210 144802
211 82556
212 272458
213 149812
214 139364
215 776534
216 97623
217 345779
218 558765
219 177626
220 292506
221 48823
222 105742
223 246739
224 249406
225 24417
226 71593
227 1557887
228 405303
229 150943
230 422091
231 24419
232 94731
233 232126
234 325074
235 927549
236 4895568
237 4911723
238 13517305
239 9201556
240 4114577
241 857667
242 9377071
243 3104285
244 346460
245 840983
246 413752
247 946210
248 2164542
249 331990
250 426345
251 56450
252 24416
253 6840233
254 604988
255 427135
256 2304183
257 560957
258 1936521
259 492152
260 48824
261 2154408
262 199154
263 1619627
264 112545
265 24419
266 24416
267 51030
268 117561
269 3629199
270 12861587
271 93582
272 64984
273 3519804
274 24420
275 90702
276 1762840
277 280218
278 488777
279 49021
280 24420
281 3489680
282 77716
283 398718
284 217280
285 331205
286 34090
287 26480
288 264742
289 58584
290 5008013
291 157566
292 6823192
293 390559
294 1092413
295 30854
296 224649
297 190958
298 48832
299 1580928
300 80027
301 1227830
302 112420
303 187319
304 1090775
305 135197
306 7033937
307 80923
308 268526
309 12195890
310 24420
311 67741
312 25805
313 2164820
314 98032
315 191543
316 118531
317 232925
318 73234
319 1061215
320 136300
321 36624
322 30522
323 1078914
324 170947
325 45509
326 3337967
327 49966
328 6243567
329 498778
330 174757
331 1293410
332 48829
333 73201
334 449739
335 619850
336 43638
337 910261
338 31155
339 2440549
340 48839
341 1237014
342 185292
343 127473
344 24420
345 980451
346 918978
347 1020357
348 1313625
349 48809
350 44914
351 1986251
352 414627
353 204980
354 24416
355 4541054
356 4493469
357 4486875
358 9596694
359 2663809
360 2316802
361 363769
362 5652218
363 2036037
364 2442623
365 660495
366 6723506
367 662547
368 1375015
369 653688
370 3938592
371 49563
372 635473
373 661207
374 53799
375 24416
376 24412
377 244178
378 870657
379 4485572
380 339836
381 376892
382 500738
383 501474
384 2079539
385 304734
386 3919325
387 469788
388 1374692
389 24420
390 3878981
391 457625
392 725854
393 6736911
394 24420
395 351978
396 1166725
397 1069859
398 678155
399 147896
400 326661
401 1067390
402 309146
403 24420
404 3518241
405 316110
406 157351
407 863877
408 1319250
409 144281
410 318763
411 295805
412 923129
413 752121
414 285145
415 475760
416 300259
417 308097
418 767739
419 219170
420 264089
421 741167
422 407784
423 438081
424 194848
425 752272
426 146108
427 413797
428 661372
429 289024
430 24420
431 97635
432 610052
433 24410
434 48828
435 1079619
436 30523
437 389505
438 30524
439 79790
440 24420
441 95070
442 121750
443 24410
444 365205
445 72974
446 556430
447 61044
448 6219162
449 3466753
450 24410
451 729024
452 63542
453 24410
454 49926
455 49879
456 234450
457 24418
458 48119
459 238471
460 35986
461 49629
462 63172
463 543334
464 306690
465 274701
466 877755
467 24413
468 294888
469 4374281
470 48580
471 69032
472 967101
473 981083
474 997105
475 955021
476 1015203
477 950459
478 1033947
479 5374153
480 954735
481 3662775
482 1763430
483 120927
484 1636695
485 106195
486 94340
487 85066
488 3711900
489 1624233
490 78095
491 4297512
492 1940407
493 75944
494 449303
495 80161
496 835750
497 3331927
498 95293
499 157186
500 135649
501 854475
502 1212949
503 114133
504 90534
505 73606
506 457067
507 418868
508 335761
509 69648
510 109043
511 333384
512 3637151
513 77296
514 166110
515 1428780
516 428618
517 85864
518 1409162
519 258275
520 958303
521 335570
522 161595
523 634787
524 344803
525 65041
526 153437
527 24420
528 935255
529 48005
530 1189459
531 210483
532 611551
533 930163
534 672743
535 4313748
536 2769450
537 446610
538 287406
539 1366072
540 589027
541 277588
542 38432
543 442233
544 43973
545 97583
546 444628
547 259441
548 48807
549 48808
550 24407
551 36612
552 63588
553 451869
554 223735
555 905986
556 218517
557 24420
558 610307
559 48832
560 567429
561 622459
562 24420
563 552557
564 156997
565 24408
566 1490944
567 73984
568 73206
569 73200
570 73232
571 671463
572 465184
573 36614
574 48812
575 1550405
576 24408
577 476378
578 56449
579 24410
580 121033
581 1251891
582 2351497
583 151200
584 53817
585 96657
586 61600
587 24419
588 24415
589 181519
590 4368893
591 4332719
592 12207375
593 21554417
594 5029445
595 7315623
596 2890919
597 7331128
598 48816
599 2852780
600 24412
601 1073873
602 2805359
603 48828
604 195156
605 2796782
606 1052305
607 2892277
608 146396
609 24418
610 2212263
611 2483514
612 122016
613 24420
614 2059443
615 97628
616 1298056
617 73233
618 1018527
619 226635
620 2800134
621 6386909
622 48830
623 1045614
624 967067
625 1074460
626 493394
627 6035652
628 24419
629 1249773
630 773315
631 18567753
632 97629
633 36622
634 128673
635 1592456
636 878425
637 357361
638 36623
639 525003
640 1560627
641 48830
642 24422
643 209681
644 759030
645 1080659
646 107314
647 24419
648 523357
649 681443
650 1539897
651 93231
652 3785575
653 1146050
654 91046
655 210724
656 550698
657 3182717
658 97013
659 73217
660 122266
661 1130063
662 2114563
663 2062998
664 48819
665 24413
666 195177
667 4903751
668 662204
669 339104
670 108634
671 102451
672 1102983
673 472195
674 958408
675 172862
676 74156
677 659333
678 202221
679 98447
680 1016360
681 185437
682 1764178
683 146192
684 1707358
685 1009033
686 445072
687 976759
688 965284
689 48830
690 1499434
691 537898
692 73221
693 148712
694 48822
695 24419
696 121824
697 348802
698 970889
699 24415
700 73236
701 5126782
702 24416
703 1040396
704 1377568
705 1148309
706 307825
707 97449
708 48832
709 24420
710 18570355
711 19766068
712 18025553
713 2938557
714 22985205
715 4188136
716 1978455
717 1963950
718 2700834
719 2237447
720 5375031
721 2084883
722 1080878
723 1144111
724 3685740
725 620597
726 1682415
727 3648484
728 2224954
729 2225560
730 600130
731 18426457
732 412739
733 1666146
734 814833
735 1816487
736 4758343
737 1714158
738 24410
739 581150
740 773951
741 1807836
742 751610
743 407194
744 1838646
745 729913
746 1914168
747 1324734
748 709263
749 3010994
750 689516
751 795383
752 872976
753 395245
754 1787557
755 1912443
756 3292394
757 386928
758 254663
759 734417
760 672219
761 940844
762 787490
763 1335361
764 788594
765 1900132
766 636104
767 412552
768 170817
769 1863959
770 1323905
771 135156
772 440163
773 662670
774 492040
775 716523
776 151610
777 587086
778 46597
779 1897581
780 24420
781 395790
782 699028
783 315512
784 846059
785 721849
786 33200
787 213253
788 3363529
789 739087
790 3195291
791 36813
792 698000
793 483108
794 300564
795 761172
796 382568
797 431003
798 409413
799 453062
800 290779
801 412115
802 784257
803 18424172
804 79101
805 91684
806 1082976
807 81018
808 435317
809 2504433
810 3603312
811 392560
812 76913
813 475853
814 97632
815 407262
816 48827
817 1083126
818 24419
819 448416
820 3003135
821 291108
822 48764
823 24420
824 464053
825 701651
826 48822
827 1972568
828 24413
829 17140163
830 17138456
831 24829393
832 3976546
833 21538284
834 3954585
835 4076984
836 1599129
837 8710890
838 713820
839 3215252
840 1498022
841 4156298
842 694528
843 277450
844 1372469
845 8221398
846 97602
847 1618378
848 73210
849 48814
850 24411
851 139729
852 677365
853 1579290
854 1898753
855 1610170
856 1301287
857 73240
858 926404
859 73236
860 273928
861 48832
862 661799
863 587980
864 24420
865 146388
866 6394686
867 333345
868 648610
869 4132510
870 48832
871 570190
872 1419526
873 24420
874 85330
875 72195
876 122008
877 3037318
878 24420
879 1758527
880 5305851
881 97620
882 176341
883 60164
884 522833
885 1755245
886 732522
887 55577
888 73226
889 1421886
890 4089570
891 48825
892 24420
893 1352362
894 2051393
895 1345873
896 24416
897 5287409
898 480308
899 219449
900 152136
901 1181330
902 1654854
903 168147
904 451481
905 73229
906 2737994
907 103548
908 1086158
909 113740
910 145894
911 1330591
912 2767950
913 456058
914 2750525
915 1352234
916 124088
917 2450474
918 1925468
919 3107801
920 132712
921 2094306
922 108944
923 182844
924 431967
925 2580478
926 149824
927 48825
928 250564
929 55270
930 1060144
931 73236
932 195093
933 48832
934 1062911
935 261592
936 2715414
937 24420
938 1595826
939 208835
940 1355480
941 1381273
942 1582111
943 24420
944 263176
945 48828
946 170765
947 18588644
948 18581519
949 22254472
950 5086005
951 13090979
952 5086004
953 8203891
954 246623
955 226090
956 4850178
957 380855
958 204136
959 3053071
960 4836952
961 212757
962 196255
963 1610635
964 1610030
965 2982137
966 4824572
967 398900
968 24414
969 272542
970 24420
971 262940
972 238606
973 4906130
974 3800298
975 258030
976 146397
977 10719210
978 1310632
979 245328
980 122017
981 199134
982 8246320
983 97629
984 1231470
985 2858809
986 229457
987 161847
988 1004260
989 73233
990 296845
991 197086
992 256409
993 89462
994 48830
995 689825
996 219766
997 292444
998 685091
999 73229
1000 600598
1001 733882
1002 256478
1003 2302308
1004 580028
1005 118153
1006 3974567
1007 268116
1008 73229
1009 4981496
1010 48830
1011 243806
1012 24420
1013 3526515
1014 79453
1015 506442
1016 109775
1017 24419
1018 1089250
1019 24413
1020 4888909
1021 24419
1022 1913113
1023 48832
1024 316235
1025 624893
1026 85405
1027 2199586
1028 853386
1029 109725
1030 61036
1031 85356
1032 48827
1033 1261879
1034 24412
1035 60988
1036 2068195
1037 560436
1038 1612489
1039 36627
1040 48827
1041 24464
1042 24420
1043 36664
1044 8226942
1045 525272
1046 1227800
1047 24418
1048 1602381
1049 970929
1050 4791330
1051 1366699
1052 160731
1053 838583
1054 4029118
1055 3241193
1056 24417
1057 3255044
1058 2523535
1059 2356071
1060 995600
1061 1719569
1062 822896
1063 543221
1064 2620512
1065 6767738
1066 6751464
1067 1397587
1068 399467
1069 81430
1070 393312
1071 394453
1072 31575
1073 105070
1074 381286
1075 1164199
1076 150856
1077 82403
1078 1100358
1079 4859349
1080 323934
1081 222360
1082 46168
1083 36358
1084 86515
1085 2609353
1086 73227
1087 211176
1088 39019
1089 24414
1090 53382
1091 48826
1092 606696
1093 24417
1094 301435
1095 1077353
1096 97585
1097 2586770
1098 102259
1099 398258
1100 2185811
1101 24406
1102 2166482
1103 1142119
1104 384902
1105 48804
1106 24391
1107 48829
1108 2564471
1109 191124
1110 24406
1111 203047
1112 373956
1113 388024
1114 173678
1115 4326009
1116 2542337
1117 2578555
1118 164878
1119 303737
1120 175423
1121 63419
1122 286823
1123 24415
1124 2309487
1125 696491
1126 2148657
1127 48832
1128 357905
1129 399741
1130 349330
1131 73223
1132 785738
1133 309327
1134 140625
1135 48819
1136 24420
1137 24407
1138 44543
1139 292770
1140 24418
1141 306490
1142 128668
1143 213406
1144 467494
1145 161897
1146 24419
1147 355325
1148 1818854
1149 397894
1150 434920
1151 149597
1152 761717
1153 269680
1154 203238
1155 711475
1156 726170
1157 283648
1158 340416
1159 253024
1160 99819
1161 24420
1162 240674
1163 232003
1164 253497
1165 168375
1166 490534
1167 24417
1168 233181
1169 177192
1170 1137137
1171 174578
1172 346827
1173 219397
1174 1677835
1175 469837
1176 157092
1177 91030
1178 24413
1179 195092
1180 424867
1181 66666
1182 402703
1183 132739
1184 73204
1185 568568
1186 170423
1187 60397
1188 467270
1189 81980
1190 158719
1191 381807
1192 45790
1193 157316
1194 36438
1195 96268
1196 133845
1197 1307487
1198 84950
1199 43103
1200 1313546
1201 84890
1202 99844
1203 569430
1204 489309
1205 938517
1206 118168
1207 47352
1208 94995
1209 799168
1210 104694
1211 24412
1212 912375
1213 950461
1214 122432
1215 158125
1216 1619406
1217 1353856
1218 535760
1219 129447
1220 4279113
1221 143038
1222 1510125
1223 4240399
1224 452932
1225 4530537
1226 4235546
1227 86564
1228 4479371
1229 1601454
1230 1372666
1231 65717
1232 779478
1233 4233444
1234 1284731
1235 1444500
1236 711658
1237 290198
1238 778457
1239 4474051
1240 898863
1241 277054
1242 204230
1243 185932
1244 24418
1245 1145626
1246 71603
1247 4425749
1248 264950
1249 296191
1250 171702
1251 60302
1252 178757
1253 99607
1254 899987
1255 171788
1256 4494690
1257 232012
1258 1327297
1259 114869
1260 65381
1261 913458
1262 649248
1263 3197140
1264 940712
1265 191944
1266 2620269
1267 684927
1268 265391
1269 69892
1270 4217202
1271 206138
1272 3765794
1273 100166
1274 2262348
1275 1760424
1276 552275
1277 318135
1278 436352
1279 1219145
1280 45726
1281 497141
1282 51296
1283 93942
1284 806374
1285 3669982
1286 985594
1287 3239662
1288 546452
1289 102049
1290 773191
1291 1070311
1292 3532218
1293 2068707
1294 2097864
1295 533611
1296 839704
1297 604292
1298 2685609
1299 84897
1300 41010
1301 2132006
1302 65095
1303 682625
1304 34139
1305 575346
1306 49632
1307 926795
1308 40006
1309 496495
1310 31297
1311 82198
1312 1587183
1313 477403
1314 45971
1315 496139
1316 62860
1317 1050155
1318 456964
1319 759887
1320 438010
1321 93466
1322 460710
1323 764394
1324 1046204
1325 421918
1326 464084
1327 105404
1328 934252
1329 174358
1330 1137798
1331 59786
1332 104244
1333 179251
1334 409895
1335 120365
1336 1121296
1337 24413
1338 45402
1339 1125793
1340 59308
1341 404108
1342 94674
1343 1131773
1344 189838
1345 44538
1346 406440
1347 117372
1348 925638
1349 582265
1350 140610
1351 924055
1352 24417
1353 628875
1354 408351
1355 188348
1356 1140349
1357 104550
1358 221248
1359 415071
1360 99399
1361 80240
1362 1150258
1363 73229
1364 567197
1365 24417
1366 994197
1367 48827
1368 304782
1369 1160862
1370 276975
1371 217834
1372 1208926
1373 24417
1374 131735
1375 504605
1376 24418
1377 510560
1378 48823
1379 790603
1380 426757
1381 883086
1382 505213
1383 111827
1384 509197
1385 440526
1386 522035
1387 1209704
1388 870939
1389 58275
1390 24416
1391 54560
1392 689616
1393 2431123
1394 302816
1395 93871
1396 24412
1397 48831
1398 1256133
1399 43067
1400 302693
1401 1490771
1402 810304
1403 3142871
1404 1238641
1405 1342959
1406 48828
1407 356496
1408 991869
1409 210174
1410 969840
1411 24416
1412 208906
1413 24419
1414 196517
1415 3305463
1416 77610
1417 1223173
1418 188240
1419 204050
1420 975620
1421 146378
1422 36591
1423 61029
1424 48818
1425 24413
1426 170723
1427 24413
1428 544059
1429 579646
1430 513931
1431 461107
1432 389696
1433 70697
1434 46300
1435 24411
1436 628940
1437 370840
1438 73203
1439 24407
1440 24408
1441 443190
1442 579052
1443 1090743
1444 546744
1445 380665
1446 1073187
1447 402993
1448 1295642
1449 340760
1450 906745
1451 1185138
1452 73176
1453 48791
1454 24413
1455 1178410
1456 24399
1457 73212
1458 1380899
1459 1132031
1460 1411330
1461 897877
1462 1478427
1463 121971
1464 48816
1465 1066253
1466 97590
1467 553309
1468 268147
1469 73202
1470 195096
1471 906506
1472 48808
1473 121966
1474 24408
1475 24414
1476 531040
1477 24412
1478 48811
1479 48821
1480 1393523
1481 24409
1482 97587
1483 24414
1484 73201
1485 48808
1486 509497
1487 1216460
1488 24408
1489 848926
1490 1510953
1491 1209403
1492 499522
1493 405905
1494 48824
1495 24416
1496 1792835
1497 439042
1498 481302
1499 427812
1500 1313084
1501 103655
1502 97596
1503 341076
1504 108563
1505 24416
1506 861123
1507 511435
1508 73206
1509 390856
1510 337676
1511 336382
1512 48823
1513 311372
1514 381904
1515 48807
1516 380281
1517 268128
1518 121703
1519 24415
1520 424714
1521 827661
1522 473475
1523 243820
1524 143044
1525 348187
1526 219523
1527 134125
1528 24415
1529 48821
1530 73706
1531 24414
1532 24404
1533 188906
1534 405866
1535 66192
1536 370301
1537 28215
1538 24410
1539 243723
1540 73169
1541 48787
1542 97547
1543 24396
1544 267958
1545 48789
1546 292289
1547 24397
1548 24398
1549 359496
1550 43392
1551 48785
1552 24965
1553 30826
1554 24396
1555 55066
1556 79310
1557 4253717
1558 3321704
1559 3057481
1560 1125808
1561 1930025
1562 3025108
1563 161848
1564 1121016
1565 3838079
1566 866070
1567 1130372
1568 143121
1569 3870993
1570 2128034
1571 2309569
1572 2547473
1573 2525938
1574 24417
1575 127723
1576 56408
1577 1298329
1578 2522086
1579 238417
1580 2890305
1581 2855754
1582 2235672
1583 41713
1584 2872583
1585 120532
1586 70778
1587 814376
1588 1312126
1589 210767
1590 156291
1591 1195951
1592 2352411
1593 75341
1594 74309
1595 52971
1596 167510
1597 572308
1598 2343467
1599 194622
1600 170282
1601 2980983
1602 55290
1603 681452
1604 113408
1605 424944
1606 516653
1607 238791
1608 2350534
1609 75748
1610 1602951
1611 102185
1612 601810
1613 506698
1614 104512
1615 694289
1616 67040
1617 591271
1618 104321
1619 255825
1620 2466940
1621 861026
1622 89335
1623 2496097
1624 90195
1625 70981
1626 1021035
1627 182658
1628 117257
1629 276096
1630 390844
1631 3657496
1632 294244
1633 118847
1634 162731
1635 454084
1636 803986
1637 599138
1638 426638
1639 338409
1640 577212
1641 143862
1642 1589737
1643 226430
1644 629022
1645 158478
1646 375999
1647 622964
1648 1784808
1649 114580
1650 173354
1651 2623137
1652 122786
1653 568079
1654 2574332
1655 1000403
1656 334373
1657 2663851
1658 63743
1659 896863
1660 613362
1661 315354
1662 63630
1663 53207
1664 960289
1665 2664463
1666 1019251
1667 69922
1668 451846
1669 659183
1670 2413469
1671 388617
1672 332461
1673 857428
1674 155199
1675 486174
1676 266770
1677 1948195
1678 569049
1679 742279
1680 66834
1681 533299
1682 554273
1683 1856572
1684 51669
1685 2025405
1686 275731
1687 34508
1688 532183
1689 190022
1690 491942
1691 127906
1692 2010278
1693 52001
1694 563380
1695 1647015
1696 603824
1697 564423
1698 130568
1699 248015
1700 1974253
1701 95198
1702 614607
1703 122803
1704 855079
1705 159630
1706 4187136
1707 5256320
1708 24418
1709 2545904
1710 2385887
1711 720231
1712 24414
1713 159816
1714 73862
1715 4287381
1716 1163989
1717 3990229
1718 1630847
1719 153762
1720 97603
1721 73211
1722 48811
1723 24404
1724 754216
1725 878228
1726 50363
1727 1009529
1728 1638738
1729 1117951
1730 311770
1731 300245
1732 1003342
1733 844032
1734 3644044
1735 159761
1736 2413954
1737 756215
1738 152419
1739 756427
1740 205988
1741 3528948
1742 393222
1743 672417
1744 1734942
1745 2784773
1746 1504076
1747 232928
1748 371836
1749 238715
1750 58460
1751 165471
1752 41583
1753 711615
1754 895572
1755 2789505
1756 914680
1757 88358
1758 1389904
1759 2355978
1760 95617
1761 1424772
1762 843328
1763 1882921
1764 533412
1765 458693
1766 109988
1767 1236166
1768 843962
1769 323655
1770 896280
1771 1190049
1772 181125
1773 1889694
1774 324786
1775 306373
1776 885119
1777 270311
1778 1892915
1779 727364
1780 88019
1781 1927412
1782 315962
1783 392921
1784 180228
1785 437418
1786 738488
1787 121639
1788 311807
1789 472039
1790 1016359
1791 49112
1792 313273
1793 1325000
1794 100699
1795 1084026
1796 42143
1797 239304
1798 1191823
1799 301768
1800 51128
1801 1288487
1802 3526184
1803 2581813
1804 1267186
1805 2357520
1806 2269202
1807 1230504
1808 2319410
1809 5642947
1810 2283312
1811 566775
1812 2264003
1813 2791252
1814 3524446
1815 24419
1816 1137636
1817 73216
1818 1176777
1819 578915
1820 523038
1821 48818
1822 2597036
1823 2765983
1824 24412
1825 2286928
1826 104231
1827 510999
1828 107930
1829 24416
1830 75332
1831 2725357
1832 2156974
1833 1152645
1834 2691752
1835 1161554
1836 6648196
1837 961721
1838 111617
1839 1556786
1840 2296174
1841 32738
1842 33523
1843 77136
1844 69453
1845 73234
1846 601521
1847 1539317
1848 48831
1849 985814
1850 2628696
1851 1515002
1852 247565
1853 24419
1854 139811
1855 138273
1856 779512
1857 333372
1858 1667727
1859 24419
1860 73212
1861 230017
1862 48790
1863 80567
1864 1516162
1865 822909
1866 48815
1867 1169164
1868 218554
1869 1843958
1870 1101841
1871 60190
1872 1451909
1873 68458
1874 51666
1875 2605517
1876 8244692
1877 38702
1878 213332
1879 42728
1880 24399
1881 790319
1882 44721
1883 73233
1884 24420
1885 24411
1886 6837074
1887 134311
1888 48830
1889 1507403
1890 52860
1891 961294
1892 48830
1893 186262
1894 357119
1895 1774649
1896 347534
1897 1254926
1898 70382
1899 59518
1900 24419
1901 249665
1902 238601
1903 741056
1904 164708
1905 73233
1906 267563
1907 48829
1908 224984
1909 235899
1910 24418
1911 648195
1912 490742
1913 223404
1914 94687
1915 175133
1916 122006
1917 24413
1918 511529
1919 97620
1920 446619
1921 590658
1922 186827
1923 73225
1924 603761
1925 48828
1926 588894
1927 106668
1928 24419
1929 426045
1930 239420
1931 24417
1932 92202
1933 48823
1934 825550
1935 504747
1936 406013
1937 24418
1938 48832
1939 24415
1940 581173
1941 108058
1942 253269
1943 657936
1944 132301
1945 122232
1946 24420
1947 136880
1948 386857
1949 24419
1950 67423
1951 24418
1952 24419
1953 1978341
1954 50243
1955 392559
1956 461572
1957 217219
1958 50068
1959 372103
1960 267759
1961 1419626
1962 370711
1963 170733
1964 155428
1965 199306
1966 146364
1967 330923
1968 121987
1969 181133
1970 1721601
1971 161835
1972 174854
1973 1738322
1974 489825
1975 1409431
1976 209827
1977 259152
1978 161549
1979 79252
1980 159593
1981 2335269
1982 184738
1983 97602
1984 56075
1985 293877
1986 73212
1987 53176
1988 345808
1989 48815
1990 86103
1991 122030
1992 24411
1993 96108
1994 48829
1995 273134
1996 169948
1997 48817
1998 157496
1999 202037
2000 236612
2001 192988
2002 172418
2003 310678
2004 2334566
2005 42674
2006 73239
2007 170777
2008 590605
2009 2300607
2010 24419
2011 133517
2012 155490
2013 24419
2014 275873
2015 146362
2016 313662
2017 24445
2018 441713
2019 48829
2020 24415
2021 24420
2022 131697
2023 97618
2024 24415
2025 1368385
2026 97614
2027 330095
2028 232122
2029 551136
2030 177662
2031 330511
2032 84232
2033 1774489
2034 1474555
2035 410482
2036 284275
2037 1486654
2038 64390
2039 3907002
2040 133647
2041 520946
2042 252650
2043 207882
2044 255033
2045 424100
2046 141813
2047 2705149
2048 261107
2049 589532
2050 73883
2051 1919368
2052 258083
2053 107156
2054 244261
2055 3789014
2056 90412
2057 2590451
2058 72085
2059 80451
2060 62327
2061 174952
2062 155050
2063 60853
2064 2635489
2065 466135
2066 489228
2067 83645
2068 434947
2069 2332777
2070 138445
2071 61440
2072 2433098
2073 3337327
2074 232337
2075 1092345
2076 94715
2077 53604
2078 525793
2079 463840
2080 405763
2081 346962
2082 61340
2083 336390
2084 130175
2085 2117158
2086 48812
2087 131606
2088 179533
2089 105729
2090 180104
2091 304387
2092 622503
2093 117075
2094 1267136
2095 149151
2096 2345776
2097 189723
2098 24408
2099 519166
2100 852632
2101 601000
2102 146135
2103 573613
2104 96718
2105 97620
2106 132108
2107 156359
2108 464566
2109 48821
2110 502130
2111 24418
2112 57033
2113 470665
2114 1192231
2115 24421
2116 209808
2117 291120
2118 48159
2119 286999
2120 622383
2121 432230
2122 127568
2123 24418
2124 135138
2125 59640
2126 898520
2127 75098
2128 375902
2129 175708
2130 65274
2131 269110
2132 241814
2133 38217
2134 1658734
2135 147788
2136 211765
2137 368118
2138 1679692
2139 2250677
2140 899417
2141 73229
2142 1311734
2143 275414
2144 202895
2145 1300291
2146 783958
2147 1215804
2148 873738
2149 1600725
2150 860163
2151 153603
2152 991747
2153 148230
2154 732909
2155 962030
2156 173466
2157 1737568
2158 409627
2159 985410
2160 946638
2161 156009
2162 878283
2163 1501144
2164 68893
2165 286373
2166 2477635
2167 255990
2168 61837
2169 24416
2170 97625
2171 73188
2172 24419
2173 458982
2174 48799
2175 36616
2176 36624
2177 24419
2178 933523
2179 473533
2180 702455
2181 604437
2182 649859
2183 24403
2184 72303
2185 271726
2186 754778
2187 681101
2188 48828
2189 316610
2190 787176
2191 252798
2192 102908
2193 609404
2194 24419
2195 664421
2196 2662448
2197 846041
2198 257678
2199 447986
2200 248087
2201 660157
2202 73230
2203 262446
2204 2791678
2205 24416
2206 24420
2207 113778
2208 418074
2209 522893
2210 24416
2211 330355
2212 24415
2213 118470
2214 24415
2215 137382
2216 802329
2217 24411
2218 332042
2219 111372
2220 24419
2221 1089422
2222 344975
2223 603212
2224 88902
2225 364398
2226 189988
2227 169042
2228 24414
2229 2628806
2230 24418
2231 422775
2232 385570
2233 185062
2234 935963
2235 94266
2236 24420
2237 868569
2238 175970
2239 342595
2240 649191
2241 24415
2242 316170
2243 407267
2244 396777
2245 24418
2246 106576
2247 24411
2248 24415
2249 645284
2250 327548
2251 372891
2252 352376
2253 120890
2254 167933
2255 97630
2256 429170
2257 24413
2258 345159
2259 474623
2260 181332
2261 24416
2262 48824
2263 359559
2264 24419
2265 479519
2266 45172
2267 43163
2268 33211
2269 45224
2270 378340
2271 386856
2272 497775
2273 31692
2274 389016
2275 108084
2276 354096
2277 86900
2278 419124
2279 329847
2280 626085
2281 219450
2282 305603
2283 437726
2284 391844
2285 204297
2286 116620
2287 195097
2288 194266
2289 83336
2290 1078839
2291 90333
2292 193038
2293 200082
2294 1101969
2295 170735
2296 380105
2297 157697
2298 98932
2299 240900
2300 251380
2301 146366
2302 359867
2303 380706
2304 48831
2305 404149
2306 1125440
2307 462174
2308 121989
2309 281367
2310 24420
2311 1148949
2312 458164
2313 317265
2314 1172497
2315 345156
2316 257134
2317 479201
2318 102287
2319 232934
2320 208805
2321 219303
2322 501527
2323 97604
2324 536088
2325 557871
2326 110254
2327 86010
2328 581373
2329 73215
2330 194953
2331 62093
2332 1196133
2333 199230
2334 620012
2335 224193
2336 604995
2337 170763
2338 210573
2339 170610
2340 1219856
2341 43358
2342 1507637
2343 97604
2344 848891
2345 30510
2346 97620
2347 1012780
2348 641261
2349 849790
2350 48804
2351 970043
2352 30508
2353 857470
2354 36954
2355 121971
2356 628770
2357 146391
2358 860844
2359 870550
2360 73226
2361 905122
2362 146258
2363 41715
2364 97591
2365 664789
2366 128294
2367 121322
2368 73203
2369 688327
2370 122012
2371 30512
2372 48824
2373 24408
2374 43149
2375 45781
2376 130280
2377 278368
2378 913557
2379 745743
2380 24416
2381 121899
2382 97532
2383 200287
2384 357542
2385 127263
2386 24418
2387 24418
2388 61024
2389 277788
2390 338333
2391 61037
2392 98881
2393 434851
2394 115974
2395 173086
2396 61063
2397 141037
2398 24417
2399 54842
2400 209332
2401 97574
2402 73297
2403 179426
2404 674922
2405 73224
2406 220605
2407 48821
2408 24418
2409 74940
2410 141647
2411 24415
2412 73278
2413 173222
2414 153015
2415 694506
2416 253457
2417 24415
2418 109214
2419 742857
2420 128767
2421 232338
2422 252156
2423 276230
2424 24420
2425 5463113
2426 4973268
2427 300321
2428 116445
2429 5177081
2430 5148570
2431 100928
2432 4956431
2433 116583
2434 5019438
2435 5697194
2436 4872085
2437 226862
2438 62950
2439 3105362
2440 218688
2441 268848
2442 434149
2443 3177453
2444 360358
2445 5804713
2446 4944095
2447 253794
2448 3086810
2449 52284
2450 3073028
2451 1291649
2452 218301
2453 4812963
2454 240583
2455 182678
2456 512559
2457 4870006
2458 1297382
2459 413893
2460 427789
2461 230702
2462 2365719
2463 728327
2464 56087
2465 490642
2466 228990
2467 335813
2468 1740543
2469 226015
2470 498128
2471 935123
2472 326751
2473 2674627
2474 228896
2475 2415635
2476 296597
2477 203350
2478 695337
2479 1227103
2480 2447111
2481 234495
2482 333246
2483 746898
2484 475207
2485 181917
2486 2275244
2487 379742
2488 162227
2489 253373
2490 96965
2491 104608
2492 143670
2493 259063
2494 99978
2495 2066143
2496 968377
2497 292288
2498 1910470
2499 137684
2500 491483
2501 688230
2502 288685
2503 559597
2504 268175
2505 73225
2506 48825
2507 647525
2508 24417
2509 57066
2510 118652
2511 212918
2512 170747
2513 86822
2514 1146880
2515 1772214
2516 82718
2517 72563
2518 1152767
2519 63169
2520 24413
2521 1134337
2522 146390
2523 64287
2524 1786449
2525 54914
2526 1100610
2527 67118
2528 36620
2529 30523
2530 42721
2531 24417
2532 1058573
2533 1068633
2534 1158199
2535 429355
2536 828445
2537 422871
2538 424175
2539 1162082
2540 1572606
2541 839854
2542 1063058
2543 842077
2544 852015
2545 860237
2546 866026
2547 1075904
2548 2322130
2549 880514
2550 2278453
2551 655128
2552 435357
2553 1436123
2554 1404202
2555 416902
2556 1855404
2557 909289
2558 630922
2559 899166
2560 72401
2561 1010848
2562 81573
2563 900388
2564 606708
2565 401791
2566 104700
2567 877273
2568 103039
2569 1158130
2570 48828
2571 1855606
2572 76632
2573 582488
2574 1327282
2575 73227
2576 124161
2577 25997
2578 1977204
2579 541208
2580 181442
2581 42046
2582 24417
2583 856502
2584 558259
2585 48825
2586 234204
2587 1800663
2588 857617
2589 246200
2590 495112
2591 534022
2592 48824
2593 24416
2594 24416
2595 871616
2596 893025
2597 509777
2598 1824308
2599 73222
2600 48814
2601 48822
2602 271833
2603 24415
2604 2737188
2605 859082
2606 485526
2607 1264806
2608 1653000
2609 285377
2610 583676
2611 1250959
2612 461269
2613 306418
2614 24410
2615 994954
2616 1409539
2617 437004
2618 553660
2619 1675593
2620 1656717
2621 1640542
2622 1632966
2623 24405
2624 73195
2625 24405
2626 97576
2627 146340
2628 195067
2629 24410
2630 24411
2631 502666
2632 349050
2633 301610
2634 48815
2635 24410
2636 66489
2637 24415
2638 42360
2639 73490
2640 24418
2641 164516
2642 140278
2643 30630
2644 97586
2645 36686
2646 42699
2647 30510
2648 54922
2649 24406
2650 24415
2651 73225
2652 24415
2653 109757
2654 85387
2655 61021
2656 42744
2657 30556
2658 36649
2659 61020
2660 85393
2661 97610
2662 24414
2663 48820
2664 24414
2665 24416
2666 24312
2667 48618
2668 97215
2669 24315
2670 145781
2671 24315
2672 170033
2673 194294
2674 218551
2675 242800
2676 267041
2677 291291
2678 315594
2679 339888
2680 364177
2681 388460
2682 412736
2683 24418
2684 24420
2685 277829
2686 360167
2687 146371
2688 121993
2689 307352
2690 97610
2691 73220
2692 24415
2693 24415
2694 320505
2695 159609
2696 180646
2697 84288
2698 56431
2699 35438
2700 24414
2701 48823
2702 560766
2703 499655
2704 488353
2705 24413
2706 910769
2707 919502
2708 902161
2709 893795
2710 885810
2711 882810
2712 1150476
2713 750134
2714 732153
2715 681340
2716 928701
2717 742453
2718 723100
2719 24418
2720 89901
2721 782820
2722 70277
2723 45244
2724 943484
2725 42876
2726 121990
2727 894686
2728 51229
2729 963573
2730 1015035
2731 97608
2732 73218
2733 48820
2734 24414
2735 983951
2736 1206903
2737 427679
2738 590221
2739 931782
2740 405210
2741 219487
2742 491688
2743 919846
2744 195132
2745 592158
2746 170769
2747 362876
2748 107819
2749 947538
2750 384085
2751 79500
2752 364424
2753 100634
2754 24419
2755 146397
2756 508032
2757 345823
2758 77849
2759 24417
2760 56265
2761 286858
2762 939773
2763 203852
2764 122018
2765 894198
2766 24417
2767 713445
2768 915274
2769 24419
2770 358890
2771 535918
2772 223241
2773 24418
2774 303503
2775 1217817
2776 24414
2777 157651
2778 705009
2779 303867
2780 97633
2781 947060
2782 97630
2783 73236
2784 24418
2785 48829
2786 24419
2787 295938
2788 30523
2789 30522
2790 24418
2791 24418
2792 110706
2793 122004
2794 452990
2795 405832
2796 407812
2797 159402
2798 546021
2799 24418
2800 73234
2801 24418
2802 107016
2803 24420
2804 36616
2805 30522
2806 277173
2807 1576227
2808 492479
2809 24419
2810 126319
2811 483751
2812 1160018
2813 82681
2814 73219
2815 1371729
2816 143768
2817 152622
2818 404008
2819 48821
2820 24418
2821 24414
2822 48829
2823 24414
2824 195014
2825 24402
2826 341057
2827 146290
2828 121928
2829 97558
2830 73180
2831 48794
2832 24401
2833 121928
2834 97558
2835 73180
2836 48793
2837 24401
2838 2789109
2839 2867243
2840 2862638
2841 88572
2842 64295
2843 2881946
2844 45457
2845 2395806
2846 43262
2847 48829
2848 2901705
2849 24418
2850 2403521
2851 57934
2852 1970879
2853 85824
2854 61632
2855 505481
2856 48419
2857 1910703
2858 175404
2859 24418
2860 1962820
2861 51652
2862 406541
2863 404770
2864 354776
2865 64488
2866 73220
2867 48821
2868 24415
2869 242746
2870 229171
2871 196354
2872 97632
2873 24420
2874 30520
2875 48829
2876 30523
2877 1738955
2878 168181
2879 24420
2880 24420
2881 215909
2882 637929
2883 24419
2884 255969
2885 73232
2886 101443
2887 24418
2888 30522
2889 97625
2890 30517
2891 42725
2892 24421
2893 82365
2894 1239167
2895 24418
2896 24420
2897 24416
2898 48826
2899 146412
2900 170759
2901 73231
2902 195122
2903 48829
2904 219476
2905 24418
2906 365613
2907 389732
2908 122010
2909 97624
2910 73229
2911 48827
2912 24417
2913 97590
2914 42683
2915 30530
2916 24411
2917 219475
2918 323578
2919 97604
2920 48813
2921 24410
2922 24410
2923 24260
2924 24419
2925 238621
2926 624373
2927 238707
2928 254520
2929 401394
2930 372449
2931 1925848
2932 1997105
2933 380758
2934 385724
2935 232782
2936 1852932
2937 375970
2938 543790
2939 1693006
2940 474185
2941 1853244
2942 288944
2943 1924778
2944 86399
2945 444091
2946 452251
2947 105521
2948 179548
2949 1799868
2950 473928
2951 292310
2952 1861496
2953 743252
2954 358677
2955 254210
2956 24419
2957 474812
2958 1875609
2959 73230
2960 267986
2961 264981
2962 1892506
2963 48828
2964 423394
2965 1937759
2966 682727
2967 243689
2968 24418
2969 145437
2970 605303
2971 783055
2972 48831
2973 786387
2974 656667
2975 124419
2976 803163
2977 24403
2978 413088
2979 287506
2980 24419
2981 1082859
2982 166002
2983 286677
2984 317495
2985 388265
2986 989797
2987 48823
2988 346405
2989 1262912
2990 313306
2991 194984
2992 24415
2993 143419
2994 170668
2995 206190
2996 75578
2997 24417
2998 106673
2999 132058
3000 56806
3001 1279129
3002 48804
3003 97553
3004 24406
3005 242452
3006 86071
3007 130819
3008 24400
3009 54892
3010 1114103
3011 61695
3012 24400
3013 41713
3014 48792
3015 41300
3016 698254
3017 461434
3018 24399
3019 34310
3020 88877
3021 269488
3022 37389
3023 80832
3024 41842
3025 54986
3026 1230155
3027 60335
3028 55141
3029 684713
3030 74170
3031 62555
3032 96058
3033 43452
3034 501281
3035 787026
3036 150085
3037 1214927
3038 425126
3039 432973
3040 170426
3041 109028
3042 145139
3043 24417
3044 95983
3045 83411
3046 111063
3047 111489
3048 24418
3049 159930
3050 48826
3051 24414
3052 537674
3053 405187
3054 48786
3055 24397
3056 24416
3057 24420
3058 161291
3059 113069
3060 24419
3061 70061
3062 24419
3063 54627
3064 24418
3065 24419
3066 24417
3067 24419
3068 175186
3069 250584
3070 142933
3071 145719
3072 1098769
3073 134672
3074 24415
3075 273173
3076 1035021
3077 401024
3078 330959
3079 1068562
3080 179725
3081 445124
3082 101247
3083 127396
3084 129529
3085 890724
3086 48829
3087 1042937
3088 879102
3089 274151
3090 470539
3091 243805
3092 125016
3093 449779
3094 295505
3095 728105
3096 278749
3097 161875
3098 48831
3099 24418
3100 366671
3101 118094
3102 389589
3103 24414
3104 128658
3105 720777
3106 439847
3107 24420
3108 99831
3109 430824
3110 219519
3111 952461
3112 24420
3113 427203
3114 296671
3115 874990
3116 2132520
3117 82708
3118 55097
3119 73222
3120 2368986
3121 50457
3122 2091433
3123 1292590
3124 122002
3125 47349
3126 2540699
3127 48830
3128 48821
3129 933572
3130 3055844
3131 1270561
3132 73133
3133 2220084
3134 1495038
3135 1225265
3136 24413
3137 1207789
3138 1526189
3139 1179563
3140 97617
3141 24419
3142 24408
3143 73224
3144 24415
3145 1187012
3146 2360921
3147 313007
3148 1261627
3149 306011
3150 1600782
3151 190933
3152 401377
3153 48823
3154 140488
3155 75279
3156 1236277
3157 471650
3158 127689
3159 2370115
3160 160494
3161 513293
3162 214764
3163 1268005
3164 220011
3165 221047
3166 97621
3167 24418
3168 1237653
3169 36623
3170 73195
3171 36615
3172 502656
3173 214369
3174 24417
3175 336656
3176 340922
3177 95353
3178 48801
3179 244452
3180 243340
3181 1562832
3182 258099
3183 24414
3184 277227
3185 24416
3186 341585
3187 297400
3188 24416
3189 24416
3190 73231
3191 24417
3192 1219292
3193 1080911
3194 1206742
3195 97603
3196 73209
3197 24415
3198 1074428
3199 48808
3200 24408
3201 1130779
3202 1066132
3203 1068849
3204 1074987
3205 121988
3206 97602
3207 73212
3208 1082357
3209 48815
3210 24411
3211 1090867
3212 1100160
3213 1598010
3214 1187616
3215 908691
3216 884652
3217 1198078
3218 860620
3219 1209368
3220 838358
3221 292473
3222 268143
3223 1221281
3224 523645
3225 243806
3226 499578
3227 1233657
3228 219485
3229 475532
3230 1757361
3231 451504
3232 1901186
3233 1936770
3234 427609
3235 273587
3236 128051
3237 1839679
3238 403858
3239 67114
3240 103674
3241 1852431
3242 380131
3243 580146
3244 79294
3245 356435
3246 249331
3247 332764
3248 309100
3249 285466
3250 261867
3251 54911
3252 248905
3253 246715
3254 250224
3255 259574
3256 210993
3257 556162
3258 269411
3259 36624
3260 279533
3261 532233
3262 225114
3263 36626
3264 200900
3265 290592
3266 48823
3267 302675
3268 508329
3269 315239
3270 328277
3271 484462
3272 200635
3273 176742
3274 194744
3275 460647
3276 436876
3277 341942
3278 356109
3279 330214
3280 413147
3281 370404
3282 389445
3283 463197
3284 365750
3285 342065
3286 218870
3287 152690
3288 188483
3289 164398
3290 200772
3291 188506
3292 128695
3293 182029
3294 181268
3295 146986
3296 138494
3297 180702
3298 185949
3299 197072
3300 208551
3301 220280
3302 104783
3303 86763
3304 74609
3305 68101
3306 135217
3307 24418
3308 705534
3309 674895
3310 267536
3311 94751
3312 105725
3313 24416
3314 73056
3315 48710
3316 24356
3317 146079
3318 48717
3319 24363
3320 169612
3321 210665
3322 155811
3323 24417
3324 2409019
3325 24418
3326 24247
3327 72722
3328 24247
3329 24418
3330 60920
3331 521362
3332 541680
3333 502774
3334 489979
3335 24415
3336 472729
3337 69852
3338 24419
3339 31080
3340 34453
3341 1476440
3342 1436588
3343 1423717
3344 1592301
3345 341031
3346 316825
3347 73182
3348 1424683
3349 1439169
3350 24394
3351 219492
3352 30497
3353 97602
3354 97602
3355 36616
3356 36606
3357 24412
3358 73213
3359 48816
3360 24412
3361 1380085
3362 3746177
3363 139010
3364 3567469
3365 66132
3366 44492
3367 198432
3368 61234
3369 2596307
3370 52786
3371 69529
3372 323946
3373 32791
3374 163282
3375 34198
3376 41227
3377 59782
3378 24420
3379 3587251
3380 28380
3381 95106
3382 59031
3383 429658
3384 43778
3385 127907
3386 63695
3387 3022629
3388 3176544
3389 195130
3390 463136
3391 170786
3392 139165
3393 24420
3394 122026
3395 3078837
3396 324676
3397 232467
3398 2514292
3399 73235
3400 122217
3401 24419
3402 73233
3403 24419
3404 102328
3405 24417
3406 24418
3407 24417
3408 48824
3409 114596
3410 642963
3411 238196
3412 24415
3413 2494694
3414 24420
3415 77288
3416 127483
3417 260558
3418 2544479
3419 48830
3420 128413
3421 24419
3422 3750746
3423 48831
3424 1349947
3425 1383157
3426 24419
3427 1903295
3428 789850
3429 693119
3430 308218
3431 1107813
3432 789372
3433 993170
3434 1134706
3435 366143
3436 73222
3437 386042
3438 836396
3439 920560
3440 31597
3441 1103989
3442 247550
3443 46349
3444 48819
3445 24410
3446 598867
3447 38032
3448 746063
3449 2526412
3450 2342871
3451 2343692
3452 1535899
3453 73223
3454 1449986
3455 121978
3456 1349662
3457 97593
3458 73203
3459 48823
3460 48805
3461 24415
3462 1096337
3463 24403
3464 268951
3465 292906
3466 158481
3467 159565
3468 148354
3469 135348
3470 144700
3471 149490
3472 1077691
3473 162923
3474 184085
3475 876558
3476 162782
3477 111325
3478 141917
3479 855936
3480 170571
3481 205546
3482 176830
3483 87502
3484 121986
3485 1168293
3486 97602
3487 523905
3488 146202
3489 73212
3490 48815
3491 121825
3492 24415
3493 97474
3494 726699
3495 538085
3496 24411
3497 566354
3498 388953
3499 217790
3500 399546
3501 73114
3502 235386
3503 1171992
3504 48751
3505 253681
3506 24379
3507 508414
3508 503289
3509 514375
3510 816900
3511 366202
3512 162860
3513 98284
3514 150424
3515 376315
3516 122938
3517 147410
3518 143119
3519 289743
3520 165213
3521 941608
3522 536965
3523 67208
3524 164570
3525 521665
3526 45154
3527 302019
3528 906227
3529 976785
3530 3609605
3531 507246
3532 502854
3533 1089174
3534 438177
3535 721878
3536 2959975
3537 70122
3538 146428
3539 972784
3540 162400
3541 869809
3542 450350
3543 3103397
3544 257273
3545 660638
3546 639288
3547 162805
3548 469524
3549 783003
3550 66034
3551 2218585
3552 118891
3553 164445
3554 2075445
3555 3193896
3556 53356
3557 149926
3558 66287
3559 233824
3560 70839
3561 186712
3562 210652
3563 132504
3564 127172
3565 187648
3566 57958
3567 895882
3568 1036582
3569 24418
3570 73230
3571 469166
3572 48827
3573 401264
3574 24417
3575 489491
3576 511616
3577 534136
3578 1075112
3579 395268
3580 1685075
3581 664260
3582 541191
3583 1659750
3584 219439
3585 519065
3586 1514625
3587 64859
3588 48290
3589 433081
3590 1510132
3591 39056
3592 409225
3593 195084
3594 193218
3595 41956
3596 188861
3597 385549
3598 170721
3599 218837
3600 146352
3601 163337
3602 121976
3603 362033
3604 153396
3605 97596
3606 339518
3607 248447
3608 75028
3609 73207
3610 50674
3611 246562
3612 264498
3613 432202
3614 97624
3615 35046
3616 73228
3617 37622
3618 38368
3619 48825
3620 36049
3621 48831
3622 24415
3623 598912
3624 47306
3625 269116
3626 157911
3627 97615
3628 124198
3629 71427
3630 147391
3631 505936
3632 480461
3633 145550
3634 397207
3635 73219
3636 422309
3637 385302
3638 379216
3639 417620
3640 433198
3641 412985
3642 364710
3643 158916
3644 37691
3645 306417
3646 64628
3647 157228
3648 24419
3649 423712
3650 605817
3651 77785
3652 48816
3653 24419
3654 24412
3655 650506
3656 740658
3657 173837
3658 460684
3659 188369
3660 758822
3661 208501
3662 347137
3663 458980
3664 245618
3665 964232
3666 149857
3667 403937
3668 167626
3669 125872
3670 24368
3671 238315
3672 195094
3673 430309
3674 101896
3675 1056051
3676 450694
3677 1069111
3678 78433
3679 24417
3680 90735
3681 57083
3682 146356
3683 244358
3684 46919
3685 318776
3686 50534
3687 314147
3688 152701
3689 996042
3690 982881
3691 981644
3692 929318
3693 1268508
3694 1043203
3695 523019
3696 1083052
3697 169155
3698 534704
3699 587227
3700 960384
3701 536711
3702 483801
3703 959910
3704 278111
3705 164592
3706 143160
3707 306396
3708 73236
3709 48832
3710 263521
3711 143813
3712 272863
3713 24420
3714 1102754
3715 24420
3716 454138
3717 762790
3718 1254358
3719 770970
3720 1006572
3721 1125380
3722 376491
3723 128206
3724 544050
3725 324078
3726 117363
3727 538651
3728 143822
3729 291440
3730 577710
3731 549851
3732 136070
3733 280411
3734 540950
3735 760754
3736 34867
3737 24418
3738 1865093
3739 1283892
3740 470109
3741 1474499
3742 502143
3743 192697
3744 81977
3745 132610
3746 1298898
3747 1455804
3748 101218
3749 549595
3750 1209017
3751 183925
3752 1209319
3753 24420
3754 556854
3755 1623640
3756 256714
3757 434276
3758 1760997
3759 233490
3760 130875
3761 48820
3762 24413
3763 166944
3764 545630
3765 153917
3766 472684
3767 326747
3768 110366
3769 168828
3770 1734257
3771 112730
3772 96655
3773 406388
3774 196433
3775 48825
3776 400587
3777 303223
3778 48826
3779 281506
3780 101214
3781 24415
3782 172441
3783 24416
3784 306809
3785 225807
3786 102971
3787 150721
3788 527410
3789 284227
3790 388259
3791 132489
3792 338876
3793 1567521
3794 69486
3795 494095
3796 116476
3797 173103
3798 322301
3799 48822
3800 73232
3801 157456
3802 52361
3803 58817
3804 73215
3805 184680
3806 1120562
3807 1657097
3808 1107119
3809 377736
3810 355332
3811 320580
3812 282798
3813 341041
3814 79033
3815 1502013
3816 3141417
3817 48828
3818 24406
3819 24416
3820 305205
3821 264722
3822 1296860
3823 271477
3824 252299
3825 24409
3826 1186432
3827 187047
3828 122758
3829 1246444
3830 40023
3831 147670
3832 84456
3833 860450
3834 1135563
3835 396396
3836 181299
3837 94441
3838 187867
3839 26283
3840 71793
3841 192092
3842 176126
3843 1141665
3844 81030
3845 639589
3846 24418
3847 407803
3848 633866
3849 326843
3850 128658
3851 196409
3852 125522
3853 129495
3854 98212
3855 170280
3856 145926
3857 454134
3858 91477
3859 24418
3860 427953
3861 710248
3862 97623
3863 145998
3864 24338
3865 737902
3866 24418
3867 115849
3868 97310
3869 235464
3870 30436
3871 42569
3872 24340
3873 73228
3874 342469
3875 67897
3876 97617
3877 235444
3878 48825
3879 5438983
3880 48802
3881 176941
3882 30536
3883 114983
3884 24413
3885 30522
3886 94971
3887 45576
3888 35891
3889 1557201
3890 168323
3891 4491999
3892 139161
3893 39947
3894 1589362
3895 170741
3896 72978
3897 220292
3898 48660
3899 24334
3900 158307
3901 180034
3902 135516
3903 5175734
3904 76200
3905 42909
3906 109951
3907 2186269
3908 528400
3909 34707
3910 1579773
3911 448709
3912 41764
3913 94638
3914 2370468
3915 24422
3916 146345
3917 72116
3918 48827
3919 121966
3920 24415
3921 1528737
3922 97590
3923 42702
3924 274752
3925 109013
3926 85976
3927 75066
3928 81340
3929 189445
3930 165169
3931 140296
3932 132204
3933 144178
3934 165961
3935 244402
3936 261889
3937 62468
3938 529730
3939 547912
3940 54273
3941 250495
3942 61075
3943 1624825
3944 1919094
3945 227117
3946 405120
3947 459899
3948 205142
3949 332177
3950 239256
3951 185036
3952 112360
3953 166120
3954 129869
3955 77244
3956 132097
3957 95723
3958 71945
3959 48452
3960 35350
3961 45199
3962 67879
3963 24390
3964 48776
3965 73156
3966 37244
3967 24413
3968 48818
3969 24409
3970 48811
3971 80485
3972 85390
3973 96610
3974 111966
3975 133316
3976 157276
3977 181445
3978 205672
3979 229899
3980 254133
3981 24417
3982 48827
3983 73230
3984 97624
3985 73234
3986 30520
3987 30522
3988 526897
3989 1619577
3990 1192982
3991 1588748
3992 24417
3993 2358498
3994 2499099
3995 340277
3996 2372625
3997 326233
3998 312858
3999 881106
4000 305201
4001 312572
4002 330291
4003 1631830
4004 417356
4005 41724
4006 604501
4007 443517
4008 358964
4009 41196
4010 73233
4011 1363562
4012 401880
4013 30522
4014 30522
4015 36697
4016 453597
4017 1181870
4018 1158523
4019 199356
4020 32608
4021 1169288
4022 378495
4023 132169
4024 53038
4025 114818
4026 50801
4027 1236572
4028 1086432
4029 69454
4030 314364
4031 45180
4032 76982
4033 24416
4034 302895
4035 27177
4036 917538
4037 55239
4038 359559
4039 198802
4040 24419
4041 249246
4042 190160
4043 245392
4044 52304
4045 246634
4046 709382
4047 175650
4048 552505
4049 289506
4050 442156
4051 524876
4052 211941
4053 24419
4054 133171
4055 327767
4056 238853
4057 245285
4058 130786
4059 116119
4060 421855
4061 48816
4062 80250
4063 230485
4064 121996
4065 97625
4066 583885
4067 49729
4068 48823
4069 24412
4070 459852
4071 327491
4072 24412
4073 110467
4074 119575
4075 306331
4076 97612
4077 72882
4078 96999
4079 73221
4080 286379
4081 73229
4082 48821
4083 163456
4084 24414
4085 48826
4086 510961
4087 49138
4088 462357
4089 160684
4090 24414
4091 98621
4092 169852
4093 30770
4094 24419
4095 30572
4096 87049
4097 438202
4098 60250
4099 24420
4100 365227
4101 267657
4102 119422
4103 60467
4104 24417
4105 48811
4106 341090
4107 24409
4108 99702
4109 128763
4110 24420
4111 48832
4112 182702
4113 164579
4114 149892
4115 24419
4116 48830
4117 24420
4118 123228
4119 104618
4120 251692
4121 110020
4122 97589
4123 73197
4124 48798
4125 24402
4126 268199
4127 146385
4128 24415
4129 97611
4130 73220
4131 36620
4132 24414
4133 24395
4134 48789
4135 73180
4136 195058
4137 97575
4138 73192
4139 48802
4140 24405
4141 72273
4142 47869
4143 24396
4144 24420
4145 73184
4146 97564
4147 48797
4148 24403
4149 121938
4150 24418
4151 73214
4152 216611
4153 48816
4154 184274
4155 148149
4156 72297
4157 24419
4158 24420
4159 193507
4160 24408
4161 80698
4162 214439
4163 101966
4164 235894
4165 193814
4166 73222
4167 212857
4168 24415
4169 30517
4170 398902
4171 414287
4172 170696
4173 281384
4174 146344
4175 1751034
4176 60992
4177 61000
4178 36605
4179 24419
4180 36617
4181 1057563
4182 1033672
4183 1009828
4184 24417
4185 986025
4186 962253
4187 938497
4188 919629
4189 165245
4190 170754
4191 564812
4192 146384
4193 540965
4194 122006
4195 140991
4196 116897
4197 97621
4198 92995
4199 542812
4200 426936
4201 121954
4202 443825
4203 170699
4204 300351
4205 146332
4206 97578
4207 73228
4208 247062
4209 121960
4210 73194
4211 74171
4212 97581
4213 48802
4214 48796
4215 24404
4216 233086
4217 24401
4218 73195
4219 48803
4220 24405
4221 48826
4222 67273
4223 67461
4224 24417
4225 560480
4226 420790
4227 627307
4228 152938
4229 135931
4230 105822
4231 100883
4232 453708
4233 597409
4234 394367
4235 101069
4236 24419
4237 652627
4238 77692
4239 278081
4240 365134
4241 292696
4242 340832
4243 56161
4244 316658
4245 272266
4246 249114
4247 97553
4248 37606
4249 42684
4250 194969
4251 30501
4252 24401
4253 121907
4254 110719
4255 57819
4256 320532
4257 73157
4258 100793
4259 48769
4260 24394
4261 70211
4262 24420
4263 30493
4264 24376
4265 116019
4266 24393
4267 24420
4268 136817
4269 486407
4270 330974
4271 351357
4272 1928378
4273 495719
4274 515008
4275 1789058
4276 2158373
4277 73231
4278 138184
4279 1755678
4280 73225
4281 2440999
4282 1738893
4283 48828
4284 2003164
4285 954877
4286 151609
4287 24417
4288 1014531
4289 154401
4290 48822
4291 24414
4292 2280091
4293 97615
4294 24418
4295 1081513
4296 73221
4297 48819
4298 146323
4299 24410
4300 1714126
4301 121955
4302 624706
4303 73188
4304 24406
4305 418404
4306 48799
4307 219425
4308 348192
4309 24403
4310 97619
4311 195070
4312 274222
4313 170707
4314 146337
4315 121959
4316 73224
4317 3461005
4318 97589
4319 24418
4320 97609
4321 48823
4322 73218
4323 48806
4324 24407
4325 48819
4326 24407
4327 1572445
4328 24415
4329 24412
4330 48824
4331 24415
4332 1289944
4333 48827
4334 24417
4335 3105277
4336 24417
4337 24410
4338 30512
4339 206506
4340 214173
4341 1687734
4342 1504096
4343 1508511
4344 35056
4345 48828
4346 24417
4347 24419
4348 73229
4349 48827
4350 97625
4351 24418
4352 24419
4353 24418
4354 42706
4355 24412
4356 97589
4357 30508
4358 672559
4359 649611
4360 627193
4361 606679
4362 587828
4363 1516813
4364 573743
4365 141360
4366 127726
4367 428171
4368 1004137
4369 975571
4370 698651
4371 313599
4372 24327
4373 112743
4374 322161
4375 50491
4376 303365
4377 341623
4378 37040
4379 690766
4380 107948
4381 99387
4382 38961
4383 56889
4384 423265
4385 222668
4386 93965
4387 87153
4388 218145
4389 59054
4390 128445
4391 86397
4392 48813
4393 1087123
4394 88417
4395 147065
4396 219147
4397 703604
4398 224073
4399 85577
4400 24419
4401 238197
4402 97627
4403 24410
4404 179118
4405 218354
4406 1382750
4407 50309
4408 83711
4409 1368922
4410 431601
4411 267963
4412 255617
4413 24416
4414 122030
4415 386647
4416 84068
4417 73231
4418 36702
4419 105964
4420 341343
4421 24412
4422 48829
4423 48829
4424 24417
4425 48807
4426 559837
4427 48830
4428 50922
4429 263212
4430 58942
4431 24419
4432 24408
4433 118365
4434 49755
4435 24410
4436 24419
4437 24417
4438 24419
4439 509370
4440 220070
4441 67910
4442 24416
4443 2267477
4444 142171
4445 24417
4446 183523
4447 99085
4448 414588
4449 202922
4450 85863
4451 163322
4452 72681
4453 55274
4454 913607
4455 370365
4456 1887750
4457 722650
4458 788055
4459 24412
4460 63981
4461 425667
4462 339558
4463 353923
4464 24420
4465 225675
4466 69586
4467 54379
4468 42939
4469 36089
4470 365563
4471 63866
4472 430836
4473 243881
4474 51472
4475 30720
4476 24412
4477 146347
4478 97586
4479 48799
4480 24402
4481 24406
4482 190711
4483 303409
4484 317717
4485 121936
4486 97554
4487 337314
4488 326584
4489 73164
4490 272368
4491 404589
4492 48772
4493 248596
4494 983299
4495 224858
4496 48812
4497 1329535
4498 201836
4499 911928
4500 24406
4501 736536
4502 899474
4503 180123
4504 48820
4505 1347077
4506 159467
4507 24414
4508 24390
4509 140069
4510 124642
4511 24414
4512 85701
4513 122350
4514 142098
4515 97627
4516 79248
4517 30524
4518 42719
4519 24422
4520 273542
4521 56642
4522 300785
4523 428000
4524 521548
4525 376766
4526 248959
4527 614217
4528 369497
4529 235289
4530 385522
4531 71110
4532 278499
4533 97460
4534 406877
4535 36500
4536 47041
4537 36576
4538 146377
4539 345153
4540 24364
4541 165679
4542 163298
4543 180903
4544 65530
4545 205182
4546 26489
4547 97609
4548 24415
4549 202441
4550 449582
4551 97624
4552 496235
4553 48815
4554 24418
4555 48823
4556 563262
4557 240762
4558 30521
4559 30524
4560 24411
4561 24411
4562 505705
4563 503014
4564 97628
4565 73221
4566 36622
4567 36623
4568 48818
4569 24422
4570 24413
4571 525138
4572 613614
4573 73225
4574 48824
4575 1467648
4576 24416
4577 920186
4578 486315
4579 30026
4580 25921
4581 415784
4582 394717
4583 389270
4584 101840
4585 296393
4586 143863
4587 24419
4588 146405
4589 380288
4590 108675
4591 24418
4592 359383
4593 24417
4594 109761
4595 97627
4596 528841
4597 88151
4598 24419
4599 48825
4600 24419
4601 24421
4602 91014
4603 113789
4604 545077
4605 30046
4606 126278
4607 289413
4608 515674
4609 106961
4610 240072
4611 44640
4612 118071
4613 185896
4614 137766
4615 55736
4616 32557
4617 85267
4618 114080
4619 212521
4620 31209
4621 85521
4622 26411
4623 116275
4624 155456
4625 69737
4626 24417
4627 79037
4628 48828
4629 24417
4630 83085
4631 24345
4632 48824
4633 24416
4634 104674
4635 125473
4636 48823
4637 30522
4638 30516
4639 24420
4640 334546
4641 292325
4642 819080
4643 799014
4644 279118
4645 186536
4646 165840
4647 73231
4648 48827
4649 24418
4650 154116
4651 24419
4652 48829
4653 24417
4654 498863
4655 209321
4656 187702
4657 724635
4658 207238
4659 97590
4660 73203
4661 743985
4662 48807
4663 765018
4664 24406
4665 926925
4666 146379
4667 61019
4668 30514
4669 36609
4670 24415
4671 30518
4672 24413
4673 48818
4674 73215
4675 877850
4676 2834465
4677 2762568
4678 3718144
4679 996156
4680 1005069
4681 1976115
4682 26376
4683 97405
4684 48707
4685 24370
4686 24365
4687 121735
4688 170395
4689 24364
4690 243328
4691 48717
4692 24362
4693 24409
4694 48805
4695 24400
4696 73208
4697 116968
4698 51577
4699 62181
4700 24418
4701 97620
4702 36615
4703 36622
4704 24418
4705 73218
4706 48817
4707 24407
4708 97615
4709 73223
4710 48822
4711 24414
4712 535927
4713 541257
4714 551176
4715 561281
4716 575335
4717 1005032
4718 484129
4719 460028
4720 436052
4721 412261
4722 388813
4723 365809
4724 343275
4725 320983
4726 298772
4727 276764
4728 255140
4729 234579
4730 214994
4731 196467
4732 179279
4733 162636
4734 146216
4735 132085
4736 120327
4737 109033
4738 98088
4739 92247
4740 99108
4741 113979
4742 129468
4743 148981
4744 172647
4745 309129
4746 307893
4747 325420
4748 141571
4749 343106
4750 137692
4751 667056
4752 140618
4753 663479
4754 400967
4755 697363
4756 303693
4757 817001
4758 85986
4759 147456
4760 73223
4761 48821
4762 58423
4763 283177
4764 24415
4765 103941
4766 882060
4767 80178
4768 160681
4769 24417
4770 57680
4771 262857
4772 28658
4773 364309
4774 36845
4775 177709
4776 330363
4777 48828
4778 242717
4779 24417
4780 1312176
4781 298877
4782 1344777
4783 122011
4784 222829
4785 24414
4786 97626
4787 758639
4788 173917
4789 196403
4790 41411
4791 620003
4792 48820
4793 31831
4794 24420
4795 24414
4796 24419
4797 703193
4798 1364385
4799 206503
4800 73225
4801 48822
4802 24415
4803 445992
4804 282966
4805 457741
4806 1386091
4807 256714
4808 24418
4809 63046
4810 1688773
4811 92759
4812 161016
4813 97584
4814 31636
4815 54895
4816 24408
4817 25195
4818 30509
4819 91490
4820 42371
4821 216515
4822 313124
4823 437814
4824 24419
4825 478901
4826 607078
4827 336951
4828 1782554
4829 124491
4830 24419
4831 24417
4832 24405
4833 109095
4834 85290
4835 61510
4836 37196
4837 25102
4838 37339
4839 61713
4840 215743
4841 48806
4842 30521
4843 30524
4844 48811
4845 73198
4846 104134
4847 97625
4848 42724
4849 30516
4850 24417
4851 24419
4852 730586
4853 24418
4854 97618
4855 36615
4856 36622
4857 24419
4858 122001
4859 2530557
4860 125556
4861 111511
4862 24420
4863 139328
4864 97612
4865 73218
4866 48815
4867 24411
4868 24413
4869 63439
4870 48620
4871 58760
4872 146446
4873 92700
4874 154055
4875 135298
4876 85383
4877 790201
4878 111332
4879 668548
4880 74696
4881 188907
4882 90738
4883 103307
4884 116300
4885 647406
4886 162629
4887 626799
4888 178895
4889 607114
4890 588543
4891 570831
4892 939143
4893 652898
4894 554111
4895 663455
4896 538049
4897 523748
4898 724618
4899 511154
4900 499780
4901 555895
4902 419352
4903 195059
4904 170695
4905 146326
4906 121956
4907 97580
4908 414483
4909 73196
4910 48805
4911 24406
4912 411741
4913 412125
4914 417245
4915 426516
4916 457093
4917 376524
4918 124712
4919 389645
4920 127314
4921 131953
4922 139297
4923 148793
4924 160682
4925 253303
4926 97516
4927 73126
4928 48758
4929 24382
4930 559367
4931 338014
4932 551935
4933 328784
4934 566104
4935 751662
4936 206989
4937 732949
4938 196029
4939 192194
4940 744222
4941 757261
4942 77980
4943 60711
4944 64818
4945 1237369
4946 364231
4947 964405
4948 348419
4949 333706
4950 950653
4951 321713
4952 1230016
4953 24418
4954 48830
4955 24419
4956 389100
4957 24382
4958 48793
4959 432325
4960 115094
4961 2214323
4962 2203107
4963 2236258
4964 2195318
4965 2266808
4966 90075
4967 81652
4968 97620
4969 84815
4970 48820
4971 24416
4972 24413
4973 99785
4974 408016
4975 160495
4976 1012023
4977 3798637
4978 1293226
4979 24419
4980 2542051
4981 951587
4982 2396091
4983 474043
4984 73045
4985 2689244
4986 48644
4987 24233
4988 1293243
4989 203264
4990 286534
4991 186945
4992 2457128
4993 1344852
4994 542911
4995 448498
4996 48678
4997 859686
4998 24338
4999 275780
5000 2475348
5001 521731
5002 281766
5003 1264751
5004 306963
5005 73216
5006 97610
5007 448287
5008 2494209
5009 36609
5010 36621
5011 48817
5012 837961
5013 24414
5014 231025
5015 45635
5016 48828
5017 2600393
5018 454575
5019 519544
5020 960155
5021 24418
5022 661088
5023 24412
5024 32449
5025 157628
5026 939748
5027 816544
5028 53092
5029 607670
5030 97631
5031 795445
5032 36626
5033 36620
5034 36478
5035 2609439
5036 382688
5037 24420
5038 336344
5039 607323
5040 123193
5041 2629686
5042 24413
5043 419424
5044 351063
5045 262100
5046 140568
5047 908121
5048 774756
5049 315985
5050 2650376
5051 797688
5052 237992
5053 180773
5054 389240
5055 102503
5056 214054
5057 485314
5058 97614
5059 46168
5060 162156
5061 376380
5062 2671541
5063 623143
5064 618745
5065 168347
5066 129708
5067 78216
5068 190883
5069 345828
5070 24420
5071 777251
5072 146141
5073 48812
5074 77434
5075 632098
5076 73427
5077 30319
5078 771154
5079 24415
5080 131319
5081 168678
5082 48819
5083 278095
5084 24417
5085 656905
5086 705267
5087 63692
5088 64628
5089 24408
5090 134835
5091 76577
5092 24418
5093 315225
5094 24405
5095 181487
5096 73979
5097 265493
5098 3450394
5099 4078218
5100 4725371
5101 609356
5102 1877681
5103 586628
5104 565559
5105 883320
5106 1888677
5107 129950
5108 2719856
5109 793820
5110 549598
5111 790413
5112 107022
5113 1906285
5114 792950
5115 2742016
5116 1054453
5117 48828
5118 590272
5119 53552
5120 3470091
5121 284810
5122 408113
5123 820052
5124 24418
5125 2584589
5126 24419
5127 262629
5128 44997
5129 2434277
5130 1190160
5131 2534208
5132 44893
5133 87489
5134 708533
5135 311792
5136 1052946
5137 721659
5138 2344986
5139 2540611
5140 242098
5141 1983234
5142 97589
5143 53176
5144 2421797
5145 146401
5146 320972
5147 24419
5148 97415
5149 42685
5150 2667465
5151 110128
5152 219459
5153 30521
5154 1143654
5155 24408
5156 1198999
5157 300122
5158 714934
5159 34843
5160 73969
5161 610590
5162 97622
5163 195154
5164 24418
5165 103615
5166 44620
5167 255832
5168 73220
5169 51886
5170 73228
5171 747809
5172 24416
5173 48826
5174 2445030
5175 1522258
5176 1198992
5177 59538
5178 24416
5179 117122
5180 63432
5181 464058
5182 48820
5183 179451
5184 72879
5185 24414
5186 1640485
5187 1682316
5188 235203
5189 97620
5190 1232653
5191 174134
5192 73226
5193 24418
5194 991226
5195 24420
5196 24414
5197 1043649
5198 48824
5199 88623
5200 1026404
5201 1712382
5202 48830
5203 2646855
5204 188627
5205 578268
5206 250549
5207 24416
5208 24419
5209 311679
5210 183010
5211 2345412
5212 48830
5213 1211216
5214 121980
5215 226246
5216 1771281
5217 1760089
5218 2241888
5219 1541287
5220 213396
5221 538174
5222 98682
5223 529383
5224 121963
5225 97630
5226 150568
5227 97579
5228 42724
5229 401316
5230 36625
5231 1602751
5232 30524
5233 364985
5234 97627
5235 340677
5236 316362
5237 73189
5238 36624
5239 54932
5240 256713
5241 24418
5242 165305
5243 386714
5244 24403
5245 24404
5246 156174
5247 292151
5248 170350
5249 378375
5250 201085
5251 318842
5252 372462
5253 285496
5254 97192
5255 179766
5256 97614
5257 72803
5258 407730
5259 102130
5260 30499
5261 48814
5262 1170696
5263 189905
5264 24410
5265 24418
5266 30517
5267 24416
5268 48833
5269 31552
5270 24413
5271 48820
5272 48823
5273 217944
5274 24414
5275 194999
5276 24414
5277 205753
5278 143203
5279 66452
5280 135692
5281 68137
5282 794056
5283 414030
5284 50888
5285 66482
5286 247236
5287 227530
5288 135527
5289 365573
5290 24419
5291 153699
5292 274853
5293 189050
5294 67197
5295 203036
5296 146372
5297 26561
5298 24418
5299 33989
5300 195151
5301 115685
5302 225192
5303 73945
5304 283052
5305 97605
5306 24419
5307 310005
5308 301022
5309 48811
5310 682112
5311 24408
5312 24415
5313 185584
5314 143824
5315 97616
5316 218513
5317 388496
5318 73228
5319 30518
5320 24851
5321 42718
5322 662720
5323 41971
5324 24420
5325 24412
5326 24417
5327 24418
5328 157931
5329 649743
5330 379558
5331 24416
5332 208142
5333 446608
5334 214630
5335 214370
5336 223973
5337 221754
5338 242149
5339 236142
5340 364159
5341 392483
5342 256530
5343 125564
5344 106542
5345 316238
5346 88817
5347 138631
5348 319967
5349 506151
5350 157764
5351 505368
5352 154009
5353 283995
5354 73977
5355 164303
5356 340802
5357 168944
5358 243903
5359 67076
5360 182007
5361 478657
5362 463788
5363 363102
5364 121984
5365 171602
5366 203216
5367 44104
5368 290171
5369 184520
5370 368700
5371 97574
5372 225412
5373 165258
5374 378826
5375 76092
5376 123667
5377 73181
5378 97603
5379 417499
5380 96318
5381 676862
5382 121920
5383 93505
5384 508594
5385 242057
5386 102101
5387 281744
5388 339231
5389 349034
5390 444202
5391 100805
5392 48796
5393 220795
5394 45112
5395 82537
5396 109711
5397 199953
5398 59244
5399 94530
5400 233650
5401 38039
5402 217291
5403 73215
5404 157930
5405 170705
5406 437687
5407 256947
5408 56260
5409 480847
5410 371801
5411 40923
5412 194653
5413 590486
5414 292728
5415 339965
5416 121971
5417 291499
5418 303989
5419 117211
5420 80676
5421 61489
5422 138451
5423 52656
5424 354243
5425 58243
5426 146338
5427 97592
5428 488872
5429 48827
5430 457426
5431 736900
5432 216808
5433 278425
5434 227229
5435 24417
5436 480815
5437 174948
5438 121966
5439 48818
5440 24416
5441 73205
5442 48826
5443 159884
5444 176751
5445 754766
5446 454619
5447 24412
5448 66027
5449 317102
5450 170693
5451 48825
5452 136759
5453 121940
5454 87531
5455 85209
5456 50355
5457 871870
5458 24415
5459 510824
5460 820774
5461 24409
5462 580232
5463 1181764
5464 1161983
5465 1147303
5466 141276
5467 121490
5468 130527
5469 79045
5470 102791
5471 242440
5472 131723
5473 254477
5474 72104
5475 140524
5476 117849
5477 80043
5478 385821
5479 209207
5480 56336
5481 109675
5482 398990
5483 121970
5484 24411
5485 421193
5486 97587
5487 48803
5488 36615
5489 24400
5490 34295
5491 30520
5492 550840
5493 45047
5494 131942
5495 65695
5496 554489
5497 119602
5498 577626
5499 181052
5500 121979
5501 136222
5502 97596
5503 155594
5504 42712
5505 177385
5506 36608
5507 30514
5508 994472
5509 1461742
5510 888471
5511 984948
5512 977118
5513 73227
5514 877095
5515 1066114
5516 24419
5517 48825
5518 87780
5519 1045208
5520 1070685
5521 979900
5522 65455
5523 219399
5524 24415
5525 1087982
5526 73225
5527 1107465
5528 121879
5529 34299
5530 97493
5531 73128
5532 46606
5533 24383
5534 30486
5535 48825
5536 24416
5537 24420
5538 89506
5539 74561
5540 24417
5541 96433
5542 119674
5543 143641
5544 60626
5545 24419
5546 24418
5547 113829
5548 69304
5549 77687
5550 77921
5551 151670
5552 215616
5553 109978
5554 48732
5555 24328
5556 24417
5557 24412
5558 24418
5559 378329
5560 396063
5561 416453
5562 459833
5563 479041
5564 500270
5565 24415
5566 24417
5567 24418
5568 48826
5569 73228
5570 710991
5571 893670
5572 160754
5573 226456
5574 216782
5575 944541
5576 251857
5577 190116
5578 146119
5579 97617
5580 264109
5581 36622
5582 103332
5583 48817
5584 36623
5585 954154
5586 83641
5587 278357
5588 97331
5589 974297
5590 72936
5591 743751
5592 24415
5593 995034
5594 24414
5595 1016357
5596 851309
5597 49006
5598 477165
5599 49215
5600 1038028
5601 867838
5602 24906
5603 85970
5604 103607
5605 24417
5606 35785
5607 436780
5608 911379
5609 394625
5610 24414
5611 24418
5612 931012
5613 998785
5614 48803
5615 1041368
5616 24405
5617 24417
5618 91907
5619 144243
5620 87881
5621 48756
5622 96609
5623 24381
5624 237489
5625 259101
5626 281074
5627 303318
5628 325840
5629 348538
5630 371430
5631 394557
5632 417831
5633 441197
5634 464764
5635 488558
5636 512492
5637 37100
5638 31747
5639 158665
5640 24413
5641 24412
5642 195253
5643 24416
5644 334187
5645 407616
5646 91714
5647 89510
5648 308727
5649 121211
5650 73215
5651 48814
5652 24406
5653 97585
5654 73199
5655 48808
5656 24408
5657 38417
5658 35571
5659 51687
5660 247090
5661 180592
5662 165044
5663 24417
5664 24417
5665 24415
5666 24418
5667 48828
5668 24417
5669 24410
5670 48810
5671 24412
5672 48821
5673 24419
5674 55758
5675 47035
5676 2120536
5677 1255694
5678 2053797
5679 1233720
5680 523094
5681 689636
5682 2073126
5683 500704
5684 667276
5685 645569
5686 624150
5687 24414
5688 241089
5689 290444
5690 169761
5691 145392
5692 121017
5693 96820
5694 201343
5695 72617
5696 48406
5697 24414
5698 24196
5699 24380
5700 2693218
5701 48804
5702 24412
5703 24413
5704 48803
5705 24408
5706 48810
5707 73211
5708 24411
5709 48814
5710 73212
5711 147904
5712 134197
5713 126521
5714 24403
5715 48816
5716 24411
5717 73218
5718 73220
5719 48821
5720 24415
5721 195139
5722 175283
5723 216137
5724 160642
5725 410776
5726 520442
5727 97617
5728 48822
5729 48821
5730 24412
5731 181813
5732 897692
5733 162935
5734 149067
5735 136140
5736 123818
5737 391804
5738 118151
5739 340493
5740 48821
5741 328566
5742 24414
5743 119101
5744 293388
5745 307239
5746 330084
5747 219424
5748 48819
5749 195072
5750 24412
5751 170713
5752 146344
5753 121969
5754 97584
5755 73199
5756 48806
5757 24403
5758 24418
5759 24418
5760 48828
5761 530651
5762 465680
5763 453593
5764 473676
5765 48817
5766 24407
5767 73815
5768 97580
5769 73190
5770 48800
5771 24405
5772 24415
5773 24414
5774 24417
5775 94240
5776 74675
5777 60862
5778 97624
5779 42720
5780 30522
5781 24420
5782 24417
5783 24412
5784 24418
5785 97539
5786 36573
5787 36595
5788 24396
5789 209867
5790 146817
5791 184919
5792 213200
5793 218495
5794 24416
5795 233765
5796 24356
5797 48733
5798 73101
5799 97462
5800 121815
5801 146162
5802 170332
5803 194675
5804 534931
5805 316425
5806 292124
5807 267818
5808 243502
5809 219179
5810 194847
5811 170509
5812 146164
5813 121818
5814 97466
5815 73108
5816 48744
5817 24373
5818 24415
5819 130192
5820 126313
5821 24407
5822 48811
5823 73206
5824 1724354
5825 1638085
5826 170727
5827 146359
5828 121983
5829 97599
5830 1684060
5831 1730628
5832 73210
5833 48812
5834 24411
5835 40730
5836 42420
5837 24418
5838 48816
5839 24410
5840 73218
5841 48818
5842 24412
5843 75126
5844 94436
5845 33603
5846 48373
5847 26855
5848 115975
5849 75675
5850 139129
5851 63669
5852 179019
5853 62750
5854 79125
5855 141531
5856 163711
5857 24417
5858 132720
5859 165723
5860 446325
5861 114759
5862 48826
5863 24416
5864 24405
5865 48805
5866 24330
5867 170236
5868 121572
5869 72960
5870 24328
5871 36450
5872 24328
5873 62463
5874 92953
5875 24414
5876 24420
5877 44149
5878 35178
5879 73077
5880 48725
5881 24364
5882 24417
5883 406976
5884 55544
5885 24416
5886 517291
5887 695696
5888 700970
5889 179439
5890 24409
5891 192206
5892 24416
5893 312989
5894 24413
5895 24416
5896 990458
5897 2387995
5898 24417
5899 444434
5900 24416
5901 97575
5902 73189
5903 48799
5904 24401
5905 73223
5906 48820
5907 24411
5908 24416
5909 236203
5910 250138
5911 267191
5912 286710
5913 24415
5914 24418
5915 48827
5916 24408
5917 73198
5918 24421
5919 146335
5920 24416
5921 48794
5922 24412
5923 559686
5924 334782
5925 176703
5926 261826
5927 48842
5928 128086
5929 24414
5930 213242
5931 24492
5932 24500
5933 79350
5934 97590
5935 91455
5936 24408
5937 67126
5938 55050
5939 42805
5940 24586
5941 24408
5942 24411
5943 48806
5944 24407
5945 24414
5946 935419
5947 1382339
5948 1388577
5949 178163
5950 199657
5951 222060
5952 244850
5953 828387
5954 1424732
5955 807115
5956 932388
5957 507894
5958 786820
5959 771750
5960 591703
5961 552682
5962 550641
5963 97587
5964 535737
5965 73194
5966 24416
5967 48793
5968 55759
5969 304236
5970 24400
5971 506401
5972 32572
5973 48823
5974 24414
5975 538640
5976 149941
5977 28217
5978 115906
5979 162509
5980 44482
5981 90676
5982 24415
5983 102875
5984 825530
5985 344960
5986 24415
5987 48824
5988 24416
5989 24415
5990 1190989
5991 24418
5992 24410
5993 2288676
5994 2286923
5995 1366374
5996 921892
5997 248240
5998 224731
5999 902946
6000 202910
6001 884962
6002 1098005
6003 24417
6004 157768
6005 138721
6006 126058
6007 723996
6008 24413
6009 94562
6010 94436
6011 115415
6012 24417
6013 136614
6014 700998
6015 24415
6016 332834
6017 24415
6018 301585
6019 518243
6020 534861
6021 356610
6022 24415
6023 282766
6024 402207
6025 24417
6026 373974
6027 24414
6028 354068
6029 426206
6030 304526
6031 50911
6032 325438
6033 340008
6034 43313
6035 285008
6036 335032
6037 24365
6038 104201
6039 73205
6040 52804
6041 254748
6042 247248
6043 24404
6044 24404
6045 352205
6046 24416
6047 291406
6048 24412
6049 163661
6050 330360
6051 184302
6052 188270
6053 24417
6054 161123
6055 164396
6056 140766
6057 148866
6058 57044
6059 114116
6060 115272
6061 233118
6062 125485
6063 61186
6064 75861
6065 48824
6066 24415
6067 184101
6068 72923
6069 166803
6070 33252
6071 185578
6072 50459
6073 24416
6074 73222
6075 48822
6076 24414
6077 24411
6078 24413
6079 519317
6080 541115
6081 588250
6082 24418
6083 136452
6084 24417
6085 93672
6086 72337
6087 252528
6088 275154
6089 25918
6090 94911
6091 48128
6092 71045
6093 298731
6094 328630
6095 98173
6096 370549
6097 24399
6098 48803
6099 73197
6100 97590
6101 146371
6102 24418
6103 24417
6104 24413
