7
8
>remain Edge=====================
0 3 6 2
0 3 7 2
0 3 5 2
0 3 1 2
>remain Vertex=====================
1 5752.768066 5952.22168
3 5752.768066 5952.22168
5 5752.768066 5952.22168
6 5752.768066 5952.22168
7 5752.768066 5952.22168
>tree=============================
.0 0.0 0.0
  .3 5752.768066 5952.22168
    .8 5752.768066 5952.22168
    .4 5752.768066 5952.22168
    .2 5752.768066 5952.22168
        > 5 3 8 1
        > 6 8 6 1
        > 7 7 8 1
        > 3 4 3 1
        > 4 4 5 1
        > 2 3 2 1
        > 1 1 2 1
