3000 5769.3125 5966.711426 567
2996 5752.768066 5952.22168 617
3013 5796.037598 5995.69043 519
2982 5649.259766 5943.305176 1777
3022 5833.368652 6017.610352 471
2983 5647.987305 5967.454102 2567
2975 5664.53125 5891.291504 1661
3032 5903.788086 6069.995605 1743
2979 5572.477051 5974.513184 1917
2998 5723.921387 5997.17627 1477
2987 5642.04834 6000.148438 395
2969 5691.681152 5858.96875 1753
3021 5938.998047 6039.530273 3817
3030 5831.247559 6089.314941 1387
2974 5524.541016 5966.339844 1961
3020 5794.34082 6065.908691 1429
2992 5635.685059 6030.61377 199
2966 5706.528809 5849.309082 4091
3038 6012.387207 6093.030273 4073
2995 5847.367676 5973.398926 2293
2971 5497.391113 5964.481934 2043
2953 5592.839355 5809.555664 3217
2970 5727.314941 5835.190918 4119
3152 6068.383301 6133.897949 3401
3321 6073.897949 6040.273438 1113
2973 5483.39209 5969.312012 1899
2946 5563.144043 5798.78125 2905
2959 5603.444824 5783.548828 587
2978 5781.19043 5798.409668 2487
3149 6111.65332 6165.477539 1987
3158 6043.354492 6178.109863 1343
3320 6087.048828 6017.610352 829
3323 6011.962891 5997.17627 199
2976 5466.847656 5985.65918 1751
2938 5502.057617 5776.118164 2959
2963 5663.258789 5748.99707 395
2985 5838.883301 5759.770996 2383
2997 5865.608887 5895.749512 199
3147 6120.561523 6188.883789 1835
3154 6031.052246 6236.067871 1197
3322 6092.987793 5990.48877 705
1062 5415.09375 6059.592773 1613
2933 5546.175781 5750.111328 1487
2945 5451.151855 5805.840332 1669
2968 5687.863281 5781.691406 199
2988 5853.306641 5749.739746 1679
3028 5964.875 5906.523926 839
3126 6141.348145 6390.250977 1811
3146 5964.875 6327.463379 1149
3042 6092.987793 5966.711426 631
1057 5396.428223 6067.023438 1605
2930 5568.65918 5730.42041 1315
2948 5444.788574 5795.809082 959
2954 5424.001953 5836.677246 711
3002 5820.218262 5694.01123 395
2990 5883.001953 5729.306152 1151
3033 5979.29834 5910.239258 785
3120 6170.194824 6400.282227 1151
3130 6112.925781 6380.219727 689
3159 5821.066406 6275.078125 775
3133 6080.26123 6369.074219 325
3036 6086.624512 5886.461426 885
1058 5394.731445 6060.335938 633
1055 5401.942871 6082.255859 967
2926 5588.172852 5692.15332 1155
2947 5406.185059 5732.27832 395
2499 5340.007812 5769.059082 395
2964 5364.187988 5913.583008 623
3004 5826.581055 5679.521484 199
3027 5978.025879 5854.138672 395
2984 5921.605469 5702.927734 589
3114 6170.194824 6354.956055 395
3122 6177.830566 6403.254395 589
3134 6096.805664 6412.171387 395
3324 5526.237793 6173.279785 589
3007 6078.564453 5775.003906 395
3449 5371.82373 6037.30127 495
1059 5417.214844 6107.519531 395
1049 5389.216309 6096.374023 395
2925 5580.961426 5656.115234 395
2929 5626.776367 5692.15332 395
2928 5552.963379 5686.952148 199
2944 5416.366211 5726.705078 199
2492 5321.342285 5779.090332 199
1050 5302.252441 5999.03418 423
2972 5324.73584 5888.319336 199
3024 6005.175293 5850.42334 199
2981 5953.845703 5681.378906 199
3006 6002.206055 5783.548828 199
3096 6255.037598 6264.303711 199
3127 6163.407227 6428.518555 199
3116 6249.522949 6427.775391 199
3138 6091.291016 6462.69873 199
1064 5508.42041 6166.963867 199
3325 5596.23291 6101.946777 199
2999 6058.202148 5749.739746 199
3450 5433.758789 6118.293945 199
1046 5387.943848 6100.832031 199
2927 5569.507324 5618.219727 199
2934 5663.258789 5679.521484 199
