>remain Edge=====================
787 2946 2971 178.269913
788 2946 2953 31.589548
789 2938 2946 65.154945
896 3038 3152 69.323372
897 3021 3038 90.819702
942 2978 2985 69.436409
1027 3149 3152 53.568321
1028 2995 3021 113.002129
1029 2970 2995 183.068604
1030 2970 2978 65.23365
1031 2966 2970 25.127392
1186 2953 2966 120.439301
0 2953 2971 198.22784800000002
0 2983 2953 295.481785
0 2966 2983 138.317278
0 2983 3021 345.278889
0 3038 2985 557.522144
0 2938 2971 570.1892499999999
>Tree Vertex===================
2970 5727.314941 5835.190918
2966 5706.528809 5849.309082
3038 6012.387207 6093.030273
3021 5938.998047 6039.530273
3152 6068.383301 6133.897949
2953 5592.839355 5809.555664
2938 5502.057617 5776.118164
2946 5563.144043 5798.78125
2983 5647.987305 5967.454102
2978 5781.19043 5798.409668
2985 5838.883301 5759.770996
2995 5847.367676 5973.398926
2971 5497.391113 5964.481934
3149 6111.65332 6165.477539
>tree============================
.0 0.0 0.0
  .2970 5727.314941 5835.190918
    .2970 5727.314941 5835.190918
      .2970 5727.314941 5835.190918
        .2970 5727.314941 5835.190918
          .2970 5727.314941 5835.190918
            .2970 5727.314941 5835.190918
              .2970 5727.314941 5835.190918
                .2970 5727.314941 5835.190918
                > 1029 2970 2995 183.068604
                > 1030 2970 2978 65.23365
                > 1031 2966 2970 25.127392
              > 1029 2970 2995 183.068604
              > 1030 2970 2978 65.23365
              > 1031 2966 2970 25.127392
            > 1029 2970 2995 183.068604
            > 1030 2970 2978 65.23365
            > 1031 2966 2970 25.127392
          > 1029 2970 2995 183.068604
          > 1030 2970 2978 65.23365
          > 1031 2966 2970 25.127392
        > 1029 2970 2995 183.068604
        > 1030 2970 2978 65.23365
        > 1031 2966 2970 25.127392
      > 1029 2970 2995 183.068604
      > 1030 2970 2978 65.23365
      > 1031 2966 2970 25.127392
    > 1029 2970 2995 183.068604
    > 1030 2970 2978 65.23365
    > 1031 2966 2970 25.127392
  .2966 5706.528809 5849.309082
    .2966 5706.528809 5849.309082
      .2966 5706.528809 5849.309082
        .2966 5706.528809 5849.309082
          .2966 5706.528809 5849.309082
            .2966 5706.528809 5849.309082
              .2966 5706.528809 5849.309082
                .2966 5706.528809 5849.309082
                .2969 5691.681152 5858.96875
                > 1031 2966 2970 25.127392
                > 1181 2966 2969 17.713331
                > 1182 2969 2975 42.212292
                > 1186 2953 2966 120.439301
              .2975 5664.53125 5891.291504
              > 1031 2966 2970 25.127392
              > 1186 2953 2966 120.439301
              > 0 2966 2975 59.925623
              > 0 2983 2975 78.391655
            > 1031 2966 2970 25.127392
            > 1186 2953 2966 120.439301
            > 0 2966 2983 138.317278
          > 1031 2966 2970 25.127392
          > 1186 2953 2966 120.439301
          > 0 2966 2983 138.317278
        > 1031 2966 2970 25.127392
        > 1186 2953 2966 120.439301
        > 0 2966 2983 138.317278
      > 1031 2966 2970 25.127392
      > 1186 2953 2966 120.439301
      > 0 2966 2983 138.317278
    > 1031 2966 2970 25.127392
    > 1186 2953 2966 120.439301
    > 0 2966 2983 138.317278
  .3038 6012.387207 6093.030273
    .3038 6012.387207 6093.030273
      .3038 6012.387207 6093.030273
        .3038 6012.387207 6093.030273
          .3038 6012.387207 6093.030273
            .3038 6012.387207 6093.030273
              .3038 6012.387207 6093.030273
                .3038 6012.387207 6093.030273
                .3321 6073.897949 6040.273438
                > 896 3038 3152 69.323372
                > 897 3021 3038 90.819702
                > 898 3038 3321 81.036133
                > 899 3320 3321 26.202311
                > 932 3321 3323 75.454071
              .3320 6087.048828 6017.610352
              .3323 6011.962891 5997.17627
              > 896 3038 3152 69.323372
              > 897 3021 3038 90.819702
              > 0 3038 3320 107.23844400000002
              > 900 3320 3322 27.764212
              > 0 3038 3323 156.490204
            .3322 6092.987793 5990.48877
            > 896 3038 3152 69.323372
            > 897 3021 3038 90.819702
            > 0 3038 3322 135.002656
            > 901 3042 3322 23.777344
          .3042 6092.987793 5966.711426
          > 896 3038 3152 69.323372
          > 897 3021 3038 90.819702
          > 0 3038 3042 158.78
          > 0 2985 3042 398.742144
        > 896 3038 3152 69.323372
        > 897 3021 3038 90.819702
        > 0 3038 2985 557.522144
      > 896 3038 3152 69.323372
      > 897 3021 3038 90.819702
      > 0 3038 2985 557.522144
    > 896 3038 3152 69.323372
    > 897 3021 3038 90.819702
    > 0 3038 2985 557.522144
  .3021 5938.998047 6039.530273
    .3021 5938.998047 6039.530273
      .3021 5938.998047 6039.530273
        .3021 5938.998047 6039.530273
          .3021 5938.998047 6039.530273
            .3021 5938.998047 6039.530273
              .3021 5938.998047 6039.530273
                .3021 5938.998047 6039.530273
                .3032 5903.788086 6069.995605
                > 897 3021 3038 90.819702
                > 1028 2995 3021 113.002129
                > 1089 3021 3032 46.560474
                > 1090 3030 3032 75.069069
                > 1143 3022 3032 87.767372
              .3030 5831.247559 6089.314941
              .3022 5833.368652 6017.610352
              > 897 3021 3038 90.819702
              > 1028 2995 3021 113.002129
              > 0 3021 3030 121.629543
              > 1091 3020 3030 43.703087
              > 0 3021 3022 134.327846
              > 1142 3013 3022 43.290768
            .3013 5796.037598 5995.69043
            > 897 3021 3038 90.819702
            > 1028 2995 3021 113.002129
            > 0 3021 3013 177.61861399999998
            > 0 2983 3013 189.48756600000002
            > 0 2983 3021 345.278889
          > 897 3021 3038 90.819702
          > 1028 2995 3021 113.002129
          > 0 2983 3021 345.278889
        > 897 3021 3038 90.819702
        > 1028 2995 3021 113.002129
        > 0 2983 3021 345.278889
      > 897 3021 3038 90.819702
      > 1028 2995 3021 113.002129
      > 0 2983 3021 345.278889
    > 897 3021 3038 90.819702
    > 1028 2995 3021 113.002129
    > 0 2983 3021 345.278889
  .3152 6068.383301 6133.897949
    .3152 6068.383301 6133.897949
      .3152 6068.383301 6133.897949
        .3152 6068.383301 6133.897949
          .3152 6068.383301 6133.897949
            .3152 6068.383301 6133.897949
              .3152 6068.383301 6133.897949
                .3152 6068.383301 6133.897949
                .3158 6043.354492 6178.109863
                > 896 3038 3152 69.323372
                > 1027 3149 3152 53.568321
                > 1106 3152 3158 50.804867
                > 1107 3154 3158 59.249268
              .3154 6031.052246 6236.067871
              > 896 3038 3152 69.323372
              > 1027 3149 3152 53.568321
              > 0 3152 3154 110.054135
              > 1108 3146 3154 112.838676
            .3146 5964.875 6327.463379
            > 896 3038 3152 69.323372
            > 1027 3149 3152 53.568321
            > 0 3152 3146 222.892811
            > 1109 3146 3159 153.052689
            > 1110 3133 3146 122.659874
          .3159 5821.066406 6275.078125
          .3133 6080.26123 6369.074219
          > 896 3038 3152 69.323372
          > 1027 3149 3152 53.568321
          > 0 3152 3159 375.9455
          > 1017 3159 3324 311.908325
          > 0 3152 3133 345.552685
          > 0 3149 3133 292.135669
        .3324 5526.237793 6173.279785
        > 896 3038 3152 69.323372
        > 1027 3149 3152 53.568321
        > 0 3152 3324 687.8538249999999
        > 1016 1064 3324 18.903702
        > 1018 3324 3325 99.938553
      .1064 5508.42041 6166.963867
      .3325 5596.23291 6101.946777
      > 896 3038 3152 69.323372
      > 1027 3149 3152 53.568321
      > 0 3152 1064 706.7575269999999
      > 0 3152 3325 787.7923779999999
    > 896 3038 3152 69.323372
    > 1027 3149 3152 53.568321
  .2953 5592.839355 5809.555664
    .2953 5592.839355 5809.555664
      .2953 5592.839355 5809.555664
        .2953 5592.839355 5809.555664
          .2953 5592.839355 5809.555664
            .2953 5592.839355 5809.555664
              .2953 5592.839355 5809.555664
                .2953 5592.839355 5809.555664
                .2959 5603.444824 5783.548828
                .2974 5524.541016 5966.339844
                > 788 2946 2953 31.589548
                > 1186 2953 2966 120.439301
                > 1253 2953 2959 28.086143
                > 1252 2959 2963 69.076294
                > 1254 2953 2974 171.01445
                > 818 2974 2979 48.627842
                > 819 2971 2974 27.213398
              .2963 5663.258789 5748.99707
              > 788 2946 2953 31.589548
              > 1186 2953 2966 120.439301
              > 0 2953 2963 97.16243700000001
              > 1251 2963 2968 40.918221
              > 0 2953 2971 198.22784800000002
              > 0 2983 2953 295.481785
            .2968 5687.863281 5781.691406
            > 788 2946 2953 31.589548
            > 1186 2953 2966 120.439301
            > 0 2953 2971 198.22784800000002
            > 0 2983 2953 295.481785
            > 0 2953 2968 138.08065800000003
          > 788 2946 2953 31.589548
          > 1186 2953 2966 120.439301
          > 0 2953 2971 198.22784800000002
          > 0 2983 2953 295.481785
        > 788 2946 2953 31.589548
        > 1186 2953 2966 120.439301
        > 0 2953 2971 198.22784800000002
        > 0 2983 2953 295.481785
      > 788 2946 2953 31.589548
      > 1186 2953 2966 120.439301
      > 0 2953 2971 198.22784800000002
      > 0 2983 2953 295.481785
    > 788 2946 2953 31.589548
    > 1186 2953 2966 120.439301
    > 0 2953 2971 198.22784800000002
    > 0 2983 2953 295.481785
  .2938 5502.057617 5776.118164
    .2938 5502.057617 5776.118164
      .2938 5502.057617 5776.118164
        .2938 5502.057617 5776.118164
          .2938 5502.057617 5776.118164
            .2938 5502.057617 5776.118164
              .2938 5502.057617 5776.118164
                .2938 5502.057617 5776.118164
                .2933 5546.175781 5750.111328
                .2945 5451.151855 5805.840332
                > 789 2938 2946 65.154945
                > 860 2933 2938 51.212967
                > 859 2930 2933 29.887045
                > 862 2938 2945 58.947468
                > 861 2945 2948 11.879281
                > 863 2945 2954 41.08567
              .2930 5568.65918 5730.42041
              .2948 5444.788574 5795.809082
              .2954 5424.001953 5836.677246
              > 789 2938 2946 65.154945
              > 0 2938 2930 81.10001199999999
              > 858 2926 2930 42.95525
              > 0 2938 2948 70.826749
              > 1053 2947 2948 74.339691
              > 1256 2499 2948 108.141434
              > 0 2938 2954 100.03313800000001
              > 864 2954 2964 97.427956
            .2926 5588.172852 5692.15332
            .2947 5406.185059 5732.27832
            .2499 5340.007812 5769.059082
            .2964 5364.187988 5913.583008
            > 789 2938 2946 65.154945
            > 0 2938 2926 124.055262
            > 646 2925 2926 36.752529
            > 857 2926 2929 38.603516
            > 1051 2926 2928 35.59156
            > 0 2938 2947 145.16644000000002
            > 767 2944 2947 11.60676
            > 1054 2499 2947 75.711639
            > 0 2938 2499 178.968183
            > 1055 2492 2499 21.190279
            > 0 2938 2964 197.461094
            > 867 1050 2964 105.536324
            > 1210 2964 2972 46.847893
          .2925 5580.961426 5656.115234
          .2929 5626.776367 5692.15332
          .2928 5552.963379 5686.952148
          .2944 5416.366211 5726.705078
          .2492 5321.342285 5779.090332
          .1050 5302.252441 5999.03418
          .2972 5324.73584 5888.319336
          > 789 2938 2946 65.154945
          > 0 2938 2925 160.807791
          > 647 2925 2927 39.588711
          > 0 2938 2929 162.65877799999998
          > 856 2929 2934 38.607388
          > 0 2938 2928 159.646822
          > 0 2938 2944 156.77320000000003
          > 0 2938 2492 200.15846200000001
          > 0 2938 1050 302.997418
          > 866 1050 3449 79.4011
          > 0 2938 2972 244.308987
        .2927 5569.507324 5618.219727
        .2934 5663.258789 5679.521484
        .3449 5371.82373 6037.30127
        > 789 2938 2946 65.154945
        > 0 2938 2927 200.396502
        > 0 2938 2934 201.266166
        > 0 2938 3449 382.39851799999997
        > 0 2971 3449 187.790732
      > 789 2938 2946 65.154945
      > 0 2938 2971 570.1892499999999
    > 789 2938 2946 65.154945
    > 0 2938 2971 570.1892499999999
  .2946 5563.144043 5798.78125
    .2946 5563.144043 5798.78125
      .2946 5563.144043 5798.78125
        .2946 5563.144043 5798.78125
          .2946 5563.144043 5798.78125
            .2946 5563.144043 5798.78125
              .2946 5563.144043 5798.78125
                .2946 5563.144043 5798.78125
                > 787 2946 2971 178.269913
                > 788 2946 2953 31.589548
                > 789 2938 2946 65.154945
              > 787 2946 2971 178.269913
              > 788 2946 2953 31.589548
              > 789 2938 2946 65.154945
            > 787 2946 2971 178.269913
            > 788 2946 2953 31.589548
            > 789 2938 2946 65.154945
          > 787 2946 2971 178.269913
          > 788 2946 2953 31.589548
          > 789 2938 2946 65.154945
        > 787 2946 2971 178.269913
        > 788 2946 2953 31.589548
        > 789 2938 2946 65.154945
      > 787 2946 2971 178.269913
      > 788 2946 2953 31.589548
      > 789 2938 2946 65.154945
    > 787 2946 2971 178.269913
    > 788 2946 2953 31.589548
    > 789 2938 2946 65.154945
  .2983 5647.987305 5967.454102
    .2983 5647.987305 5967.454102
      .2983 5647.987305 5967.454102
        .2983 5647.987305 5967.454102
          .2983 5647.987305 5967.454102
            .2983 5647.987305 5967.454102
              .2983 5647.987305 5967.454102
                .2983 5647.987305 5967.454102
                .2979 5572.477051 5974.513184
                .2998 5723.921387 5997.17627
                .2982 5649.259766 5943.305176
                .2987 5642.04834 6000.148438
                > 817 2979 2983 75.839493
                > 0 2953 2979 219.642292
                > 1093 2983 2998 81.543808
                > 1092 2998 3020 98.402451
                > 1138 2982 2983 24.182426
                > 1139 2982 2996 103.89164
                > 1183 2975 2982 54.209229
                > 1184 2983 2987 33.22937
                > 1185 2987 2992 31.122786
              .3020 5794.34082 6065.908691
              .2996 5752.768066 5952.22168
              .2992 5635.685059 6030.61377
              > 0 2983 2953 295.481785
              > 0 2983 3020 179.946259
              > 0 3021 3020 165.33263
              > 0 2983 2996 128.074066
              > 1140 2996 3000 21.992521
              > 0 2983 2992 64.35215600000001
              > 0 2966 2983 138.317278
            .3000 5769.3125 5966.711426
            > 0 2983 2953 295.481785
            > 0 2966 2983 138.317278
            > 0 2983 3021 345.278889
            > 0 2983 3000 150.066587
            > 1141 3000 3013 39.420979
          > 0 2983 2953 295.481785
          > 0 2966 2983 138.317278
          > 0 2983 3021 345.278889
        > 0 2983 2953 295.481785
        > 0 2966 2983 138.317278
        > 0 2983 3021 345.278889
      > 0 2983 2953 295.481785
      > 0 2966 2983 138.317278
      > 0 2983 3021 345.278889
    > 0 2983 2953 295.481785
    > 0 2966 2983 138.317278
    > 0 2983 3021 345.278889
  .2978 5781.19043 5798.409668
    .2978 5781.19043 5798.409668
      .2978 5781.19043 5798.409668
        .2978 5781.19043 5798.409668
          .2978 5781.19043 5798.409668
            .2978 5781.19043 5798.409668
              .2978 5781.19043 5798.409668
                .2978 5781.19043 5798.409668
                .2997 5865.608887 5895.749512
                > 942 2978 2985 69.436409
                > 1030 2970 2978 65.23365
                > 1250 2978 2997 128.846893
              > 942 2978 2985 69.436409
              > 1030 2970 2978 65.23365
            > 942 2978 2985 69.436409
            > 1030 2970 2978 65.23365
          > 942 2978 2985 69.436409
          > 1030 2970 2978 65.23365
        > 942 2978 2985 69.436409
        > 1030 2970 2978 65.23365
      > 942 2978 2985 69.436409
      > 1030 2970 2978 65.23365
    > 942 2978 2985 69.436409
    > 1030 2970 2978 65.23365
  .2985 5838.883301 5759.770996
    .2985 5838.883301 5759.770996
      .2985 5838.883301 5759.770996
        .2985 5838.883301 5759.770996
          .2985 5838.883301 5759.770996
            .2985 5838.883301 5759.770996
              .2985 5838.883301 5759.770996
                .2985 5838.883301 5759.770996
                .2988 5853.306641 5749.739746
                .3028 5964.875 5906.523926
                > 735 2985 2988 17.568686
                > 733 2988 3002 64.811325
                > 734 2988 2990 36.046406
                > 941 2985 3028 193.417511
                > 940 3028 3033 14.894175
                > 942 2978 2985 69.436409
              .3002 5820.218262 5694.01123
              .2990 5883.001953 5729.306152
              .3033 5979.29834 5910.239258
              > 942 2978 2985 69.436409
              > 0 2985 3002 82.380011
              > 732 3002 3004 15.82523
              > 0 2985 2990 53.615092
              > 965 2990 3027 156.884369
              > 966 2984 2990 46.755238
              > 0 2985 3033 208.31168599999998
              > 939 3033 3036 109.928574
            .3004 5826.581055 5679.521484
            .3027 5978.025879 5854.138672
            .2984 5921.605469 5702.927734
            .3036 6086.624512 5886.461426
            > 942 2978 2985 69.436409
            > 0 2985 3004 98.205241
            > 0 2985 3027 210.499461
            > 964 3024 3027 27.402451
            > 0 2985 2984 100.37033
            > 1180 2981 2984 38.778664
            > 1214 2984 3006 114.000946
            > 0 2985 3036 318.24026
            > 902 3036 3042 80.501884
            > 903 3007 3036 111.748573
          .3024 6005.175293 5850.42334
          .2981 5953.845703 5681.378906
          .3006 6002.206055 5783.548828
          .3007 6078.564453 5775.003906
          > 942 2978 2985 69.436409
          > 0 2985 3024 237.90191199999998
          > 0 2985 2981 139.148994
          > 0 2985 3006 214.371276
          > 0 2985 3007 429.988833
          > 904 2999 3007 32.448441
          > 0 3038 2985 557.522144
        .2999 6058.202148 5749.739746
        > 942 2978 2985 69.436409
        > 0 3038 2985 557.522144
        > 0 2985 2999 462.437274
      > 942 2978 2985 69.436409
      > 0 3038 2985 557.522144
    > 942 2978 2985 69.436409
    > 0 3038 2985 557.522144
  .2995 5847.367676 5973.398926
    .2995 5847.367676 5973.398926
      .2995 5847.367676 5973.398926
        .2995 5847.367676 5973.398926
          .2995 5847.367676 5973.398926
            .2995 5847.367676 5973.398926
              .2995 5847.367676 5973.398926
                .2995 5847.367676 5973.398926
                > 1028 2995 3021 113.002129
                > 1029 2970 2995 183.068604
              > 1028 2995 3021 113.002129
              > 1029 2970 2995 183.068604
            > 1028 2995 3021 113.002129
            > 1029 2970 2995 183.068604
          > 1028 2995 3021 113.002129
          > 1029 2970 2995 183.068604
        > 1028 2995 3021 113.002129
        > 1029 2970 2995 183.068604
      > 1028 2995 3021 113.002129
      > 1029 2970 2995 183.068604
    > 1028 2995 3021 113.002129
    > 1029 2970 2995 183.068604
  .2971 5497.391113 5964.481934
    .2971 5497.391113 5964.481934
      .2971 5497.391113 5964.481934
        .2971 5497.391113 5964.481934
          .2971 5497.391113 5964.481934
            .2971 5497.391113 5964.481934
              .2971 5497.391113 5964.481934
                .2971 5497.391113 5964.481934
                .2973 5483.39209 5969.312012
                > 786 2971 2973 14.808859
                > 820 2973 2976 23.258293
                > 787 2946 2971 178.269913
                > 0 2953 2971 198.22784800000002
              .2976 5466.847656 5985.65918
              > 787 2946 2971 178.269913
              > 0 2953 2971 198.22784800000002
              > 0 2971 2976 38.067152
              > 821 1062 2976 90.247673
            .1062 5415.09375 6059.592773
            > 787 2946 2971 178.269913
            > 0 2953 2971 198.22784800000002
            > 0 2971 1062 128.314825
            > 822 1057 1062 20.090214
          .1057 5396.428223 6067.023438
          > 787 2946 2971 178.269913
          > 0 2953 2971 198.22784800000002
          > 0 2971 1057 148.40503900000002
          > 823 1057 1058 6.899399
          > 1160 1055 1057 16.19994
        .1058 5394.731445 6060.335938
        .1055 5401.942871 6082.255859
        > 787 2946 2971 178.269913
        > 0 2953 2971 198.22784800000002
        > 0 2971 1058 155.304438
        > 1202 1058 3449 32.486294
        > 0 2971 1055 164.60497900000001
        > 1161 1055 1059 29.520947
        > 1162 1049 1055 19.007576
      .1059 5417.214844 6107.519531
      .1049 5389.216309 6096.374023
      > 787 2946 2971 178.269913
      > 0 2953 2971 198.22784800000002
      > 0 2971 1059 194.12592600000002
      > 1203 1059 3450 19.743103
      > 0 2971 1049 183.61255500000001
      > 1006 1046 1049 4.636054
      > 0 2938 2971 570.1892499999999
    .3450 5433.758789 6118.293945
    .1046 5387.943848 6100.832031
    > 787 2946 2971 178.269913
    > 0 2953 2971 198.22784800000002
    > 0 2938 2971 570.1892499999999
    > 0 2971 3450 213.869029
    > 0 2971 1046 188.24860900000002
  .3149 6111.65332 6165.477539
    .3149 6111.65332 6165.477539
      .3149 6111.65332 6165.477539
        .3149 6111.65332 6165.477539
          .3149 6111.65332 6165.477539
            .3149 6111.65332 6165.477539
              .3149 6111.65332 6165.477539
                .3149 6111.65332 6165.477539
                .3147 6120.561523 6188.883789
                > 998 3147 3149 25.044134
                > 997 3126 3147 202.437225
                > 1027 3149 3152 53.568321
              .3126 6141.348145 6390.250977
              > 1027 3149 3152 53.568321
              > 0 3149 3126 227.481359
              > 993 3120 3126 30.541069
              > 996 3126 3130 30.140615
            .3120 6170.194824 6400.282227
            .3130 6112.925781 6380.219727
            > 1027 3149 3152 53.568321
            > 0 3149 3120 258.022428
            > 991 3114 3120 45.326172
            > 992 3120 3122 8.193799
            > 0 3149 3130 257.621974
            > 1206 3130 3133 34.513695
            > 1218 3130 3134 35.7878
          .3114 6170.194824 6354.956055
          .3122 6177.830566 6403.254395
          .3134 6096.805664 6412.171387
          > 1027 3149 3152 53.568321
          > 0 3149 3114 303.3486
          > 990 3096 3114 124.161766
          > 0 3149 3122 266.216227
          > 1037 3122 3127 29.091417
          > 1038 3116 3122 75.769897
          > 0 3149 3134 293.409774
          > 744 3134 3138 50.827393
        .3096 6255.037598 6264.303711
        .3127 6163.407227 6428.518555
        .3116 6249.522949 6427.775391
        .3138 6091.291016 6462.69873
        > 1027 3149 3152 53.568321
        > 0 3149 3096 427.510366
        > 0 3149 3127 295.307644
        > 0 3149 3116 341.986124
        > 0 3149 3138 344.237167
      > 1027 3149 3152 53.568321
    > 1027 3149 3152 53.568321
