2779 1
4803 1
4862 1
4420 1
2314 1
673 1
4070 1
6059 1
4750 1
4135 1
5947 1
3523 1
3052 1
6037 1
1650 1
4303 1
1925 1
5111 1
3312 1
1366 1
2313 1
1262 1
3598 1
2770 1
1449 1
4091 1
3858 1
2183 1
5566 1
203 1
2356 1
3952 1
414 1
88 1
4836 1
4845 1
4963 1
756 1
5541 1
3061 1
2560 1
4588 1
1617 1
5557 1
5168 1
4187 1
5846 1
2952 1
4549 1
4036 1
2044 1
2464 1
4040 1
1299 1
3261 1
5791 1
1554 1
2993 1
461 1
4171 1
3666 1
5662 1
4263 1
4308 2
1673 2
1185 2
246 2
4114 2
4260 2
5246 2
5833 2
437 2
4230 2
3278 2
4614 2
3530 2
1303 2
2569 2
5640 2
6055 2
805 2
1584 2
3571 2
6044 2
4354 2
3330 2
4677 2
5957 2
3095 2
1296 2
5564 2
3683 2
1672 2
5172 2
732 2
409 2
1618 2
987 2
4959 2
3051 2
3114 2
286 2
4321 2
1015 2
3751 2
4235 2
3935 2
297 2
1494 2
4 2
2496 2
6071 2
3835 2
433 2
3372 2
1571 2
4714 2
1560 2
5892 2
447 2
646 2
5223 2
5296 2
5272 2
5977 3
1143 3
1026 3
5547 3
5452 3
6023 3
4933 3
3966 3
5485 3
26 3
3948 3
2804 3
2640 3
3744 3
6087 3
2096 3
3686 3
5839 3
5943 3
4306 3
1733 3
1464 3
1906 3
5257 3
2427 3
5683 3
442 3
2843 3
949 3
5921 3
2498 3
3371 3
2477 3
1453 3
2612 3
2340 3
739 3
4160 3
4042 3
1396 3
690 3
158 3
3267 3
701 3
687 3
5490 3
4504 3
3128 3
4155 3
3742 3
2513 3
4247 3
810 3
3908 3
507 3
2888 3
5392 3
869 3
757 3
5862 3
4100 3
1018 4
5565 4
1428 4
2731 4
4058 4
773 4
5837 4
6088 4
5123 4
3473 4
154 4
3233 4
4638 4
4579 4
3676 4
921 4
4564 4
4281 4
5975 4
2139 4
6015 4
1974 4
991 4
6038 4
98 4
4747 4
77 4
4656 4
4891 4
3755 4
1117 4
4389 4
3208 4
2659 4
4227 4
4513 4
6040 4
1095 4
5069 4
5830 4
5126 4
5461 4
5938 4
3460 4
5744 4
2929 4
4982 4
5618 4
2131 4
4252 4
1236 4
215 4
2348 4
3377 4
3824 4
4050 4
518 4
333 4
5358 4
6022 4
208 4
4960 5
4805 5
4435 5
4802 5
3200 5
5750 5
2657 5
515 5
929 5
5037 5
2785 5
1416 5
4416 5
4922 5
2423 5
5233 5
1399 5
6074 5
1988 5
1047 5
3408 5
5765 5
3124 5
1160 5
1775 5
5786 5
20 5
3224 5
5269 5
4396 5
294 5
4053 5
2715 5
2364 5
2138 5
5012 5
5317 5
322 5
2073 5
6054 5
1805 5
5758 5
1171 5
274 5
1219 5
3187 5
4868 5
2502 5
3925 5
4578 5
5255 5
3958 5
5303 5
2346 5
4025 5
2565 5
2768 5
5055 5
3704 5
4531 5
1455 5
3360 6
5382 6
671 6
5459 6
4553 6
5125 6
4358 6
221 6
1758 6
874 6
455 6
5832 6
5178 6
1723 6
892 6
5760 6
4123 6
2900 6
73 6
6005 6
1108 6
1180 6
4824 6
1295 6
4112 6
1679 6
160 6
1937 6
894 6
951 6
3453 6
226 6
1891 6
5596 6
2189 6
3148 6
3385 6
1509 6
5627 6
3808 6
4243 6
267 6
738 6
1616 6
272 6
1280 6
4249 6
1978 6
975 6
5189 6
5195 6
5106 6
4072 6
1853 6
1734 6
5446 6
3634 6
2071 6
1728 6
3283 6
3349 6
535 7
3582 7
2306 7
2088 7
1562 7
2457 7
3766 7
2616 7
789 7
5048 7
1064 7
16 7
2710 7
1826 7
1006 7
3479 7
4470 7
3448 7
3845 7
2040 7
4648 7
1326 7
2178 7
5592 7
2754 7
4916 7
152 7
2907 7
3995 7
2187 7
5420 7
3405 7
431 7
3151 7
2157 7
1094 7
2292 7
4665 7
5673 7
1829 7
34 7
3246 7
4527 7
5224 7
5103 7
2153 7
2029 7
1156 7
296 7
2820 7
3559 7
2743 7
366 7
2811 7
18 7
1917 7
3004 7
3491 7
2480 7
3980 7
5994 7
933 8
5295 8
416 8
5318 8
3185 8
2897 8
2507 8
452 8
2540 8
1537 8
5552 8
5509 8
3606 8
1629 8
953 8
1130 8
1979 8
4867 8
1418 8
1513 8
1306 8
3066 8
268 8
5898 8
3158 8
4299 8
2718 8
6045 8
1 8
3745 8
3153 8
5853 8
2019 8
5873 8
1307 8
2655 8
3469 8
4687 8
1713 8
2762 8
4095 8
3288 8
5263 8
3410 8
3719 8
1220 8
2644 8
1467 8
3350 8
3264 8
3 8
1890 8
3669 8
165 8
3190 8
3936 8
5745 8
2350 8
5230 8
3623 8
2441 8
3282 9
2108 9
1419 9
3658 9
5639 9
5889 9
5217 9
2476 9
2933 9
3381 9
5144 9
3294 9
388 9
5066 9
2609 9
63 9
1207 9
3241 9
4085 9
2994 9
3038 9
51 9
2291 9
753 9
4610 9
2895 9
3777 9
4935 9
1725 9
3544 9
1500 9
823 9
1634 9
4651 9
4543 9
4525 9
2172 9
655 9
1975 9
5932 9
190 9
453 9
4380 9
3447 9
4856 9
1282 9
248 9
5897 9
2370 9
4503 9
5550 9
2301 9
5738 9
2466 9
689 9
4573 9
1283 9
3580 9
5375 9
2064 9
1834 9
3851 10
840 10
1491 10
1402 10
5951 10
3203 10
5447 10
1179 10
6012 10
1873 10
167 10
4159 10
444 10
5591 10
5448 10
2838 10
3495 10
6008 10
1184 10
4818 10
1159 10
2664 10
725 10
2766 10
2681 10
4618 10
2447 10
5729 10
14 10
4153 10
1564 10
2130 10
3427 10
851 10
1331 10
1704 10
4937 10
715 10
2956 10
3705 10
4898 10
2282 10
2899 10
2608 10
1813 10
6064 10
3368 10
2470 10
15 10
4057 10
2451 10
3199 10
925 10
5919 10
306 10
3443 10
5805 10
3621 10
2437 10
1151 10
4944 10
541 11
1213 11
3950 11
4466 11
2280 11
2918 11
3174 11
4442 11
2114 11
5131 11
1190 11
1699 11
5352 11
4255 11
4619 11
440 11
3976 11
5141 11
4229 11
5643 11
4318 11
1211 11
1241 11
3830 11
5781 11
2095 11
2392 11
698 11
2391 11
125 11
5878 11
1602 11
2909 11
828 11
3195 11
2872 11
338 11
1421 11
5925 11
3900 11
5641 11
3008 11
1439 11
4701 11
2263 11
5888 11
3389 11
5326 11
4018 11
1448 11
5587 11
5279 11
4792 11
271 11
762 11
768 11
2199 11
3266 11
4364 11
746 11
3905 11
5203 12
4621 12
2828 12
3689 12
2756 12
4039 12
1835 12
4559 12
2168 12
2213 12
1982 12
5990 12
4046 12
321 12
5656 12
5648 12
5122 12
189 12
5235 12
5373 12
2473 12
1768 12
2521 12
4876 12
4360 12
2727 12
2723 12
1479 12
2495 12
3072 12
2452 12
5780 12
5380 12
2903 12
3674 12
1899 12
3579 12
3337 12
710 12
2116 12
4084 12
705 12
4699 12
4777 12
2128 12
4977 12
1233 12
1942 12
4511 12
2983 12
329 12
3799 12
5696 12
6093 12
2594 12
395 12
520 12
5684 12
1410 12
5525 12
5908 12
5285 13
2166 13
3625 13
90 13
3524 13
2329 13
5860 13
3003 13
4745 13
3067 13
4458 13
5334 13
5808 13
1934 13
59 13
4459 13
893 13
4301 13
310 13
5668 13
2400 13
3318 13
1422 13
3285 13
3105 13
4598 13
351 13
5915 13
1786 13
2300 13
4148 13
1693 13
1940 13
5051 13
1240 13
1342 13
4798 13
1297 13
4005 13
4291 13
4737 13
3178 13
5762 13
5060 13
1113 13
1707 13
112 13
4690 13
2550 13
4774 13
3914 13
906 13
1284 13
3846 13
3079 13
2234 13
1965 13
1994 13
5430 13
3775 13
5454 13
1214 14
41 14
3993 14
1166 14
4352 14
4913 14
184 14
2192 14
179 14
1913 14
5730 14
2335 14
1265 14
155 14
61 14
166 14
5232 14
2500 14
2942 14
2434 14
924 14
1275 14
2284 14
3039 14
3009 14
157 14
6082 14
1155 14
3570 14
2258 14
1507 14
0 14
1649 14
1318 14
2236 14
4764 14
4988 14
2393 14
5767 14
2953 14
1935 14
3106 14
2666 14
4117 14
450 14
760 14
2118 14
2795 14
3629 14
4695 14
3533 14
5435 14
2463 14
235 14
5419 14
582 14
2293 14
5810 14
5740 14
3611 14
3902 14
1741 15
5182 15
777 15
5196 15
180 15
1062 15
3947 15
4373 15
3450 15
1755 15
1812 15
5868 15
3421 15
4705 15
2184 15
3391 15
113 15
2789 15
5822 15
3578 15
3010 15
3228 15
2077 15
2519 15
2294 15
5521 15
129 15
6085 15
2134 15
4562 15
4045 15
3073 15
1575 15
861 15
3291 15
4729 15
4702 15
107 15
5150 15
6046 15
358 15
729 15
1802 15
3931 15
1020 15
3268 15
1999 15
1598 15
2170 15
1317 15
524 15
5355 15
5884 15
3481 15
3345 15
5410 15
5437 15
5245 15
2260 15
1496 15
2736 15
5462 16
5281 16
1681 16
4615 16
873 16
4712 16
4877 16
4536 16
5789 16
3750 16
585 16
4909 16
1661 16
1076 16
2321 16
5614 16
5305 16
3918 16
2963 16
3433 16
3710 16
903 16
3143 16
3129 16
3431 16
4464 16
5414 16
5739 16
2240 16
4131 16
3300 16
1603 16
2265 16
678 16
4534 16
3269 16
315 16
1115 16
1378 16
3752 16
3665 16
4664 16
2105 16
31 16
4746 16
5567 16
640 16
3323 16
483 16
56 16
1250 16
2543 16
5136 16
3348 16
3769 16
3645 16
3822 16
3505 16
1052 16
6070 16
1042 16
204 17
3218 17
4193 17
5361 17
3560 17
1028 17
920 17
250 17
186 17
5761 17
2091 17
3654 17
2825 17
1545 17
4028 17
5914 17
1189 17
4141 17
3435 17
923 17
880 17
967 17
1804 17
2852 17
4012 17
2287 17
3662 17
1683 17
4825 17
2176 17
3179 17
3338 17
1209 17
845 17
3315 17
2009 17
4351 17
1869 17
5140 17
997 17
2835 17
1976 17
1503 17
573 17
3325 17
5608 17
1541 17
1823 17
533 17
534 17
5450 17
3801 17
774 17
3379 17
4517 17
4043 17
1788 17
3221 17
3492 17
2430 17
1902 17
3432 18
5936 18
1981 18
6058 18
5213 18
2552 18
4593 18
1671 18
5019 18
4767 18
5229 18
2807 18
1259 18
1483 18
2344 18
2025 18
2620 18
242 18
3356 18
784 18
5114 18
3197 18
5806 18
1357 18
3897 18
3943 18
418 18
5600 18
5626 18
4946 18
5311 18
5585 18
2115 18
4259 18
5551 18
3111 18
902 18
3898 18
5602 18
1434 18
5041 18
790 18
5705 18
1138 18
4641 18
5554 18
3839 18
3732 18
91 18
4560 18
1658 18
3879 18
2217 18
617 18
4563 18
4781 18
4822 18
1285 18
465 18
596 18
994 18
367 19
68 19
2221 19
1481 19
4662 19
2210 19
5464 19
2421 19
5633 19
5187 19
275 19
2615 19
628 19
392 19
4599 19
4875 19
3275 19
2702 19
586 19
572 19
3413 19
1884 19
5159 19
683 19
4465 19
3149 19
1504 19
5965 19
1701 19
2928 19
1739 19
4044 19
3206 19
2948 19
2805 19
2160 19
5800 19
2911 19
1369 19
5338 19
4429 19
2382 19
5171 19
3434 19
1954 19
3597 19
2685 19
472 19
2698 19
5396 19
151 19
5209 19
5227 19
2008 19
4510 19
4551 19
964 19
4605 19
1641 19
5199 19
2559 19
5343 20
1376 20
3102 20
3280 20
53 20
2782 20
4488 20
2696 20
101 20
1381 20
2323 20
5691 20
2006 20
3279 20
2668 20
138 20
3122 20
1083 20
3049 20
4393 20
835 20
4350 20
4038 20
1010 20
5266 20
5584 20
5536 20
4528 20
614 20
4911 20
5345 20
2586 20
429 20
2241 20
4195 20
2588 20
5210 20
2143 20
3823 20
1798 20
5084 20
1057 20
1350 20
4660 20
5558 20
2794 20
3928 20
4484 20
181 20
1514 20
4197 20
3289 20
660 20
1404 20
35 20
2448 20
2179 20
3471 20
3848 20
492 20
407 20
2165 21
1177 21
1877 21
4885 21
1469 21
3565 21
2237 21
4821 21
1182 21
4887 21
498 21
3363 21
1222 21
4811 21
1039 21
5877 21
4910 21
4021 21
970 21
1068 21
4897 21
2558 21
168 21
5016 21
3063 21
779 21
3982 21
3675 21
1415 21
4447 21
4679 21
2823 21
818 21
3941 21
3454 21
1088 21
3974 21
1351 21
4041 21
3715 21
2755 21
2479 21
5354 21
1620 21
4151 21
618 21
1688 21
5101 21
670 21
5993 21
2372 21
2509 21
5703 21
146 21
5017 21
4116 21
4016 21
5968 21
2648 21
496 21
4929 21
2537 22
510 22
1852 22
404 22
5559 22
175 22
4097 22
5597 22
2433 22
2987 22
3398 22
1135 22
4820 22
1748 22
4566 22
2107 22
2439 22
5359 22
4483 22
748 22
491 22
2925 22
2855 22
5817 22
5021 22
163 22
3070 22
3191 22
1924 22
3688 22
3883 22
5362 22
3352 22
852 22
3440 22
5598 22
993 22
5910 22
5576 22
4134 22
220 22
1795 22
2863 22
1866 22
1689 22
3762 22
1894 22
3538 22
3166 22
4928 22
5893 22
1552 22
4126 22
4985 22
1468 22
1031 22
888 22
3317 22
6069 22
4343 22
1790 22
516 23
2122 23
4314 23
438 23
100 23
4800 23
1340 23
3726 23
4980 23
807 23
2728 23
1528 23
143 23
1608 23
1933 23
2297 23
1779 23
5416 23
5315 23
4257 23
439 23
1738 23
1379 23
4776 23
1063 23
4369 23
4666 23
3387 23
3913 23
1367 23
4728 23
2147 23
3334 23
3866 23
1844 23
1703 23
336 23
4932 23
4509 23
3904 23
2679 23
735 23
1605 23
907 23
1089 23
6 23
2068 23
5142 23
971 23
318 23
4888 23
751 23
1201 23
5507 23
1833 23
50 23
1840 23
3365 23
2684 23
1784 23
117 23
928 24
3610 24
1878 24
5718 24
915 24
4297 24
5514 24
4150 24
4398 24
2281 24
794 24
526 24
4107 24
3418 24
1511 24
4467 24
1929 24
960 24
3992 24
4931 24
5349 24
2564 24
5635 24
1053 24
728 24
3047 24
3855 24
2424 24
3504 24
497 24
427 24
5999 24
4276 24
1409 24
844 24
4211 24
2906 24
2898 24
364 24
1885 24
5929 24
1325 24
5377 24
3087 24
2991 24
2921 24
3032 24
2555 24
6049 24
2093 24
2890 24
2111 24
1830 24
4544 24
3998 24
1624 24
3214 24
1257 24
1724 24
1515 24
106 24
2102 25
1757 25
1472 25
549 25
412 25
2720 25
1210 25
3743 25
52 25
575 25
5953 25
2752 25
1432 25
4989 25
1103 25
4177 25
301 25
4965 25
841 25
2832 25
2455 25
48 25
3354 25
2112 25
3729 25
1238 25
3749 25
4335 25
3585 25
5959 25
2647 25
2677 25
3706 25
2283 25
4787 25
4316 25
5339 25
3141 25
3482 25
5381 25
4657 25
3062 25
4791 25
1134 25
3826 25
4834 25
2962 25
712 25
5428 25
4125 25
5949 25
3528 25
3885 25
3320 25
3987 25
2232 25
2638 25
2342 25
2186 25
4655 25
4740 25
3693 26
1291 26
1339 26
5179 26
3703 26
5110 26
4055 26
479 26
1777 26
4649 26
5733 26
4508 26
5031 26
4748 26
3222 26
4312 26
5292 26
3075 26
2458 26
207 26
1398 26
2632 26
3146 26
1522 26
3930 26
3681 26
1002 26
1086 26
5686 26
159 26
3825 26
6010 26
5177 26
85 26
2772 26
2764 26
990 26
2778 26
5604 26
1327 26
2467 26
1971 26
5672 26
5864 26
2052 26
2733 26
1754 26
2722 26
2969 26
3627 26
5174 26
3335 26
5165 26
5441 26
2924 26
1122 26
3535 26
3035 26
1359 26
1029 26
1526 26
110 27
2840 27
5241 27
2850 27
3383 27
1952 27
377 27
375 27
1290 27
5115 27
2051 27
5955 27
5322 27
195 27
4024 27
5225 27
3223 27
5442 27
1922 27
5341 27
4780 27
3483 27
2622 27
1144 27
3553 27
5138 27
4356 27
1848 27
2578 27
759 27
1146 27
3292 27
1447 27
499 27
936 27
3314 27
5431 27
1498 27
467 27
734 27
5283 27
2626 27
3081 27
2279 27
1536 27
2959 27
4906 27
5651 27
3813 27
3827 27
502 27
2977 27
6026 27
3888 27
2330 27
2127 27
1423 27
685 27
1752 27
2126 27
3633 27
3631 28
3161 28
668 28
4628 28
5071 28
831 28
5388 28
651 28
5529 28
1320 28
2864 28
4113 28
5778 28
4402 28
3358 28
49 28
1708 28
5405 28
1060 28
1646 28
5624 28
3575 28
4979 28
349 28
4807 28
4635 28
3490 28
4450 28
4522 28
3999 28
5769 28
2773 28
3548 28
2674 28
1887 28
4840 28
5838 28
4214 28
5412 28
5348 28
265 28
2687 28
2737 28
821 28
5488 28
3938 28
5976 28
815 28
522 28
231 28
1747 28
1384 28
665 28
1119 28
4861 28
84 28
4203 28
5236 28
3539 28
3818 28
5752 28
918 29
4052 29
935 29
2328 29
2227 29
742 29
1519 29
528 29
5895 29
4222 29
223 29
4940 29
1957 29
2367 29
3417 29
4026 29
5344 29
1814 29
2109 29
4808 29
1077 29
2849 29
1383 29
1311 29
1538 29
3309 29
3889 29
2520 29
3274 29
2506 29
1912 29
131 29
638 29
5701 29
6014 29
3792 29
1691 29
2976 29
3227 29
4731 29
2511 29
3960 29
4136 29
4200 29
868 29
3882 29
1393 29
2420 29
2527 29
3973 29
413 29
1803 29
2621 29
6041 29
1893 29
3430 29
5333 29
5360 29
3542 29
2365 29
1036 29
5010 30
2973 30
1819 30
4576 30
4362 30
3831 30
3972 30
3488 30
4855 30
822 30
2508 30
2436 30
5216 30
1065 30
2338 30
2716 30
5372 30
4863 30
2830 30
28 30
3425 30
1729 30
30 30
2797 30
468 30
3895 30
2469 30
279 30
5386 30
319 30
5486 30
2065 30
870 30
5715 30
5689 30
1984 30
1535 30
4212 30
2047 30
5176 30
941 30
489 30
2802 30
4943 30
5969 30
1674 30
5682 30
4637 30
5167 30
4270 30
1665 30
3778 30
2570 30
825 30
5158 30
3250 30
4832 30
3698 30
4386 30
1243 30
4823 30
3019 31
1941 31
5369 31
2893 31
5026 31
5940 31
2020 31
1274 31
376 31
4000 31
316 31
5941 31
2188 31
2140 31
3558 31
1631 31
1850 31
5599 31
718 31
3262 31
3843 31
4020 31
2652 31
721 31
2302 31
5411 31
3065 31
5105 31
992 31
4976 31
2819 31
4644 31
3402 31
3060 31
421 31
3273 31
500 31
4215 31
5882 31
4087 31
2349 31
583 31
1990 31
4914 31
5857 31
1782 31
878 31
1136 31
5647 31
4903 31
2673 31
4422 31
5495 31
1715 31
2017 31
4681 31
3647 31
1529 31
1789 31
1054 31
238 31
2026 32
838 32
4173 32
4966 32
5589 32
5816 32
1033 32
22 32
3655 32
2914 32
1321 32
136 32
1883 32
2866 32
2173 32
1493 32
4106 32
4326 32
4269 32
445 32
2827 32
3396 32
599 32
3722 32
3555 32
3901 32
5045 32
2920 32
5535 32
202 32
87 32
764 32
86 32
1726 32
4950 32
5134 32
1664 32
4261 32
4975 32
2610 32
958 32
2985 32
2435 32
3042 32
2005 32
4927 32
4034 32
5487 32
58 32
5688 32
244 32
2042 32
2182 32
5237 32
5324 32
1880 32
2646 32
1886 32
4339 32
2809 32
3921 32
243 33
1635 33
1099 33
5239 33
3247 33
5933 33
3771 33
5530 33
1292 33
2957 33
1277 33
1740 33
1517 33
1199 33
3355 33
1628 33
4650 33
5835 33
829 33
2174 33
5840 33
3589 33
4718 33
5409 33
5496 33
4901 33
1599 33
6043 33
5996 33
4417 33
1305 33
4030 33
4357 33
172 33
3242 33
862 33
3748 33
3500 33
4381 33
4075 33
5820 33
4082 33
2739 33
1769 33
2971 33
3023 33
2288 33
3499 33
2792 33
3409 33
3384 33
2478 33
4788 33
1270 33
3018 33
3515 33
3420 33
5371 33
3170 33
1215 33
3131 33
6021 34
1206 34
769 34
3327 34
4667 34
4048 34
1218 34
6068 34
1712 34
4844 34
5836 34
4007 34
1104 34
2275 34
3605 34
6027 34
4957 34
4735 34
3097 34
542 34
554 34
550 34
2634 34
2490 34
3965 34
4865 34
1188 34
4760 34
3393 34
3112 34
3624 34
4079 34
2175 34
2104 34
965 34
6076 34
2208 34
2753 34
474 34
435 34
5798 34
1221 34
859 34
2923 34
2061 34
4086 34
1140 34
3078 34
5768 34
2955 34
3988 34
1872 34
4286 34
1465 34
749 34
5804 34
608 34
4174 34
4838 34
3351 34
1024 34
2135 35
3257 35
1512 35
3962 35
1578 35
954 35
1385 35
5023 35
3790 35
2930 35
6051 35
2675 35
3152 35
1920 35
1955 35
3497 35
1623 35
1951 35
187 35
6009 35
5267 35
1589 35
1456 35
3707 35
2607 35
4785 35
5657 35
1251 35
1806 35
2536 35
3994 35
147 35
6030 35
379 35
5954 35
5874 35
5135 35
4589 35
4428 35
984 35
5265 35
126 35
482 35
466 35
4518 35
3375 35
2822 35
2587 35
1644 35
3802 35
4742 35
5986 35
1735 35
3864 35
914 35
1655 35
4561 35
4410 35
4934 35
3551 35
513 35
912 36
2229 36
132 36
313 36
2869 36
3301 36
2320 36
2483 36
4413 36
799 36
4347 36
2206 36
525 36
4363 36
2195 36
5972 36
5370 36
5276 36
3672 36
346 36
5057 36
578 36
3829 36
3091 36
3053 36
1838 36
4120 36
696 36
4414 36
4266 36
3254 36
5667 36
9 36
1261 36
3263 36
919 36
408 36
804 36
3957 36
976 36
3080 36
3446 36
3468 36
2190 36
1298 36
1847 36
598 36
2539 36
1588 36
2545 36
2454 36
3135 36
1678 36
1370 36
1721 36
4487 36
1264 36
1596 36
3332 36
4238 36
1152 36
1573 37
5577 37
4083 37
3537 37
4049 37
5759 37
3785 37
4296 37
2149 37
2050 37
2932 37
4240 37
813 37
2078 37
4242 37
4320 37
3850 37
2525 37
4332 37
2686 37
4700 37
4149 37
593 37
2876 37
1680 37
4658 37
2010 37
83 37
142 37
4078 37
4676 37
5327 37
1055 37
4102 37
2162 37
1067 37
2884 37
3202 37
2705 37
1114 37
39 37
2875 37
5331 37
4601 37
4880 37
4224 37
5198 37
3741 37
4157 37
5723 37
2390 37
2641 37
5966 37
2004 37
5346 37
2378 37
290 37
5082 37
5899 37
3964 37
4952 37
5979 38
5143 38
4574 38
5052 38
5771 38
5751 38
1592 38
1828 38
5321 38
398 38
1030 38
6080 38
5397 38
2528 38
2706 38
5033 38
2776 38
5058 38
5636 38
1216 38
347 38
3357 38
5644 38
5451 38
3470 38
2572 38
1110 38
5883 38
4248 38
2871 38
3341 38
1486 38
2371 38
5013 38
1666 38
4283 38
944 38
264 38
4204 38
3786 38
1202 38
1246 38
4924 38
3781 38
885 38
5118 38
4355 38
4941 38
2717 38
4717 38
4829 38
4496 38
5704 38
5900 38
5484 38
2892 38
1475 38
2844 38
1730 38
194 38
824 38
1864 39
1433 39
3467 39
2781 39
3906 39
1966 39
5931 39
5732 39
2422 39
133 39
1654 39
3932 39
4395 39
2573 39
462 39
2389 39
2204 39
5476 39
4437 39
1778 39
470 39
5774 39
5423 39
4244 39
755 39
4231 39
3156 39
1488 39
5987 39
1816 39
6065 39
5190 39
4866 39
4423 39
1231 39
45 39
4772 39
4109 39
3347 39
305 39
3564 39
827 39
2763 39
3189 39
2057 39
607 39
5356 39
544 39
5962 39
1534 39
1572 39
3184 39
3971 39
4353 39
2846 39
1604 39
1686 39
4289 39
3290 39
1824 39
4907 39
3782 40
3183 40
5070 40
624 40
5593 40
3000 40
2243 40
5952 40
2239 40
2035 40
4672 40
5537 40
4734 40
5678 40
1685 40
1702 40
930 40
2002 40
4539 40
2196 40
4115 40
4342 40
5775 40
1720 40
2341 40
3173 40
3595 40
833 40
3600 40
40 40
1050 40
135 40
4596 40
1319 40
4349 40
3394 40
6028 40
4685 40
4448 40
985 40
584 40
4609 40
1048 40
382 40
1380 40
36 40
6091 40
201 40
5460 40
1794 40
4309 40
89 40
1000 40
5664 40
5852 40
1870 40
3231 40
3101 40
1388 40
1478 40
33 40
4552 41
4843 41
2394 41
612 41
3520 41
4457 41
4275 41
4766 41
1576 41
2307 41
4784 41
4344 41
2658 41
2191 41
2253 41
4311 41
5527 41
5799 41
6084 41
2793 41
93 41
2397 41
3449 41
373 41
2032 41
3496 41
2645 41
1756 41
4567 41
947 41
4340 41
2276 41
5156 41
609 41
1081 41
4912 41
4411 41
4939 41
4284 41
4689 41
5700 41
3089 41
2399 41
263 41
3271 41
711 41
1037 41
1762 41
170 41
2018 41
4374 41
1244 41
3991 41
2154 41
1049 41
3702 41
772 41
5288 41
3806 41
4659 41
4498 41
800 42
5036 42
1647 42
3812 42
716 42
5152 42
797 42
3618 42
1581 42
473 42
5275 42
1718 42
4027 42
1705 42
359 42
4846 42
4003 42
3216 42
2544 42
5834 42
559 42
3259 42
5438 42
871 42
3319 42
934 42
661 42
548 42
2732 42
5918 42
3653 42
4860 42
5014 42
38 42
4121 42
3002 42
2995 42
1452 42
5896 42
886 42
406 42
1568 42
3248 42
1895 42
3411 42
5284 42
4133 42
3234 42
2665 42
4741 42
5429 42
4915 42
854 42
2494 42
4828 42
750 42
10 42
5132 42
5609 42
988 42
5619 42
428 43
3754 43
627 43
4427 43
5501 43
2148 43
2485 43
3854 43
4854 43
2185 43
1570 43
1487 43
6067 43
4454 43
2996 43
1908 43
2915 43
4620 43
2233 43
380 43
2633 43
974 43
529 43
5444 43
5580 43
2164 43
1391 43
1849 43
5876 43
2799 43
1815 43
5297 43
2630 43
4706 43
1561 43
3596 43
3480 43
2419 43
4279 43
3687 43
2860 43
5188 43
2362 43
5811 43
415 43
173 43
6001 43
5096 43
2936 43
2767 43
4624 43
3286 43
1224 43
393 43
222 43
3694 43
765 43
1832 43
2926 43
662 43
717 43
2403 44
426 44
1425 44
3735 44
3462 44
5890 44
4198 44
3175 44
4850 44
620 44
2249 44
5944 44
4506 44
3756 44
4475 44
3828 44
188 44
3109 44
1657 44
1242 44
3235 44
3339 44
5506 44
2834 44
4292 44
1128 44
2158 44
4277 44
2730 44
5623 44
770 44
6072 44
527 44
1684 44
2975 44
255 44
5074 44
3789 44
3942 44
5792 44
4322 44
4956 44
3388 44
1579 44
3342 44
5546 44
4670 44
2669 44
3616 44
5119 44
3617 44
3401 44
3343 44
4130 44
410 44
4920 44
5121 44
536 44
3709 44
229 44
5427 44
3077 45
1341 45
5205 45
5455 45
3819 45
1948 45
6095 45
1781 45
3171 45
1281 45
5692 45
2377 45
1310 45
1016 45
3139 45
3642 45
3884 45
5997 45
5785 45
5061 45
2738 45
362 45
5009 45
2129 45
3903 45
615 45
3126 45
4759 45
5981 45
1269 45
5479 45
2137 45
5520 45
847 45
4089 45
174 45
299 45
5287 45
2614 45
3298 45
335 45
1574 45
3144 45
5137 45
2295 45
4983 45
5694 45
1544 45
2503 45
948 45
2817 45
1239 45
3044 45
1928 45
1413 45
785 45
5533 45
441 45
5151 45
5753 45
1273 45
3783 46
1302 46
560 46
5453 46
2889 46
4942 46
4022 46
4540 46
2133 46
4268 46
5294 46
1008 46
1837 46
1106 46
2758 46
2583 46
1263 46
5961 46
1255 46
5725 46
4968 46
3399 46
1069 46
4220 46
3837 46
3331 46
3103 46
1945 46
4456 46
1839 46
577 46
5920 46
5200 46
5757 46
1414 46
3868 46
962 46
4900 46
3093 46
4870 46
1032 46
2653 46
3455 46
2845 46
1394 46
5323 46
423 46
3119 46
102 46
234 46
5988 46
1851 46
1662 46
5904 46
4404 46
2642 46
2689 46
2937 46
4795 46
3847 46
552 46
5044 47
249 47
568 47
730 47
2406 47
6060 47
314 47
5130 47
6089 47
4804 47
720 47
4439 47
5773 47
4139 47
3946 47
803 47
2697 47
5104 47
2529 47
4992 47
5094 47
5861 47
2547 47
4653 47
2203 47
2501 47
1736 47
2259 47
3561 47
5570 47
4895 47
1075 47
1531 47
1406 47
1938 47
3637 47
842 47
5169 47
2456 47
546 47
4189 47
2181 47
5518 47
2443 47
120 47
2826 47
2943 47
2305 47
937 47
3711 47
276 47
629 47
2379 47
3045 47
4073 47
5601 47
3328 47
4848 47
1437 47
4196 47
832 47
3699 48
3968 48
5502 48
1643 48
2036 48
3098 48
2533 48
4603 48
5971 48
781 48
1582 48
4199 48
5214 48
1593 48
5613 48
5511 48
2312 48
1622 48
4497 48
2522 48
650 48
5003 48
3116 48
4138 48
752 48
3592 48
4378 48
317 48
693 48
4494 48
3244 48
123 48
3648 48
218 48
4432 48
6053 48
4789 48
2317 48
4986 48
1027 48
2375 48
3682 48
2222 48
2998 48
4611 48
6018 48
3739 48
3270 48
3207 48
5340 48
3630 48
1861 48
2818 48
4636 48
4491 48
2713 48
6096 48
3886 48
913 48
1485 48
1247 48
5693 49
1524 49
1963 49
4228 49
2567 49
1710 49
4796 49
383 49
3967 49
3834 49
5777 49
3668 49
1868 49
2873 49
2970 49
4981 49
1178 49
2593 49
5047 49
946 49
4324 49
966 49
2721 49
4329 49
5620 49
3403 49
1625 49
2680 49
5146 49
3522 49
5747 49
4722 49
4307 49
2816 49
1659 49
5538 49
80 49
3800 49
5076 49
1964 49
5755 49
2635 49
3989 49
3753 49
5005 49
6079 49
826 49
1692 49
434 49
5616 49
3912 49
938 49
4370 49
503 49
1442 49
2384 49
3096 49
5575 49
355 49
2774 49
506 49
2714 50
4762 50
4167 50
3196 50
2661 50
2224 50
37 50
2193 50
1583 50
1444 50
5149 50
105 50
3587 50
1276 50
3953 50
727 50
300 50
539 50
3474 50
3761 50
4570 50
686 50
1430 50
978 50
5204 50
2961 50
1129 50
5469 50
3896 50
1986 50
4328 50
3679 50
4873 50
4434 50
3514 50
890 50
4954 50
1145 50
4623 50
4104 50
4023 50
3211 50
1742 50
538 50
5685 50
5606 50
5043 50
4334 50
3134 50
2759 50
704 50
153 50
3955 50
353 50
5483 50
2761 50
775 50
4154 50
5162 50
1078 50
4790 50
4359 51
700 51
2493 51
82 51
3013 51
3439 51
4590 51
4029 51
4711 51
726 51
4568 51
6061 51
4472 51
1749 51
209 51
363 51
2693 51
5629 51
1811 51
5215 51
5492 51
5474 51
1323 51
3817 51
1304 51
2748 51
5858 51
3622 51
3584 51
1288 51
5803 51
989 51
1590 51
4298 51
708 51
2155 51
858 51
2682 51
6086 51
309 51
806 51
430 51
5357 51
3441 51
3510 51
1863 51
2163 51
5207 51
1454 51
3671 51
3414 51
4010 51
4951 51
3086 51
667 51
1946 51
460 51
2082 51
6034 51
4743 51
5086 51
3461 52
4096 52
1565 52
5935 52
5946 52
116 52
3085 52
1677 52
4948 52
3934 52
587 52
5242 52
5973 52
4479 52
3333 52
469 52
2031 52
5827 52
5080 52
4388 52
3340 52
5065 52
5309 52
2472 52
4241 52
5407 52
4068 52
5053 52
3507 52
675 52
4538 52
2296 52
4323 52
4892 52
931 52
4806 52
663 52
3776 52
1157 52
1936 52
4987 52
3811 52
1267 52
2014 52
5073 52
1690 52
5710 52
3304 52
405 52
5652 52
5720 52
4755 52
3176 52
3238 52
1640 52
3872 52
5243 52
5807 52
5793 52
1286 52
5001 52
4400 53
3167 53
2438 53
4613 53
3237 53
5677 53
4716 53
2041 53
420 53
5548 53
3346 53
3295 53
4996 53
66 53
2600 53
3540 53
1462 53
908 53
312 53
897 53
1112 53
2022 53
3108 53
1743 53
5081 53
4917 53
124 53
3663 53
895 53
3025 53
1846 53
5399 53
3015 53
1595 53
4256 53
1377 53
2704 53
1792 53
4810 53
590 53
3213 53
2577 53
5519 53
4769 53
4994 53
4719 53
270 53
1587 53
5253 53
2045 53
2546 53
463 53
1627 53
343 53
3856 53
4015 53
1996 53
3547 53
4881 53
360 53
4970 53
1780 54
1100 54
5681 54
54 54
4409 54
4250 54
4736 54
19 54
1458 54
5347 54
252 54
5170 54
2596 54
1012 54
602 54
3305 54
2670 54
2324 54
4253 54
5376 54
5250 54
3194 54
3022 54
3159 54
5304 54
3006 54
2277 54
2636 54
5467 54
3926 54
959 54
2542 54
1168 54
5812 54
2396 54
4081 54
2468 54
2927 54
1586 54
3155 54
1518 54
3210 54
509 54
4202 54
6035 54
92 54
3118 54
1492 54
7 54
1539 54
2896 54
2429 54
5766 54
2548 54
557 54
2729 54
707 54
5038 54
3720 54
2891 54
532 54
178 55
5218 55
2201 55
1992 55
4786 55
5020 55
812 55
1995 55
1466 55
1533 55
1642 55
3614 55
2198 55
1998 55
3684 55
4337 55
5173 55
1289 55
4816 55
2094 55
1639 55
4558 55
1633 55
1007 55
2808 55
3832 55
4704 55
2757 55
2001 55
1882 55
280 55
3177 55
843 55
4209 55
5249 55
216 55
1098 55
1137 55
2944 55
2604 55
5389 55
4556 55
3567 55
1360 55
293 55
2023 55
2080 55
344 55
4492 55
4537 55
5433 55
3678 55
905 55
4646 55
977 55
5 55
1621 55
4217 55
2997 55
4438 55
2021 55
371 56
3162 56
3132 56
3836 56
2416 56
257 56
1983 56
3890 56
3419 56
5871 56
1764 56
2603 56
4652 56
1235 56
4111 56
1876 56
1035 56
4480 56
5154 56
2156 56
240 56
200 56
3529 56
969 56
471 56
1915 56
1457 56
5885 56
4285 56
2212 56
5866 56
1953 56
1395 56
2150 56
5612 56
980 56
5756 56
3724 56
3011 56
642 56
42 56
2273 56
2803 56
3787 56
5387 56
4535 56
4060 56
3760 56
1855 56
3985 56
1471 56
2917 56
795 56
386 56
1968 56
2380 56
3056 56
5984 56
4882 56
866 56
254 56
1559 57
1167 57
1914 57
3370 57
2691 57
5736 57
2333 57
5581 57
2461 57
3714 57
3833 57
1074 57
5271 57
3656 57
4794 57
4993 57
3599 57
4421 57
3780 57
5582 57
2751 57
6016 57
566 57
3657 57
6020 57
205 57
2319 57
2662 57
4926 57
6004 57
1759 57
659 57
3465 57
4225 57
1017 57
2250 57
3307 57
4768 57
1118 57
1499 57
1266 57
4239 57
4548 57
588 57
5562 57
4094 57
2388 57
4894 57
1606 57
1300 57
3577 57
4962 57
3367 57
733 57
323 57
1131 57
4014 57
571 57
3476 57
3212 57
4889 57
4630 58
3690 58
778 58
4779 58
4449 58
4037 58
4707 58
5408 58
1315 58
3107 58
2676 58
4468 58
1927 58
1722 58
2990 58
3284 58
4004 58
4191 58
3695 58
4460 58
4730 58
1059 58
1930 58
5175 58
3820 58
4099 58
2742 58
5385 58
4065 58
3562 58
2215 58
2523 58
4471 58
5166 58
943 58
3546 58
3192 58
3821 58
5083 58
109 58
3576 58
2103 58
3797 58
737 58
3939 58
6099 58
21 58
591 58
2063 58
4569 58
2880 58
1460 58
1174 58
2016 58
5350 58
5534 58
2553 58
5120 58
3660 58
1373 58
3798 58
916 59
4831 59
2161 59
27 59
5967 59
5831 59
4752 59
3867 59
4315 59
692 59
2582 59
3055 59
5571 59
3239 59
4158 59
5291 59
741 59
2489 59
176 59
816 59
3659 59
5336 59
2700 59
4071 59
277 59
562 59
2481 59
5726 59
4236 59
5472 59
3359 59
119 59
4304 59
504 59
658 59
3026 59
4726 59
2475 59
3201 59
5634 59
5560 59
1133 59
3217 59
1353 59
5328 59
1237 59
4006 59
3180 59
605 59
5312 59
5075 59
4194 59
6092 59
1630 59
2488 59
1773 59
425 59
1256 59
2024 59
5960 59
713 59
1268 60
5268 60
592 60
148 60
2510 60
5702 60
5011 60
3037 60
1034 60
5088 60
5155 60
2043 60
4761 60
4519 60
4047 60
1939 60
4077 60
2271 60
2841 60
2747 60
3193 60
771 60
2812 60
2444 60
3727 60
2554 60
2824 60
2460 60
1825 60
3324 60
2446 60
5845 60
2415 60
1173 60
141 60
872 60
5843 60
626 60
4273 60
850 60
3406 60
635 60
4489 60
3115 60
5991 60
1476 60
1226 60
5478 60
891 60
1874 60
118 60
149 60
5849 60
4390 60
3353 60
2602 60
848 60
3975 60
846 60
4168 60
476 60
2251 61
537 61
3256 61
4612 61
3880 61
5790 61
3321 61
3380 61
1278 61
5394 61
3100 61
4899 61
273 61
1854 61
3369 61
4288 61
875 61
285 61
1910 61
4327 61
3747 61
2066 61
3550 61
2788 61
5784 61
2765 61
1154 61
3521 61
5042 61
1328 61
2255 61
3164 61
4234 61
909 61
3485 61
3940 61
5872 61
3963 61
2046 61
1412 61
258 61
326 61
369 61
3649 61
4175 61
2885 61
4383 61
1208 61
809 61
740 61
2798 61
400 61
230 61
2411 61
5794 61
1363 61
4835 61
1186 61
1253 61
2072 61
5945 61
5721 62
3036 62
2207 62
2450 62
2194 62
5307 62
1417 62
1330 62
5828 62
2784 62
5072 62
2512 62
2746 62
2833 62
2304 62
3543 62
1745 62
4379 62
1860 62
625 62
1025 62
2354 62
2606 62
1799 62
2910 62
1944 62
4961 62
4953 62
1332 62
5390 62
1638 62
4633 62
4905 62
3816 62
3456 62
3188 62
2526 62
1875 62
3083 62
723 62
950 62
2749 62
2517 62
3076 62
5841 62
3209 62
2318 62
4446 62
523 62
4035 62
3150 62
5637 62
900 62
4990 62
613 62
387 62
5964 62
597 62
1973 62
788 62
601 62
5528 63
475 63
3437 63
3853 63
2760 63
6019 63
6032 63
2038 63
3390 63
5211 63
2745 63
4557 63
2954 63
3602 63
5926 63
4512 63
219 63
1695 63
4732 63
2672 63
1322 63
2829 63
595 63
3020 63
1820 63
5909 63
493 63
5329 63
2883 63
5978 63
5901 63
684 63
1356 63
5628 63
3154 63
5298 63
4348 63
4206 63
2309 63
736 63
4406 63
4847 63
5563 63
4219 63
2 63
630 63
926 63
5032 63
1314 63
561 63
289 63
1005 63
3740 63
1549 63
2777 63
5463 63
5286 63
883 63
5251 63
3765 63
1871 63
3373 64
5579 64
2387 64
645 64
3959 64
5264 64
2054 64
5468 64
1909 64
328 64
4883 64
2245 64
3386 64
4129 64
2584 64
1550 64
2363 64
3793 64
2092 64
4067 64
403 64
334 64
2081 64
4949 64
2060 64
1197 64
4853 64
4481 64
2033 64
819 64
4184 64
2581 64
96 64
4607 64
1652 64
2916 64
758 64
237 64
2557 64
177 64
1084 64
4758 64
1227 64
787 64
1888 64
6048 64
3502 64
3759 64
3186 64
5574 64
3927 64
5456 64
6031 64
4341 64
3121 64
5117 64
2123 64
3016 64
1857 64
5059 64
4377 64
3005 65
1355 65
1249 65
4216 65
2278 65
4382 65
639 65
95 65
94 65
3142 65
5717 65
4033 65
2290 65
1480 65
5067 65
1400 65
4403 65
5737 65
4801 65
3082 65
5995 65
5040 65
3424 65
4833 65
5607 65
4418 65
5578 65
5221 65
5471 65
374 65
2144 65
4493 65
4499 65
2315 65
378 65
2842 65
4533 65
5415 65
3990 65
904 65
2231 65
2605 65
5027 65
1408 65
5147 65
5508 65
1072 65
3258 65
1329 65
1905 65
5887 65
3865 65
1972 65
3007 65
3700 65
709 65
5741 65
339 65
2055 65
5417 65
5219 65
3517 66
4765 66
4392 66
3215 66
1382 66
5503 66
998 66
1436 66
4720 66
594 66
3568 66
558 66
3310 66
485 66
1497 66
281 66
2401 66
4872 66
3506 66
5844 66
2709 66
3772 66
6078 66
3532 66
3160 66
881 66
1987 66
4180 66
5238 66
4385 66
5974 66
8 66
2561 66
1831 66
2974 66
5982 66
5180 66
2069 66
4223 66
1525 66
5226 66
4757 66
1731 66
4629 66
5922 66
2353 66
3513 66
4674 66
5306 66
2106 66
3069 66
5029 66
5108 66
5116 66
4474 66
5280 66
2618 66
3034 66
3361 66
5183 66
1577 66
3969 67
2465 67
3603 67
5436 67
1501 67
1352 67
4830 67
1615 67
4571 67
2074 67
2941 67
508 67
677 67
2724 67
5192 67
4526 67
4775 67
4218 67
5880 67
5366 67
2414 67
1977 67
5153 67
1697 67
3593 67
127 67
5443 67
2013 67
4205 67
5191 67
5699 67
456 67
3770 67
5523 67
3639 67
5545 67
4683 67
2214 67
5127 67
3501 67
5617 67
402 67
3308 67
1520 67
2097 67
2266 67
2039 67
4516 67
2141 67
5809 67
4444 67
1204 67
5865 67
211 67
5671 67
5039 67
1916 67
2410 67
2404 67
955 67
2894 67
2252 68
4009 68
3475 68
23 68
2405 68
4541 68
5679 68
5208 68
5706 68
4267 68
3326 68
2418 68
3728 68
5512 68
5907 68
2395 68
963 68
3438 68
3477 68
3302 68
4132 68
2711 68
3791 68
5184 68
4473 68
2708 68
1254 68
3768 68
4550 68
370 68
2946 68
4137 68
731 68
1450 68
4146 68
4997 68
2791 68
3573 68
694 68
2083 68
1096 68
995 68
5854 68
5749 68
3691 68
1205 68
5850 68
2079 68
1807 68
5540 68
2868 68
1397 68
1750 68
486 68
5913 68
564 68
1961 68
44 68
5549 68
1801 68
196 68
4399 69
494 69
291 69
3127 69
3029 69
5148 69
2769 69
722 69
2220 69
5829 69
1822 69
1041 69
4074 69
3607 69
1021 69
5517 69
898 69
5510 69
2256 69
6104 69
2100 69
1169 69
1585 69
4485 69
4092 69
1687 69
253 69
5500 69
81 69
4183 69
4608 69
1732 69
649 69
1808 69
3277 69
1022 69
3664 69
446 69
5776 69
2339 69
3457 69
4140 69
2857 69
2358 69
3566 69
5465 69
1470 69
5004 69
4384 69
2289 69
2814 69
5911 69
2947 69
3182 69
2413 69
1056 69
780 69
3757 69
1176 69
3245 69
390 69
3591 70
3027 70
381 70
5659 70
2856 70
5801 70
1489 70
287 70
4955 70
3794 70
2905 70
457 70
282 70
2308 70
4514 70
4602 70
2950 70
5646 70
1569 70
2951 70
5802 70
5403 70
5261 70
4103 70
5470 70
1613 70
3713 70
5087 70
4391 70
2836 70
2124 70
5783 70
2034 70
6090 70
183 70
3563 70
3536 70
6036 70
2562 70
4001 70
3092 70
2650 70
3225 70
1867 70
5819 70
932 70
3232 70
5258 70
669 70
5654 70
1234 70
12 70
62 70
1441 70
443 70
2425 70
5293 70
5498 70
1760 70
2336 70
1313 70
5351 71
1842 71
501 71
3892 71
2530 71
5085 71
3392 71
2806 71
150 71
3287 71
32 71
2534 71
2597 71
5378 71
1797 71
2262 71
648 71
4879 71
2383 71
2879 71
2486 71
5658 71
1365 71
5727 71
4778 71
1046 71
5181 71
5743 71
4783 71
657 71
4661 71
5712 71
4165 71
1591 71
1791 71
706 71
5481 71
5395 71
1670 71
1502 71
637 71
2939 71
5247 71
2242 71
2984 71
724 71
1796 71
5711 71
6039 71
3058 71
1372 71
6007 71
3733 71
3466 71
3458 71
1530 71
511 71
72 71
3899 71
5763 71
979 71
1473 72
3717 72
79 72
3549 72
4904 72
3712 72
3650 72
2491 72
5707 72
2979 72
4088 72
3937 72
4371 72
5160 72
2945 72
1836 72
2712 72
1932 72
2623 72
134 72
4272 72
1229 72
47 72
551 72
5274 72
6102 72
4346 72
5916 72
411 72
2125 72
6024 72
3494 72
4179 72
3805 72
2142 72
4455 72
3113 72
3226 72
917 72
5532 72
75 72
1364 72
4170 72
3130 72
1198 72
2978 72
981 72
5642 72
5400 72
4678 72
4583 72
2627 72
2741 72
2484 72
4425 72
5983 72
1181 72
530 72
4639 72
228 72
217 72
579 73
2535 73
3874 73
2878 73
745 73
604 73
4727 73
3169 73
5220 73
4294 73
1203 73
1484 73
2146 73
4710 73
3594 73
487 73
2575 73
5206 73
5368 73
2516 73
2744 73
5314 73
1183 73
3978 73
4547 73
3795 73
97 73
2373 73
1389 73
514 73
4333 73
2678 73
5089 73
342 73
2839 73
1911 73
424 73
6042 73
4051 73
1956 73
1132 73
2960 73
1901 73
634 73
3620 73
3395 73
641 73
3708 73
2274 73
478 73
4008 73
5923 73
2908 73
5313 73
2913 73
2159 73
2409 73
4999 73
1903 73
1336 73
5260 73
5719 74
3779 74
233 74
5553 74
676 74
262 74
3400 74
5937 74
3862 74
2837 74
4837 74
57 74
4521 74
3378 74
2912 74
6056 74
4031 74
3673 74
5109 74
3489 74
256 74
1653 74
2374 74
6013 74
2376 74
4264 74
1071 74
3516 74
2136 74
1783 74
1085 74
643 74
681 74
1675 74
672 74
1897 74
3040 74
4119 74
1343 74
4108 74
531 74
3881 74
4520 74
5193 74
4478 74
3293 74
5078 74
5337 74
4056 74
2216 74
2591 74
3909 74
576 74
5605 74
5653 74
2326 74
5197 74
2132 74
3074 74
1374 74
3366 74
5413 75
3322 75
488 75
3652 75
1843 75
1287 75
1607 75
5310 75
2152 75
6050 75
5985 75
5611 75
4482 75
70 75
5107 75
5713 75
5458 75
5325 75
5477 75
1014 75
4671 75
5234 75
5301 75
5299 75
1594 75
3493 75
4445 75
4258 75
4210 75
4019 75
4076 75
2965 75
4582 75
4469 75
4213 75
4851 75
4575 75
3526 75
5290 75
3638 75
5024 75
5594 75
5621 75
581 75
5728 75
4408 75
834 75
2360 75
1003 75
2787 75
4923 75
4703 75
3017 75
3721 75
5772 75
2381 75
910 75
4841 75
2230 75
5028 75
4387 75
2027 76
5384 76
5164 76
5788 76
5015 76
4642 76
1004 76
111 76
4812 76
1023 76
1989 76
292 76
2332 76
3048 76
1926 76
5906 76
1401 76
5980 76
6066 76
4626 76
4190 76
1776 76
2101 76
1610 76
3804 76
2402 76
104 76
1148 76
5332 76
352 76
2601 76
5054 76
1563 76
3068 76
5139 76
4686 76
2667 76
394 76
1124 76
2058 76
1612 76
1392 76
2000 76
644 76
2098 76
830 76
4436 76
4372 76
5240 76
1435 76
5709 76
540 76
603 76
5813 76
128 76
2209 76
3527 76
1717 76
1668 76
5863 76
1907 76
4773 77
137 77
2585 77
2692 77
4973 77
1200 77
4431 77
2385 77
6075 77
5505 77
2408 77
2904 77
6062 77
1676 77
688 77
3979 77
4319 77
4886 77
5746 77
193 77
247 77
2922 77
867 77
4591 77
232 77
5734 77
2556 77
1424 77
3922 77
5903 77
1772 77
2935 77
5393 77
942 77
4162 77
4066 77
4495 77
3796 77
4739 77
397 77
3484 77
182 77
1217 77
350 77
5091 77
3920 77
4069 77
4908 77
1147 77
6101 77
5826 77
5497 77
1123 77
621 77
4412 77
3054 77
1126 77
1931 77
2541 77
5821 77
2821 77
776 78
4080 78
2474 78
2874 78
3519 78
5881 78
808 78
4477 78
5942 78
1337 78
2180 78
5302 78
4697 78
5000 78
3725 78
3945 78
5401 78
1706 78
4675 78
4461 78
4725 78
1387 78
3255 78
4632 78
882 78
3306 78
5764 78
4978 78
2853 78
5670 78
982 78
5731 78
2651 78
6073 78
1228 78
2940 78
3640 78
2931 78
4101 78
4871 78
2028 78
4300 78
3445 78
6063 78
6033 78
4054 78
5201 78
1719 78
1346 78
3692 78
600 78
5002 78
2870 78
4969 78
3382 78
2492 78
766 78
1334 78
345 78
2532 78
3459 78
2780 79
5796 79
2599 79
1532 79
5363 79
4440 79
5797 79
863 79
2858 79
4265 79
2089 79
298 79
702 79
2453 79
2285 79
5418 79
4502 79
3615 79
2334 79
5649 79
545 79
5963 79
239 79
763 79
1362 79
4864 79
3586 79
4397 79
3498 79
295 79
2113 79
384 79
4713 79
2177 79
2085 79
4274 79
877 79
2861 79
283 79
4958 79
3281 79
801 79
6047 79
1212 79
65 79
6025 79
1230 79
2514 79
5708 79
2048 79
2228 79
5133 79
2934 79
6017 79
610 79
4640 79
3249 79
2310 79
3644 79
1817 79
4462 79
2257 80
3397 80
2505 80
4164 80
5879 80
1609 80
5449 80
2445 80
2683 80
4936 80
2119 80
3841 80
4207 80
4463 80
139 80
4232 80
4930 80
4587 80
199 80
5660 80
3423 80
4532 80
5259 80
5365 80
1175 80
1943 80
4186 80
5273 80
3680 80
5068 80
1858 80
4542 80
4663 80
1308 80
484 80
2865 80
1073 80
2654 80
4902 80
3099 80
1841 80
448 80
5367 80
4059 80
1700 80
3165 80
2851 80
1482 80
4698 80
616 80
236 80
3697 80
4368 80
3718 80
4336 80
6057 80
5222 80
879 80
3877 80
6006 80
4616 80
3531 81
4721 81
2800 81
5439 81
1080 81
3984 81
3163 81
2062 81
2219 81
5095 81
1045 81
3924 81
4878 81
4110 81
4166 81
5848 81
1611 81
2482 81
2538 81
2268 81
1333 81
5539 81
5770 81
2504 81
2964 81
308 81
3534 81
519 81
361 81
5905 81
556 81
3120 81
3110 81
1368 81
1821 81
1079 81
5645 81
5124 81
1232 81
5278 81
3763 81
3604 81
2574 81
1061 81
3136 81
1881 81
2412 81
5062 81
3613 81
4331 81
3198 81
3426 81
284 81
636 81
1845 81
5112 81
422 81
5445 81
3451 81
210 81
5948 81
5425 82
2003 82
1959 82
1698 82
60 82
5867 82
5320 82
574 82
4124 82
3871 82
3057 82
836 82
4178 82
5128 82
2628 82
3376 82
1316 82
3907 82
1555 82
5379 82
1921 82
3842 82
4668 82
1058 82
5063 82
4523 82
2120 82
2053 82
5779 82
6052 82
927 82
1774 82
2771 82
4500 82
3313 82
2197 82
213 82
2701 82
2790 82
436 82
2690 82
4430 82
2877 82
1727 82
3033 82
4738 82
1508 82
5568 82
1506 82
4682 82
29 82
5970 82
1985 82
5475 82
3758 82
5586 82
4295 82
1446 82
4032 82
3911 82
3608 82
3619 83
5544 83
3956 83
1301 83
4684 83
3512 83
5631 83
3552 83
1386 83
1348 83
5515 83
5007 83
1426 83
1411 83
3303 83
4338 83
103 83
5254 83
792 83
5330 83
4819 83
2442 83
5050 83
354 83
3626 83
4673 83
543 83
1120 83
4365 83
3852 83
1107 83
4208 83
4293 83
2810 83
5927 83
2881 83
1463 83
3316 83
570 83
1993 83
4692 83
793 83
2407 83
1092 83
227 83
4182 83
2449 83
3243 83
2919 83
1567 83
2366 83
490 83
5870 83
567 83
664 83
1139 83
4693 83
1338 83
4161 83
5482 83
1682 83
5491 84
1553 84
1660 84
4896 84
3643 84
4233 84
1361 84
3919 84
5432 84
3917 84
337 84
4890 84
887 84
5742 84
3030 84
1044 84
156 84
3685 84
2590 84
653 84
3024 84
5650 84
5494 84
2325 84
3028 84
999 84
3632 84
3415 84
5404 84
325 84
3893 84
2343 84
5875 84
1656 84
1161 84
4366 84
569 84
3983 84
2848 84
4919 84
2369 84
4433 84
2169 84
3628 84
3803 84
1375 84
2151 84
5157 84
1066 84
3809 84
4815 84
5716 84
3541 84
619 84
1407 84
4524 84
3429 84
4201 84
3240 84
4317 84
2359 84
1116 85
3636 85
2345 85
4093 85
391 85
5912 85
1158 85
4751 85
4770 85
3840 85
1347 85
521 85
876 85
372 85
2958 85
555 85
1667 85
2902 85
3764 85
1038 85
3043 85
2049 85
2235 85
4809 85
3220 85
4763 85
3723 85
3487 85
4221 85
3810 85
4756 85
2695 85
5289 85
517 85
5632 85
5782 85
477 85
5869 85
3569 85
5056 85
4688 85
3734 85
5855 85
4443 85
5008 85
1892 85
1164 85
3138 85
3422 85
972 85
5421 85
3838 85
5025 85
1763 85
1009 85
2563 85
5680 85
1645 85
3894 85
3416 85
3916 85
5342 86
1962 86
3545 86
1711 86
3021 86
896 86
3094 86
2750 86
3667 86
1279 86
1403 86
5992 86
5697 86
3737 86
3236 86
2286 86
761 86
3814 86
1324 86
4715 86
2117 86
3844 86
2938 86
1051 86
802 86
1082 86
43 86
4691 86
1751 86
939 86
3204 86
5504 86
6098 86
3253 86
5489 86
3887 86
5513 86
3503 86
5022 86
1335 86
1648 86
2355 86
69 86
4893 86
25 86
796 86
2571 86
4192 86
1787 86
327 86
3774 86
4505 86
656 86
3050 86
4181 86
4375 86
632 86
1600 86
3436 86
5572 86
3088 86
1904 87
4680 87
4708 87
5663 87
1172 87
3344 87
5787 87
3145 87
5092 87
5825 87
2631 87
5364 87
1859 87
6000 87
2611 87
331 87
2223 87
547 87
1225 87
1141 87
5588 87
1121 87
4606 87
1196 87
4271 87
2980 87
2617 87
3870 87
4857 87
4529 87
5079 87
1558 87
114 87
3297 87
589 87
1101 87
4325 87
4122 87
2707 87
1011 87
4744 87
3807 87
2576 87
3265 87
6029 87
3064 87
4967 87
3125 87
4246 87
1947 87
5244 87
2267 87
767 87
5615 87
2524 87
4361 87
4771 87
798 87
1709 87
1194 87
865 87
5186 88
817 88
2566 88
4594 88
4622 88
4797 88
3276 88
4451 88
260 88
4604 88
2110 88
4452 88
957 88
348 88
695 88
2568 88
1111 88
1162 88
5248 88
2786 88
365 88
860 88
2518 88
5046 88
278 88
3452 88
5687 88
4631 88
3661 88
3001 88
565 88
4782 88
3299 88
2261 88
703 88
2432 88
6083 88
115 88
5100 88
2783 88
3525 88
5928 88
2426 88
191 88
4280 88
1252 88
3442 88
67 88
1663 88
3362 88
3041 88
161 88
1737 88
3609 88
4290 88
5097 88
4152 88
5129 88
3031 88
3012 88
1896 88
2629 89
1614 89
3612 89
6077 89
611 89
2967 89
1165 89
1958 89
2531 89
1521 89
5894 89
3875 89
55 89
5426 89
1294 89
1694 89
5795 89
269 89
206 89
714 89
225 89
864 89
4254 89
5422 89
5724 89
3084 89
2011 89
2007 89
245 89
857 89
5625 89
5622 89
5353 89
4572 89
2205 89
3557 89
6003 89
3157 89
5556 89
4625 89
4723 89
2643 89
185 89
1271 89
3677 89
4817 89
2886 89
4826 89
2299 89
4169 89
3511 89
4884 89
3869 89
1889 89
2076 89
4709 89
5093 89
1309 89
401 89
4302 89
3701 89
251 90
1019 90
4694 90
169 90
3123 90
3997 90
1163 90
4401 90
2999 90
3859 90
4669 90
4858 90
6097 90
4925 90
855 90
3977 90
2613 90
4696 90
4991 90
1070 90
1087 90
389 90
1556 90
1809 90
302 90
1354 90
1248 90
5493 90
4064 90
3464 90
1427 90
171 90
2499 90
2549 90
5690 90
5590 90
1980 90
197 90
4827 90
682 90
973 90
4515 90
1746 90
5398 90
71 90
2368 90
1523 90
5049 90
2386 90
2867 90
5090 90
5695 90
4964 90
74 90
198 90
5035 90
2598 90
5818 90
2337 90
1626 90
5113 90
3556 91
1761 91
2225 91
4251 91
3518 91
192 91
4724 91
1153 91
4441 91
5698 91
1258 91
2734 91
3172 91
1474 91
2428 91
4597 91
396 91
983 91
340 91
2244 91
2796 91
1542 91
4147 91
2272 91
1443 91
3949 91
4793 91
4163 91
1345 91
2726 91
4600 91
2352 91
5722 91
4287 91
5480 91
330 91
2986 91
2589 91
4501 91
5998 91
4859 91
2847 91
786 91
4262 91
4278 91
5098 91
1818 91
4918 91
3229 91
122 91
5064 91
241 91
3601 91
5440 91
1597 91
1810 91
1766 91
1445 91
837 91
5569 91
76 91
674 92
3478 92
357 92
1192 92
4405 92
3863 92
3574 92
3230 92
5531 92
307 92
4098 92
3329 92
2989 92
2699 92
5145 92
647 92
3168 92
3296 92
5006 92
4869 92
4226 92
5402 92
2264 92
4282 92
4011 92
5466 92
1091 92
5823 92
1744 92
3857 92
1187 92
5859 92
2660 92
5924 92
2070 92
2859 92
3815 92
2322 92
5939 92
1150 92
3554 92
1632 92
1771 92
1516 92
6011 92
3860 92
5934 92
1919 92
5161 92
5316 92
5457 92
652 92
5374 92
1293 92
654 92
4424 92
3910 92
5824 92
1960 92
5516 92
2167 92
1371 93
3117 93
320 93
5424 93
3588 93
304 93
432 93
4586 93
3104 93
3641 93
1900 93
2247 93
1490 93
11 93
4237 93
2056 93
3670 93
4945 93
4105 93
5891 93
2218 93
5956 93
5524 93
288 93
3730 93
2351 93
945 93
5391 93
1260 93
4415 93
2981 93
5661 93
1918 93
2831 93
140 93
495 93
2202 93
4061 93
2269 93
4118 93
5595 93
5434 93
691 93
46 93
1580 93
2580 93
1125 93
4634 93
5473 93
512 93
449 93
2637 93
2882 93
1191 93
1551 93
782 93
2459 93
5277 93
3849 93
4647 93
1543 93
1451 94
697 94
3861 94
2656 94
4407 94
1651 94
4998 94
3572 94
2551 94
1142 94
1865 94
5714 94
5406 94
1949 94
4995 94
1001 94
961 94
3961 94
3311 94
303 94
1767 94
4127 94
1390 94
3784 94
3933 94
4974 94
99 94
2398 94
3147 94
4172 94
2901 94
5930 94
108 94
1105 94
2801 94
5665 94
4842 94
1431 94
3773 94
5856 94
144 94
1969 94
5522 94
2084 94
2579 94
4849 94
3923 94
3696 94
311 94
1043 94
4971 94
6100 94
2968 94
940 94
2725 94
3336 94
4013 94
4507 94
464 94
5610 94
2012 94
1716 95
3472 95
480 95
783 95
3137 95
1923 95
417 95
4799 95
1170 95
1195 95
4530 95
2862 95
5630 95
5638 95
4426 95
699 95
3181 95
164 95
2625 95
2211 95
2988 95
5526 95
1879 95
1548 95
1765 95
4617 95
4376 95
17 95
2075 95
4142 95
3404 95
1547 95
2298 95
5228 95
4874 95
633 95
1149 95
3970 95
2090 95
5666 95
4310 95
5754 95
5308 95
368 95
5282 95
666 95
4546 95
5735 95
1827 95
1856 95
1429 95
1669 95
2357 95
2311 95
2972 95
747 95
754 95
4188 95
1193 95
3651 95
3878 95
1970 96
4176 96
996 96
4185 96
5018 96
2815 96
2992 96
5202 96
719 96
5655 96
3407 96
2639 96
5842 96
3583 96
2775 96
1770 96
2663 96
5676 96
2471 96
5561 96
1358 96
1714 96
4852 96
814 96
4486 96
3444 96
4128 96
744 96
2238 96
505 96
2487 96
3090 96
6103 96
2331 96
1461 96
2303 96
6081 96
2086 96
1619 96
4367 96
889 96
5335 96
2515 96
1477 96
3486 96
3646 96
3746 96
1800 96
5262 96
1459 96
2316 96
4419 96
1753 96
5252 96
911 96
2431 96
4645 96
5748 96
259 96
3374 96
2592 96
4584 97
451 97
224 97
631 97
811 97
1785 97
3944 97
13 97
5300 97
5499 97
2254 97
5917 97
1527 97
922 97
1546 97
385 97
1637 97
2270 97
4733 97
3364 97
324 97
2246 97
2067 97
458 97
2030 97
4592 97
78 97
1127 97
623 97
5573 97
454 97
5886 97
4062 97
2327 97
1109 97
5194 97
24 97
356 97
4654 97
2037 97
1862 97
3046 97
2719 97
2226 97
3981 97
856 97
481 97
4947 97
3951 97
4554 97
5814 97
1223 97
606 97
4627 97
2347 97
3954 97
743 97
3412 97
2671 97
2735 97
2619 97
4577 98
2624 98
1510 98
4002 98
4921 98
4156 98
5674 98
2966 98
5270 98
1566 98
1312 98
839 98
332 98
3736 98
3133 98
2813 98
4581 98
952 98
4938 98
4490 98
4749 98
1557 98
3929 98
3428 98
3219 98
1344 98
2887 98
5256 98
6002 98
563 98
3508 98
4330 98
3509 98
1440 98
1696 98
5099 98
901 98
3996 98
1793 98
3716 98
2145 98
5669 98
261 98
2688 98
5555 98
4245 98
5675 98
5185 98
3635 98
3251 98
3986 98
2059 98
4595 98
5543 98
214 98
4305 98
64 98
4984 98
4972 98
4090 98
3260 98
3071 99
4313 99
1997 99
162 99
5815 99
1093 99
145 99
1040 99
2497 99
5077 99
1991 99
956 99
3140 99
4144 99
5847 99
1950 99
4394 99
3738 99
820 99
580 99
266 99
4565 99
5902 99
5851 99
5383 99
2417 99
5319 99
2694 99
884 99
3731 99
4839 99
5034 99
3272 99
1898 99
5583 99
4345 99
4585 99
553 99
212 99
1495 99
1013 99
341 99
2099 99
5030 99
1245 99
2248 99
1505 99
5163 99
2740 99
2087 99
1540 99
1272 99
5542 99
2462 99
1405 99
2361 99
1601 99
680 99
2121 99
2200 99
1636 99
419 100
4476 100
5102 100
3059 100
968 100
3014 100
1097 100
4017 100
459 100
4545 100
5231 100
5958 100
986 100
3581 100
622 100
3205 100
2595 100
1967 100
121 100
130 100
4580 100
4813 100
2440 100
3767 100
2854 100
5950 100
1438 100
4555 100
4753 100
4145 100
5989 100
3463 100
791 100
3915 100
2171 100
2015 100
3252 100
4143 100
399 100
3876 100
853 100
2949 100
849 100
4754 100
3891 100
3873 100
4453 100
3590 100
4814 100
3788 100
899 100
2982 100
1090 100
1102 100
6094 100
1420 100
4063 100
4643 100
5212 100
2649 100
679 100
2703 100
5603 100
1349 100
